"GEO_ID","NAME","S1903_C01_001E","S1903_C01_001M","S1903_C01_002E","S1903_C01_002M","S1903_C01_003E","S1903_C01_003M","S1903_C01_004E","S1903_C01_004M","S1903_C01_005E","S1903_C01_005M","S1903_C01_006E","S1903_C01_006M","S1903_C01_007E","S1903_C01_007M","S1903_C01_008E","S1903_C01_008M","S1903_C01_009E","S1903_C01_009M","S1903_C01_010E","S1903_C01_010M","S1903_C01_011E","S1903_C01_011M","S1903_C01_012E","S1903_C01_012M","S1903_C01_013E","S1903_C01_013M","S1903_C01_014E","S1903_C01_014M","S1903_C01_015E","S1903_C01_015M","S1903_C01_016E","S1903_C01_016M","S1903_C01_017E","S1903_C01_017M","S1903_C01_018E","S1903_C01_018M","S1903_C01_019E","S1903_C01_019M","S1903_C01_020E","S1903_C01_020M","S1903_C01_021E","S1903_C01_021M","S1903_C01_022E","S1903_C01_022M","S1903_C01_023E","S1903_C01_023M","S1903_C01_024E","S1903_C01_024M","S1903_C01_025E","S1903_C01_025M","S1903_C01_026E","S1903_C01_026M","S1903_C01_027E","S1903_C01_027M","S1903_C01_028E","S1903_C01_028M","S1903_C01_029E","S1903_C01_029M","S1903_C01_030E","S1903_C01_030M","S1903_C02_001E","S1903_C02_001M","S1903_C02_002E","S1903_C02_002M","S1903_C02_003E","S1903_C02_003M","S1903_C02_004E","S1903_C02_004M","S1903_C02_005E","S1903_C02_005M","S1903_C02_006E","S1903_C02_006M","S1903_C02_007E","S1903_C02_007M","S1903_C02_008E","S1903_C02_008M","S1903_C02_009E","S1903_C02_009M","S1903_C02_010E","S1903_C02_010M","S1903_C02_011E","S1903_C02_011M","S1903_C02_012E","S1903_C02_012M","S1903_C02_013E","S1903_C02_013M","S1903_C02_014E","S1903_C02_014M","S1903_C02_015E","S1903_C02_015M","S1903_C02_016E","S1903_C02_016M","S1903_C02_017E","S1903_C02_017M","S1903_C02_018E","S1903_C02_018M","S1903_C02_019E","S1903_C02_019M","S1903_C02_020E","S1903_C02_020M","S1903_C02_021E","S1903_C02_021M","S1903_C02_022E","S1903_C02_022M","S1903_C02_023E","S1903_C02_023M","S1903_C02_024E","S1903_C02_024M","S1903_C02_025E","S1903_C02_025M","S1903_C02_026E","S1903_C02_026M","S1903_C02_027E","S1903_C02_027M","S1903_C02_028E","S1903_C02_028M","S1903_C02_029E","S1903_C02_029M","S1903_C02_030E","S1903_C02_030M"
"id","Geographic Area Name","Total!!Estimate!!Households","Total!!Margin of Error!!Households","Total!!Estimate!!Households!!One race!!White","Total!!Margin of Error!!Households!!One race!!White","Total!!Estimate!!Households!!One race!!Black or African American","Total!!Margin of Error!!Households!!One race!!Black or African American","Total!!Estimate!!Households!!One race!!American Indian and Alaska Native","Total!!Margin of Error!!Households!!One race!!American Indian and Alaska Native","Total!!Estimate!!Households!!One race!!Asian","Total!!Margin of Error!!Households!!One race!!Asian","Total!!Estimate!!Households!!One race!!Native Hawaiian and Other Pacific Islander","Total!!Margin of Error!!Households!!One race!!Native Hawaiian and Other Pacific Islander","Total!!Estimate!!Households!!One race!!Some other race","Total!!Margin of Error!!Households!!One race!!Some other race","Total!!Estimate!!Households!!Two or more races","Total!!Margin of Error!!Households!!Two or more races","Total!!Estimate!!Hispanic or Latino origin (of any race)","Total!!Margin of Error!!Hispanic or Latino origin (of any race)","Total!!Estimate!!White alone, not Hispanic or Latino","Total!!Margin of Error!!White alone, not Hispanic or Latino","Total!!Estimate!!HOUSEHOLD INCOME BY AGE OF HOUSEHOLDER!!15 to 24 years","Total!!Margin of Error!!HOUSEHOLD INCOME BY AGE OF HOUSEHOLDER!!15 to 24 years","Total!!Estimate!!HOUSEHOLD INCOME BY AGE OF HOUSEHOLDER!!25 to 44 years","Total!!Margin of Error!!HOUSEHOLD INCOME BY AGE OF HOUSEHOLDER!!25 to 44 years","Total!!Estimate!!HOUSEHOLD INCOME BY AGE OF HOUSEHOLDER!!45 to 64 years","Total!!Margin of Error!!HOUSEHOLD INCOME BY AGE OF HOUSEHOLDER!!45 to 64 years","Total!!Estimate!!HOUSEHOLD INCOME BY AGE OF HOUSEHOLDER!!65 years and over","Total!!Margin of Error!!HOUSEHOLD INCOME BY AGE OF HOUSEHOLDER!!65 years and over","Total!!Estimate!!FAMILIES!!Families","Total!!Margin of Error!!FAMILIES!!Families","Total!!Estimate!!FAMILIES!!Families!!With own children under 18 years","Total!!Margin of Error!!FAMILIES!!Families!!With own children under 18 years","Total!!Estimate!!FAMILIES!!Families!!With no own children under 18 years","Total!!Margin of Error!!FAMILIES!!Families!!With no own children under 18 years","Total!!Estimate!!FAMILIES!!Families!!Married-couple families","Total!!Margin of Error!!FAMILIES!!Families!!Married-couple families","Total!!Estimate!!FAMILIES!!Families!!Female householder, no husband present","Total!!Margin of Error!!FAMILIES!!Families!!Female householder, no husband present","Total!!Estimate!!FAMILIES!!Families!!Male householder, no wife present","Total!!Margin of Error!!FAMILIES!!Families!!Male householder, no wife present","Total!!Estimate!!NONFAMILY HOUSEHOLDS!!Nonfamily households","Total!!Margin of Error!!NONFAMILY HOUSEHOLDS!!Nonfamily households","Total!!Estimate!!NONFAMILY HOUSEHOLDS!!Nonfamily households!!Female householder","Total!!Margin of Error!!NONFAMILY HOUSEHOLDS!!Nonfamily households!!Female householder","Total!!Estimate!!NONFAMILY HOUSEHOLDS!!Nonfamily households!!Female householder!!Living alone","Total!!Margin of Error!!NONFAMILY HOUSEHOLDS!!Nonfamily households!!Female householder!!Living alone","Total!!Estimate!!NONFAMILY HOUSEHOLDS!!Nonfamily households!!Female householder!!Not living alone","Total!!Margin of Error!!NONFAMILY HOUSEHOLDS!!Nonfamily households!!Female householder!!Not living alone","Total!!Estimate!!NONFAMILY HOUSEHOLDS!!Nonfamily households!!Male householder","Total!!Margin of Error!!NONFAMILY HOUSEHOLDS!!Nonfamily households!!Male householder","Total!!Estimate!!NONFAMILY HOUSEHOLDS!!Nonfamily households!!Male householder!!Living alone","Total!!Margin of Error!!NONFAMILY HOUSEHOLDS!!Nonfamily households!!Male householder!!Living alone","Total!!Estimate!!NONFAMILY HOUSEHOLDS!!Nonfamily households!!Male householder!!Not living alone","Total!!Margin of Error!!NONFAMILY HOUSEHOLDS!!Nonfamily households!!Male householder!!Not living alone","Total!!Estimate!!PERCENT IMPUTED!!Household income in the past 12 months","Total!!Margin of Error!!PERCENT IMPUTED!!Household income in the past 12 months","Total!!Estimate!!PERCENT IMPUTED!!Family income in the past 12 months","Total!!Margin of Error!!PERCENT IMPUTED!!Family income in the past 12 months","Total!!Estimate!!PERCENT IMPUTED!!Nonfamily income in the past 12 months","Total!!Margin of Error!!PERCENT IMPUTED!!Nonfamily income in the past 12 months","Median income (dollars)!!Estimate!!Households","Median income (dollars)!!Margin of Error!!Households","Median income (dollars)!!Estimate!!Households!!One race!!White","Median income (dollars)!!Margin of Error!!Households!!One race!!White","Median income (dollars)!!Estimate!!Households!!One race!!Black or African American","Median income (dollars)!!Margin of Error!!Households!!One race!!Black or African American","Median income (dollars)!!Estimate!!Households!!One race!!American Indian and Alaska Native","Median income (dollars)!!Margin of Error!!Households!!One race!!American Indian and Alaska Native","Median income (dollars)!!Estimate!!Households!!One race!!Asian","Median income (dollars)!!Margin of Error!!Households!!One race!!Asian","Median income (dollars)!!Estimate!!Households!!One race!!Native Hawaiian and Other Pacific Islander","Median income (dollars)!!Margin of Error!!Households!!One race!!Native Hawaiian and Other Pacific Islander","Median income (dollars)!!Estimate!!Households!!One race!!Some other race","Median income (dollars)!!Margin of Error!!Households!!One race!!Some other race","Median income (dollars)!!Estimate!!Households!!Two or more races","Median income (dollars)!!Margin of Error!!Households!!Two or more races","Median income (dollars)!!Estimate!!Hispanic or Latino origin (of any race)","Median income (dollars)!!Margin of Error!!Hispanic or Latino origin (of any race)","Median income (dollars)!!Estimate!!White alone, not Hispanic or Latino","Median income (dollars)!!Margin of Error!!White alone, not Hispanic or Latino","Median income (dollars)!!Estimate!!HOUSEHOLD INCOME BY AGE OF HOUSEHOLDER!!15 to 24 years","Median income (dollars)!!Margin of Error!!HOUSEHOLD INCOME BY AGE OF HOUSEHOLDER!!15 to 24 years","Median income (dollars)!!Estimate!!HOUSEHOLD INCOME BY AGE OF HOUSEHOLDER!!25 to 44 years","Median income (dollars)!!Margin of Error!!HOUSEHOLD INCOME BY AGE OF HOUSEHOLDER!!25 to 44 years","Median income (dollars)!!Estimate!!HOUSEHOLD INCOME BY AGE OF HOUSEHOLDER!!45 to 64 years","Median income (dollars)!!Margin of Error!!HOUSEHOLD INCOME BY AGE OF HOUSEHOLDER!!45 to 64 years","Median income (dollars)!!Estimate!!HOUSEHOLD INCOME BY AGE OF HOUSEHOLDER!!65 years and over","Median income (dollars)!!Margin of Error!!HOUSEHOLD INCOME BY AGE OF HOUSEHOLDER!!65 years and over","Median income (dollars)!!Estimate!!FAMILIES!!Families","Median income (dollars)!!Margin of Error!!FAMILIES!!Families","Median income (dollars)!!Estimate!!FAMILIES!!Families!!With own children under 18 years","Median income (dollars)!!Margin of Error!!FAMILIES!!Families!!With own children under 18 years","Median income (dollars)!!Estimate!!FAMILIES!!Families!!With no own children under 18 years","Median income (dollars)!!Margin of Error!!FAMILIES!!Families!!With no own children under 18 years","Median income (dollars)!!Estimate!!FAMILIES!!Families!!Married-couple families","Median income (dollars)!!Margin of Error!!FAMILIES!!Families!!Married-couple families","Median income (dollars)!!Estimate!!FAMILIES!!Families!!Female householder, no husband present","Median income (dollars)!!Margin of Error!!FAMILIES!!Families!!Female householder, no husband present","Median income (dollars)!!Estimate!!FAMILIES!!Families!!Male householder, no wife present","Median income (dollars)!!Margin of Error!!FAMILIES!!Families!!Male householder, no wife present","Median income (dollars)!!Estimate!!NONFAMILY HOUSEHOLDS!!Nonfamily households","Median income (dollars)!!Margin of Error!!NONFAMILY HOUSEHOLDS!!Nonfamily households","Median income (dollars)!!Estimate!!NONFAMILY HOUSEHOLDS!!Nonfamily households!!Female householder","Median income (dollars)!!Margin of Error!!NONFAMILY HOUSEHOLDS!!Nonfamily households!!Female householder","Median income (dollars)!!Estimate!!NONFAMILY HOUSEHOLDS!!Nonfamily households!!Female householder!!Living alone","Median income (dollars)!!Margin of Error!!NONFAMILY HOUSEHOLDS!!Nonfamily households!!Female householder!!Living alone","Median income (dollars)!!Estimate!!NONFAMILY HOUSEHOLDS!!Nonfamily households!!Female householder!!Not living alone","Median income (dollars)!!Margin of Error!!NONFAMILY HOUSEHOLDS!!Nonfamily households!!Female householder!!Not living alone","Median income (dollars)!!Estimate!!NONFAMILY HOUSEHOLDS!!Nonfamily households!!Male householder","Median income (dollars)!!Margin of Error!!NONFAMILY HOUSEHOLDS!!Nonfamily households!!Male householder","Median income (dollars)!!Estimate!!NONFAMILY HOUSEHOLDS!!Nonfamily households!!Male householder!!Living alone","Median income (dollars)!!Margin of Error!!NONFAMILY HOUSEHOLDS!!Nonfamily households!!Male householder!!Living alone","Median income (dollars)!!Estimate!!NONFAMILY HOUSEHOLDS!!Nonfamily households!!Male householder!!Not living alone","Median income (dollars)!!Margin of Error!!NONFAMILY HOUSEHOLDS!!Nonfamily households!!Male householder!!Not living alone","Median income (dollars)!!Estimate!!PERCENT IMPUTED!!Household income in the past 12 months","Median income (dollars)!!Margin of Error!!PERCENT IMPUTED!!Household income in the past 12 months","Median income (dollars)!!Estimate!!PERCENT IMPUTED!!Family income in the past 12 months","Median income (dollars)!!Margin of Error!!PERCENT IMPUTED!!Family income in the past 12 months","Median income (dollars)!!Estimate!!PERCENT IMPUTED!!Nonfamily income in the past 12 months","Median income (dollars)!!Margin of Error!!PERCENT IMPUTED!!Nonfamily income in the past 12 months"
"1400000US36005000100","Census Tract 1, Bronx County, New York","0","17","-","**","-","**","-","**","-","**","-","**","-","**","-","**","-","**","-","**","-","**","-","**","-","**","-","**","0","17","-","**","-","**","-","**","-","**","-","**","0","17","-","**","-","**","-","**","-","**","-","**","-","**","-","(X)","-","(X)","-","(X)","-","**","-","**","-","**","-","**","-","**","-","**","-","**","-","**","-","**","-","**","-","**","-","**","-","**","-","**","-","**","-","**","-","**","-","**","-","**","-","**","-","**","-","**","-","**","-","**","-","**","-","**","-","**","(X)","(X)","(X)","(X)","(X)","(X)"
"1400000US36005000200","Census Tract 2, Bronx County, New York","1347","71","27.6","7.1","28.7","7.1","1.3","1.8","5.3","3.4","0.0","2.4","35.6","9.2","1.4","1.6","67.4","7.3","3.3","2.9","2.5","3.0","27.2","7.1","40.5","8.0","29.8","6.5","1091","100","45.6","8.8","54.4","8.8","53.3","10.2","27.5","7.8","19.2","8.6","256","85","62.1","21.8","62.1","21.8","0.0","11.9","37.9","21.8","32.8","20.1","5.1","7.6","36.2","(X)","39.2","(X)","10.2","(X)","69514","16052","60795","47460","86964","11103","-","**","47262","80834","-","**","60817","29316","-","**","62031","16034","28625","54450","-","**","105000","27122","77950","18505","36786","39043","71853","17338","60170","33635","79643","15307","78512","19491","32708","57973","77857","26768","23333","14475","23021","9490","23021","9490","-","**","27788","57625","9457","42201","-","**","(X)","(X)","(X)","(X)","(X)","(X)"
"1400000US36005000400","Census Tract 4, Bronx County, New York","1753","78","24.2","5.7","32.7","5.8","0.0","1.8","1.3","1.4","0.0","1.8","40.3","6.8","1.5","1.2","64.2","6.2","3.1","2.2","2.1","1.9","33.5","6.2","48.7","5.3","15.7","4.6","1422","108","40.3","6.6","59.7","6.6","43.2","9.4","40.2","9.5","16.6","6.8","331","85","45.6","16.1","33.8","13.7","11.8","9.8","54.4","16.1","37.8","15.4","16.6","15.3","33.0","(X)","32.9","(X)","33.2","(X)","73036","11414","58036","32064","76346","12634","-","**","-","**","-","**","76333","16618","101000","86222","62885","11598","18800","36690","18281","85250","75282","30458","85781","22879","36058","10024","65625","13592","50912","15161","85625","23690","112917","27925","51791","10486","68017","8339","53125","39944","35781","37430","21731","48090","52946","30959","64375","50442","62604","73917","110787","110839","(X)","(X)","(X)","(X)","(X)","(X)"
"1400000US36005001600","Census Tract 16, Bronx County, New York","1945","84","27.8","6.8","34.4","6.8","0.0","1.7","0.0","1.7","0.0","1.7","35.7","7.2","2.1","1.8","68.6","5.9","0.9","1.1","1.2","1.8","37.0","6.5","34.7","5.4","27.2","5.9","1283","145","47.9","6.8","52.1","6.8","45.2","9.5","45.3","9.3","9.5","6.7","662","152","69.5","11.9","67.8","11.6","1.7","2.6","30.5","11.9","30.5","11.9","0.0","4.8","33.6","(X)","41.8","(X)","14.7","(X)","30817","4533","33194","16821","29967","8560","-","**","-","**","-","**","30633","9908","27292","31141","30467","4724","21094","34939","-","**","42330","8082","35606","8256","14162","2317","39922","6540","40341","8516","39489","8079","44541","14352","32522","5435","71029","86366","13884","1533","13081","1776","12922","1841","-","**","18864","9627","18864","9627","-","**","(X)","(X)","(X)","(X)","(X)","(X)"
"1400000US36005001900","Census Tract 19, Bronx County, New York","831","67","39.2","10.0","25.5","9.1","0.0","3.8","0.7","1.1","0.0","3.8","32.7","9.9","1.8","1.9","62.9","8.6","15.0","5.8","2.8","2.7","59.7","8.9","28.4","8.0","9.1","5.7","460","73","67.8","12.0","32.2","12.0","40.9","10.7","37.6","12.9","21.5","11.6","371","74","43.9","12.2","32.1","12.3","11.9","6.8","56.1","12.2","47.4","12.3","8.6","5.5","31.3","(X)","33.7","(X)","20.8","(X)","33862","5001","34773","7386","29000","21773","-","**","-","**","-","**","33026","7563","20250","20843","28345","5066","58472","24866","20104","33611","38611","7199","26310","12600","21563","46328","34911","3536","35625","4902","34167","6360","40625","36961","14271","18703","38393","8436","27165","5986","48173","39686","27434","14993","58333","22297","20000","25198","9865","22708","81250","119895","(X)","(X)","(X)","(X)","(X)","(X)"
"1400000US36005002000","Census Tract 20, Bronx County, New York","2980","123","18.1","5.9","43.8","6.0","1.1","1.3","1.9","1.9","0.0","1.1","34.1","6.6","1.0","1.1","60.8","5.8","0.4","0.6","2.4","2.3","28.6","6.1","45.2","6.7","23.9","5.6","2092","200","56.3","10.7","43.7","10.7","18.2","7.3","69.1","8.1","12.7","6.1","888","187","72.6","13.0","68.7","13.2","3.9","4.4","27.4","13.0","27.4","13.0","0.0","3.6","28.3","(X)","28.5","(X)","27.8","(X)","19150","3411","16854","4598","23125","12394","-","**","36389","61336","-","**","17713","7379","-","**","17762","4119","-","**","2,500-","***","21349","9791","27713","11964","11818","4682","21500","7235","21528","13660","21464","7820","49286","60833","18495","3628","30909","20770","15409","3859","15528","2559","15517","3103","-","**","11950","17704","11950","17704","-","**","(X)","(X)","(X)","(X)","(X)","(X)"
"1400000US36005002300","Census Tract 23, Bronx County, New York","1835","82","35.6","7.3","37.4","8.1","1.4","1.3","0.0","1.8","0.0","1.8","23.9","7.6","1.7","1.6","74.4","7.1","1.0","1.1","1.4","1.1","29.4","6.6","38.1","6.7","31.1","6.5","1010","171","59.1","9.1","40.9","9.1","22.2","8.3","69.1","10.7","8.7","7.5","825","163","65.9","12.4","60.5","12.3","5.5","5.8","34.1","12.4","33.0","12.3","1.1","1.7","21.5","(X)","21.7","(X)","18.7","(X)","13902","2195","12926","4154","15641","3258","2,500-","***","-","**","-","**","12750","3991","13897","9225","12874","2552","-","**","12679","19110","16519","3011","19167","9171","10904","2045","18233","5368","15950","6817","20184","6769","20809","13338","17500","7415","11429","9686","11162","2281","10508","2892","9867","1996","21202","5225","11875","3177","11667","3029","-","**","(X)","(X)","(X)","(X)","(X)","(X)"
"1400000US36005002400","Census Tract 24, Bronx County, New York","0","12","-","**","-","**","-","**","-","**","-","**","-","**","-","**","-","**","-","**","-","**","-","**","-","**","-","**","0","12","-","**","-","**","-","**","-","**","-","**","0","12","-","**","-","**","-","**","-","**","-","**","-","**","-","(X)","-","(X)","-","(X)","-","**","-","**","-","**","-","**","-","**","-","**","-","**","-","**","-","**","-","**","-","**","-","**","-","**","-","**","-","**","-","**","-","**","-","**","-","**","-","**","-","**","-","**","-","**","-","**","-","**","-","**","-","**","(X)","(X)","(X)","(X)","(X)","(X)"
"1400000US36005002500","Census Tract 25, Bronx County, New York","1814","83","37.0","7.6","24.4","5.5","0.0","1.8","3.6","3.4","0.0","1.8","30.9","6.7","4.1","3.0","80.1","4.8","1.6","1.6","4.2","3.2","45.2","8.0","34.1","7.2","16.5","5.5","1223","147","70.2","8.9","29.8","8.9","31.9","9.7","56.7","9.7","11.4","5.8","591","132","47.2","12.5","36.5","12.7","10.7","8.8","52.8","12.5","46.9","11.8","5.9","6.0","23.9","(X)","24.4","(X)","22.8","(X)","14628","3512","14177","5561","11626","1713","-","**","22988","3011","-","**","20784","11697","15721","2471","14951","4468","-","**","12450","13579","22277","4154","14290","4608","10339","2537","20465","6686","17394","9156","28250","19199","36149","18057","11344","2126","51484","47659","11281","1506","10154","1768","9485","675","14417","4280","12269","1761","12413","2283","-","**","(X)","(X)","(X)","(X)","(X)","(X)"
"1400000US36005002701","Census Tract 27.01, Bronx County, New York","1059","46","29.1","9.6","45.5","9.2","0.0","3.0","0.0","3.0","0.0","3.0","23.4","7.3","2.0","2.4","62.2","8.5","0.0","3.0","1.1","1.8","40.9","7.8","43.4","9.4","14.5","8.3","835","100","56.0","11.6","44.0","11.6","27.9","9.3","64.2","11.2","7.9","7.2","224","97","38.4","28.9","38.4","28.9","0.0","13.5","61.6","28.9","34.4","15.7","27.2","28.2","32.9","(X)","34.7","(X)","20.5","(X)","26094","6164","32422","22877","25515","12643","-","**","-","**","-","**","18750","19807","-","**","25625","9327","-","**","-","**","28992","4847","22188","18046","24412","10476","29611","2857","25000","11290","48125","12539","34688","12330","26458","18265","46375","31414","12051","5279","22794","5293","22794","5293","-","**","11456","805","12153","3781","-","**","(X)","(X)","(X)","(X)","(X)","(X)"
"1400000US36005002702","Census Tract 27.02, Bronx County, New York","1380","67","31.6","9.4","33.3","8.1","0.5","0.9","0.0","2.3","0.0","2.3","31.4","8.8","3.3","3.7","68.5","8.7","0.7","1.3","3.4","3.2","48.0","7.4","33.5","8.5","15.1","5.5","1077","111","61.5","9.1","38.5","9.1","21.3","10.5","63.5","11.9","15.2","8.1","303","100","52.5","19.5","41.9","20.2","10.6","13.2","47.5","19.5","38.0","18.4","9.6","14.5","24.7","(X)","23.9","(X)","23.8","(X)","19237","4059","18302","7180","17978","9423","-","**","-","**","-","**","22098","13030","-","**","19201","6460","-","**","6938","24034","18990","13915","22054","11783","15641","9137","20505","6426","16556","4850","31763","5052","30720","5086","17869","3997","33542","21824","10820","3427","9123","2658","8526","1538","-","**","12708","8966","11523","2636","-","**","(X)","(X)","(X)","(X)","(X)","(X)"
"1400000US36005002800","Census Tract 28, Bronx County, New York","2340","87","5.8","3.3","73.6","8.9","0.0","1.4","0.0","1.4","0.0","1.4","15.4","7.8","5.3","3.2","26.3","8.8","0.0","1.4","1.0","1.7","34.0","6.4","38.7","5.8","26.2","6.0","1425","164","48.1","6.8","51.9","6.8","40.0","9.2","51.6","9.5","8.4","5.4","915","176","42.3","13.7","34.8","13.3","7.5","7.4","57.7","13.7","48.7","13.9","9.0","9.9","35.9","(X)","36.6","(X)","29.1","(X)","48717","9422","21573","39681","47876","11633","-","**","-","**","-","**","76528","59686","68102","38486","62935","30981","-","**","-","**","50938","7132","62500","23633","25500","16603","56947","11412","55643","17277","58536","19824","69688","32950","53405","9364","35500","7689","34702","6626","40729","6951","37414","9723","68821","45958","29031","9640","25667","16414","-","**","(X)","(X)","(X)","(X)","(X)","(X)"
"1400000US36005003100","Census Tract 31, Bronx County, New York","478","55","29.1","12.9","34.3","11.9","0.0","6.6","0.0","6.6","0.0","6.6","36.2","10.7","0.4","1.3","69.0","9.5","0.4","1.5","5.6","5.1","52.1","9.8","30.3","12.1","11.9","4.4","335","62","57.0","10.4","43.0","10.4","41.2","15.0","41.8","14.4","17.0","10.1","143","59","69.9","18.7","69.9","18.7","0.0","20.2","30.1","18.7","30.1","18.7","0.0","20.2","13.8","(X)","6.3","(X)","31.5","(X)","28047","10820","38173","31649","34688","26808","-","**","-","**","-","**","21719","12439","-","**","26600","10526","-","**","-","**","28393","26194","38173","9395","14896","20987","28750","16062","27917","31383","29643","21373","42353","11210","16000","20537","19536","45896","18750","11710","23929","19866","23929","19866","-","**","16141","6749","16141","6749","-","**","(X)","(X)","(X)","(X)","(X)","(X)"
"1400000US36005003300","Census Tract 33, Bronx County, New York","1156","59","33.9","8.3","39.9","7.5","0.0","2.8","0.0","2.8","0.0","2.8","24.3","7.8","1.9","2.3","68.9","7.1","1.0","1.5","5.5","3.5","40.0","7.1","38.5","7.3","16.0","4.7","950","81","58.2","8.1","41.8","8.1","29.3","8.2","55.6","9.5","15.2","6.3","206","61","63.6","17.1","57.8","18.5","5.8","10.5","36.4","17.1","36.4","17.1","0.0","14.6","27.4","(X)","28.5","(X)","22.3","(X)","20852","2897","25197","6765","16458","5780","-","**","-","**","-","**","22125","8069","-","**","24274","3670","-","**","11667","13280","26484","10263","20825","2586","18221","5423","22072","3316","18789","5756","24523","19162","38611","6688","17950","6683","14091","18549","13409","9739","12614","10038","9967","8974","-","**","23594","24036","23594","24036","-","**","(X)","(X)","(X)","(X)","(X)","(X)"
"1400000US36005003500","Census Tract 35, Bronx County, New York","1289","47","16.4","6.8","35.1","6.1","0.0","2.5","0.0","2.5","0.0","2.5","42.9","7.2","5.6","4.7","68.2","6.9","0.5","0.8","5.0","3.7","32.7","10.2","44.8","9.1","17.5","7.0","899","110","53.9","9.2","46.1","9.2","31.9","10.0","57.8","11.0","10.2","6.5","390","110","50.0","18.7","50.0","18.7","0.0","8.0","50.0","18.7","41.3","18.1","8.7","9.6","30.9","(X)","34.4","(X)","17.4","(X)","24321","8061","55673","20259","20898","11455","-","**","-","**","-","**","22607","9426","15395","16308","28902","8700","-","**","18929","19458","30655","10114","24821","14164","14539","12380","29085","4884","17267","16192","31401","1901","33185","6390","27500","19451","31023","11956","13846","8482","11581","7830","11581","7830","-","**","19821","59940","13688","35984","-","**","(X)","(X)","(X)","(X)","(X)","(X)"
"1400000US36005003700","Census Tract 37, Bronx County, New York","100","54","14.0","20.7","39.0","27.6","0.0","27.2","0.0","27.2","0.0","27.2","47.0","27.8","0.0","27.2","61.0","27.6","0.0","27.2","10.0","13.8","33.0","27.0","57.0","27.5","0.0","27.2","49","40","71.4","41.2","28.6","41.2","71.4","41.2","0.0","42.4","28.6","41.2","51","37","39.2","36.0","39.2","36.0","0.0","41.5","60.8","36.0","60.8","36.0","0.0","41.5","11.0","(X)","0.0","(X)","21.6","(X)","34000","21378","-","**","19750","43235","-","**","-","**","-","**","32917","40799","-","**","34083","28883","-","**","-","**","34583","6566","47841","60819","-","**","47614","22096","38839","23473","-","**","38839","23473","-","**","-","**","9886","35579","7727","5460","7727","5460","-","**","33250","17906","33250","17906","-","**","(X)","(X)","(X)","(X)","(X)","(X)"
"1400000US36005003800","Census Tract 38, Bronx County, New York","397","35","13.4","8.3","42.3","13.3","0.0","7.9","0.0","7.9","0.0","7.9","41.8","14.8","2.5","4.0","54.4","12.8","2.3","2.3","1.0","1.5","23.7","14.3","51.4","16.3","23.9","11.4","331","54","43.5","17.7","56.5","17.7","32.9","16.9","60.7","18.2","6.3","8.0","66","42","81.8","27.9","72.7","29.0","9.1","13.6","18.2","27.9","18.2","27.9","0.0","36.3","38.8","(X)","33.2","(X)","36.4","(X)","36250","32762","31875","17255","21544","31325","-","**","-","**","-","**","62045","38688","-","**","61061","25373","-","**","-","**","16875","13198","57500","43350","47039","56952","56375","37946","56750","72165","47083","37912","99145","24487","17292","8367","-","**","16618","6387","18750","20612","16000","10515","-","**","-","**","-","**","-","**","(X)","(X)","(X)","(X)","(X)","(X)"
"1400000US36005003900","Census Tract 39, Bronx County, New York","1894","145","39.7","8.2","25.6","7.3","0.6","0.9","3.0","3.5","0.0","1.7","31.2","8.2","0.0","1.7","73.9","7.2","2.1","1.2","6.5","5.1","37.3","8.8","35.0","7.9","21.3","4.6","1196","168","55.7","10.6","44.3","10.6","40.0","10.7","47.8","11.2","12.2","6.6","698","157","33.5","14.7","26.9","12.1","6.6","9.8","66.5","14.7","54.0","16.1","12.5","10.4","26.0","(X)","26.2","(X)","23.5","(X)","25513","3979","23427","8559","25878","19531","-","**","-","**","-","**","26705","18708","-","**","24524","2950","74250","3893","30884","17121","35500","8719","25369","5088","12088","5447","26667","12245","32600","16252","25577","12985","36692","14878","24420","13220","23309","3557","15227","8543","9726","7804","9024","1005","-","**","21447","19199","12175","16527","44961","107975","(X)","(X)","(X)","(X)","(X)","(X)"
"1400000US36005004001","Census Tract 40.01, Bronx County, New York","490","54","29.2","10.1","22.4","9.2","0.0","6.4","16.7","6.5","0.0","6.4","22.4","8.9","9.2","7.2","42.9","9.0","15.5","7.3","0.0","6.4","34.9","12.9","39.0","10.2","26.1","10.1","327","55","48.9","12.3","51.1","12.3","54.4","12.7","29.1","13.1","16.5","11.0","163","54","61.3","21.2","61.3","21.2","0.0","18.0","38.7","21.2","28.8","20.0","9.8","11.8","41.8","(X)","43.4","(X)","38.7","(X)","46809","6534","41964","11216","106125","32098","-","**","50781","22867","-","**","45603","12439","35865","34829","45603","11443","45278","15015","-","**","47361","36291","52266","42515","36324","8658","47083","14555","47083","11084","47083","66447","43438","41547","45694","7070","81833","58918","46438","8936","41250","15244","41250","15244","-","**","105063","137459","46705","99533","-","**","(X)","(X)","(X)","(X)","(X)","(X)"
"1400000US36005004100","Census Tract 41, Bronx County, New York","2025","125","28.0","8.1","34.0","6.3","1.8","2.5","0.7","1.1","0.0","1.6","33.6","9.7","1.9","1.7","78.6","5.3","0.3","0.6","1.8","2.4","34.3","6.8","40.3","7.4","23.5","5.5","1425","134","65.4","9.3","34.6","9.3","30.0","10.3","63.2","10.0","6.8","5.5","600","150","63.8","19.2","62.5","19.1","1.3","2.3","36.2","19.2","36.2","19.2","0.0","5.3","31.2","(X)","32.8","(X)","23.5","(X)","18021","2644","15618","2806","12380","3306","-","**","-","**","-","**","24008","9164","47788","43937","18973","4017","-","**","-","**","22719","14637","23588","5133","14085","2393","22446","7104","22557","10058","22019","17433","48629","13858","16189","2998","28125","57591","11894","3860","14177","4125","13933","3973","-","**","8792","5012","8792","5012","-","**","(X)","(X)","(X)","(X)","(X)","(X)"
"1400000US36005004200","Census Tract 42, Bronx County, New York","2702","100","24.6","6.5","47.4","7.1","0.4","0.9","0.7","1.1","0.0","1.2","24.7","6.7","2.2","2.1","54.6","7.0","0.7","1.0","2.7","2.5","25.3","6.3","48.2","6.3","23.8","3.7","1766","213","43.1","12.3","56.9","12.3","19.9","7.6","63.9","9.5","16.2","7.2","936","193","76.3","10.8","69.3","11.8","6.9","6.0","23.7","10.8","20.1","11.1","3.6","4.3","38.9","(X)","40.8","(X)","30.7","(X)","27868","7381","17157","4419","37429","19184","-","**","-","**","-","**","31285","12966","52833","59676","19132","2992","-","**","18393","2215","19631","19611","42900","10866","19464","5940","31917","7788","23300","17725","36159","8119","72000","48312","30639","12667","19929","23120","17000","6487","15769","2204","15094","2275","28466","23216","24276","31999","24271","44195","24286","39230","(X)","(X)","(X)","(X)","(X)","(X)"
"1400000US36005004300","Census Tract 43, Bronx County, New York","1809","101","24.9","6.3","34.0","8.3","1.3","1.7","0.0","1.8","0.0","1.8","36.8","7.6","3.0","2.0","75.5","5.7","0.3","0.6","2.2","2.1","44.1","6.5","37.3","5.9","16.5","3.6","1195","140","52.2","11.2","47.8","11.2","33.8","8.4","53.9","8.3","12.3","7.0","614","122","44.8","12.3","39.1","11.9","5.7","6.5","55.2","12.3","46.9","12.5","8.3","6.5","22.9","(X)","22.8","(X)","23.0","(X)","22359","4070","37875","16787","19661","4593","-","**","-","**","-","**","20609","4939","31250","367424","22627","6195","-","**","9412","2246","26303","5929","20852","7814","19219","12807","23062","3715","17372","6145","32813","20560","50833","21489","18023","5617","20353","19806","14464","7079","10583","4193","12000","4576","-","**","26326","8205","23182","17961","63787","960","(X)","(X)","(X)","(X)","(X)","(X)"
"1400000US36005004400","Census Tract 44, Bronx County, New York","1668","67","20.6","5.9","41.8","7.4","0.4","0.6","3.8","3.2","0.0","1.9","28.0","8.2","5.3","4.2","62.2","7.4","1.1","1.4","2.4","1.9","23.1","5.9","45.0","7.7","29.5","6.5","1093","138","46.0","9.6","54.0","9.6","25.8","9.9","63.9","11.1","10.3","7.1","575","133","63.3","14.3","61.0","14.5","2.3","3.1","36.7","14.3","36.7","14.3","0.0","5.5","37.0","(X)","37.0","(X)","29.6","(X)","21033","5243","10978","2849","24000","6014","-","**","101250","236993","-","**","28419","14932","10292","2740","18235","7794","-","**","40357","78725","16369","10156","29007","9885","13611","6281","26675","5862","21917","8082","30250","10800","44833","43491","23784","3079","4952","58985","11238","2040","11233","2245","11017","1929","-","**","11250","34953","11250","34953","-","**","(X)","(X)","(X)","(X)","(X)","(X)"
"1400000US36005004600","Census Tract 46, Bronx County, New York","657","77","20.1","9.1","38.1","9.1","2.0","3.0","0.0","4.8","0.0","4.8","39.9","14.0","0.0","4.8","62.1","8.6","1.7","2.5","1.8","2.1","22.1","8.4","27.1","10.0","49.0","12.6","370","64","30.5","16.1","69.5","16.1","47.3","21.8","45.4","20.9","7.3","7.2","287","76","73.2","15.0","73.2","15.0","0.0","10.7","26.8","15.0","25.4","14.7","1.4","2.6","32.4","(X)","49.2","(X)","10.8","(X)","31250","12762","20833","6275","48235","11841","-","**","-","**","-","**","34318","29244","-","**","24722","15671","-","**","-","**","40972","15234","51406","2970","21500","3454","47941","24901","31442","25555","67750","35551","69327","45583","34444","20492","23750","139948","22125","11592","13750","14039","13750","14039","-","**","50750","27544","50417","33417","-","**","(X)","(X)","(X)","(X)","(X)","(X)"
"1400000US36005004800","Census Tract 48, Bronx County, New York","1234","77","14.9","5.7","29.5","6.8","0.8","1.3","4.2","3.6","0.0","2.6","46.4","9.1","4.2","3.1","71.7","7.3","0.7","1.3","5.8","4.2","42.3","8.4","31.8","7.1","20.0","4.8","927","121","58.8","8.8","41.2","8.8","39.2","10.9","36.5","10.7","24.4","9.2","307","101","53.7","17.0","51.1","17.5","2.6","4.9","46.3","17.0","38.8","18.6","7.5","11.3","42.6","(X)","44.1","(X)","27.0","(X)","24683","5311","29000","4511","30000","11201","-","**","17500","3321","-","**","22330","5141","60476","12270","27083","5101","-","**","14167","7726","29866","7945","24132","4622","20110","8962","25893","6020","21780","6246","31574","8520","29205","22209","16570","8058","30093","7837","14076","1906","13483","999","13350","1397","-","**","18750","8409","14821","14833","-","**","(X)","(X)","(X)","(X)","(X)","(X)"
"1400000US36005005001","Census Tract 50.01, Bronx County, New York","1432","90","8.2","4.1","47.5","9.6","0.0","2.2","0.0","2.2","0.0","2.2","35.4","8.9","8.9","5.3","62.9","7.5","0.0","2.2","8.4","4.8","53.5","9.3","27.9","6.2","10.1","5.6","1088","118","61.3","9.8","38.7","9.8","21.9","10.1","66.7","10.3","11.4","6.8","344","105","60.8","18.2","45.9","21.2","14.8","14.0","39.2","18.2","34.9","17.5","4.4","6.1","46.1","(X)","43.4","(X)","32.3","(X)","30106","7336","79531","22079","34853","23291","-","**","-","**","-","**","26168","5984","30926","36196","26658","7961","-","**","18777","7738","30779","5578","43472","27638","22022","8298","32076","11046","21458","15540","46964","19709","81635","23425","19457","9397","44583","18377","16686","6225","16366","7283","9909","12297","34875","86373","19028","13278","14737","12134","-","**","(X)","(X)","(X)","(X)","(X)","(X)"
"1400000US36005005002","Census Tract 50.02, Bronx County, New York","1656","138","19.7","6.4","24.1","6.3","1.9","2.2","1.8","2.1","0.0","1.9","44.6","7.6","8.0","4.5","72.3","7.0","1.6","2.2","10.6","5.5","40.0","8.3","34.8","7.8","14.6","4.5","1258","143","53.9","8.1","46.1","8.1","41.5","10.5","38.0","9.4","20.5","8.3","398","113","67.8","17.3","61.3","18.3","6.5","8.3","32.2","17.3","17.3","14.5","14.8","11.5","39.6","(X)","43.0","(X)","25.6","(X)","32788","9688","19688","11577","26917","26411","-","**","-","**","-","**","46667","8904","12098","11521","31611","8349","-","**","44464","48222","37694","11359","44402","25630","14663","9954","39128","10790","31196","15000","47611","15809","47500","8553","19010","2880","49545","8107","19265","15942","9673","3503","9286","1662","-","**","42000","20597","49875","17040","38487","64639","(X)","(X)","(X)","(X)","(X)","(X)"
"1400000US36005005100","Census Tract 51, Bronx County, New York","1957","63","17.9","4.9","40.5","5.6","1.3","1.6","0.0","1.6","0.0","1.6","38.1","6.6","2.2","1.7","64.5","5.3","0.0","1.6","2.0","2.0","31.3","6.2","45.9","6.4","20.8","5.3","1460","103","49.0","7.6","51.0","7.6","20.3","6.3","68.4","7.0","11.3","5.4","497","109","62.6","14.4","59.0","14.5","3.6","4.4","37.4","14.4","36.0","14.9","1.4","2.0","36.5","(X)","37.2","(X)","32.6","(X)","21423","2242","20000","9960","21587","3141","-","**","-","**","-","**","23942","11239","22750","40945","20765","3274","-","**","12321","6825","26136","14034","22464","3744","14825","3094","23287","3827","20905","2827","31172","12006","36806","10778","20288","3626","35208","14169","12871","4995","12637","4167","11691","4112","-","**","16667","16269","20043","21168","-","**","(X)","(X)","(X)","(X)","(X)","(X)"
"1400000US36005005200","Census Tract 52, Bronx County, New York","745","69","14.9","5.9","36.0","11.4","0.0","4.3","0.7","1.3","0.0","4.3","36.2","11.2","12.2","9.6","65.5","11.7","0.0","4.3","0.9","1.5","30.9","10.3","50.1","11.3","18.1","6.5","527","81","44.6","14.1","55.4","14.1","26.4","11.3","54.3","15.4","19.4","11.9","218","72","74.8","20.3","70.6","20.2","4.1","6.7","25.2","20.3","22.0","20.1","3.2","5.2","44.3","(X)","45.0","(X)","40.4","(X)","17106","21429","18393","34333","14583","12678","-","**","-","**","-","**","31538","29702","42538","54009","25833","26190","-","**","-","**","40500","19200","18393","40221","10104","4322","26042","24472","16736","30161","36667","28689","14519","7394","22000","28222","41053","48034","15167","13199","9677","10182","9483","7978","-","**","100208","154314","100500","142814","-","**","(X)","(X)","(X)","(X)","(X)","(X)"
"1400000US36005005300","Census Tract 53, Bronx County, New York","1262","115","5.9","3.6","61.1","7.4","1.7","2.2","0.0","2.5","0.0","2.5","26.0","6.7","5.2","4.0","41.1","6.0","0.8","1.4","10.3","5.2","34.1","7.3","45.0","7.7","10.6","3.5","730","109","64.1","11.7","35.9","11.7","10.5","6.6","89.5","6.6","0.0","4.4","532","113","47.0","11.8","42.1","12.1","4.9","5.6","53.0","11.8","45.9","11.5","7.1","8.3","30.7","(X)","41.2","(X)","12.4","(X)","15087","3199","14554","11705","16345","5420","-","**","-","**","-","**","9525","1395","25625","7030","9526","1046","-","**","16087","12177","15343","8855","14630","6684","12750","8331","15039","5239","13152","5513","16452","9210","17639","22510","15020","5214","-","**","12406","3781","12685","3828","11736","3224","-","**","11912","7092","9800","3953","-","**","(X)","(X)","(X)","(X)","(X)","(X)"
"1400000US36005005400","Census Tract 54, Bronx County, New York","1672","112","22.0","6.8","28.9","5.9","0.0","1.9","1.7","2.1","0.0","1.9","35.8","7.6","11.5","5.4","67.6","7.2","0.0","1.9","4.7","3.5","41.7","6.9","41.4","6.9","12.2","4.0","1199","118","52.0","7.5","48.0","7.5","43.0","10.7","31.2","8.6","25.8","9.7","473","110","34.0","12.8","28.3","13.8","5.7","6.3","66.0","12.8","39.1","14.2","26.8","12.1","50.2","(X)","54.1","(X)","40.2","(X)","29583","5817","21953","31368","32436","6485","-","**","29531","163750","-","**","24534","4952","32063","30557","25556","6731","-","**","22206","25153","32278","14692","24206","5123","16667","2379","30790","7345","30337","5711","35870","54217","30441","5522","26698","18788","48242","36188","18681","8965","10809","8107","9574","3743","-","**","25606","11137","26402","8693","14779","28022","(X)","(X)","(X)","(X)","(X)","(X)"
"1400000US36005005600","Census Tract 56, Bronx County, New York","892","68","16.7","5.8","28.8","7.1","0.0","3.6","1.5","1.4","0.0","3.6","39.2","8.6","13.8","7.3","68.9","7.0","1.7","1.4","2.0","2.4","33.1","7.4","32.4","8.1","32.5","5.9","543","77","48.3","8.9","51.7","8.9","27.4","8.2","54.1","10.1","18.4","10.2","349","59","53.0","14.7","48.1","14.4","4.9","5.9","47.0","14.7","45.6","14.6","1.4","2.4","36.0","(X)","43.8","(X)","23.8","(X)","26000","13478","22422","22972","19946","26704","-","**","40750","33995","-","**","16827","6369","43990","33751","27313","15499","8438","9366","-","**","42593","4141","26063","14317","10233","1434","42564","7759","26000","12780","44714","10361","73523","47013","25750","12338","43920","12252","9834","1039","9597","836","9361","642","-","**","10652","6604","10380","6411","-","**","(X)","(X)","(X)","(X)","(X)","(X)"
"1400000US36005005902","Census Tract 59.02, Bronx County, New York","1076","79","31.6","9.2","28.8","8.7","3.7","5.5","0.0","3.0","0.0","3.0","32.9","9.0","3.0","3.1","69.8","8.3","3.0","1.9","1.7","2.5","26.3","9.6","45.7","10.3","26.3","9.5","581","133","48.5","15.9","51.5","15.9","42.9","15.5","44.4","14.3","12.7","9.6","495","121","62.0","13.1","60.2","13.3","1.8","2.9","38.0","13.1","34.3","13.4","3.6","4.2","30.0","(X)","36.0","(X)","19.2","(X)","35488","8276","24773","20667","45833","16230","-","**","-","**","-","**","31071","19834","81477","3198","26992","14540","26786","20514","-","**","36211","4283","39861","16254","9498","9102","36189","5848","35313","4581","49531","41910","55329","35163","27292","18637","25000","40292","26343","14485","25536","32752","23929","36695","-","**","26625","20394","25500","18315","-","**","(X)","(X)","(X)","(X)","(X)","(X)"
"1400000US36005006000","Census Tract 60, Bronx County, New York","329","45","6.7","5.2","17.0","8.7","0.0","9.4","1.8","2.8","0.0","9.4","74.5","10.1","0.0","9.4","87.8","8.0","0.9","1.4","5.2","4.5","49.2","12.6","22.8","9.6","22.8","9.5","253","47","70.8","10.0","29.2","10.0","33.2","13.0","45.8","16.8","20.9","14.1","76","41","23.7","22.2","23.7","22.2","0.0","33.2","76.3","22.2","50.0","27.0","26.3","28.2","47.4","(X)","35.6","(X)","72.4","(X)","40586","5568","29167","71573","21974","50329","-","**","-","**","-","**","41033","7693","-","**","40337","6042","-","**","-","**","41447","17292","41607","20762","38625","17718","36250","9155","31979","11591","42115","13835","61029","2696","30833","11221","25341","23661","40469","27453","-","**","-","**","-","**","27024","38599","26071","12290","200577","238747","(X)","(X)","(X)","(X)","(X)","(X)"
"1400000US36005006100","Census Tract 61, Bronx County, New York","2065","124","7.0","3.8","79.0","6.8","0.0","1.6","0.0","1.6","0.0","1.6","8.5","5.8","5.5","3.3","15.8","6.3","2.8","2.6","0.0","1.6","18.8","6.0","34.7","6.5","46.5","7.0","899","145","36.7","9.5","63.3","9.5","35.6","10.8","46.7","11.2","17.7","10.5","1166","156","74.7","9.9","73.5","9.9","1.2","2.1","25.3","9.9","25.3","9.9","0.0","2.7","42.1","(X)","42.4","(X)","41.9","(X)","43950","2865","33750","20678","47552","11216","-","**","-","**","-","**","43073","52337","38438","19793","42969","34818","30972","15902","-","**","62014","15144","54397","12576","35652","6137","61354","16943","52833","42752","66042","15034","58966","12589","75820","16293","44896","21114","35399","6994","31089","8825","30524","8833","-","**","43199","3320","43199","3320","-","**","(X)","(X)","(X)","(X)","(X)","(X)"
"1400000US36005006200","Census Tract 62, Bronx County, New York","2344","100","13.4","6.1","44.3","8.0","0.0","1.4","0.7","1.1","0.0","1.4","31.7","7.6","9.9","5.6","62.8","7.3","0.0","1.4","7.1","5.2","30.7","7.5","37.6","5.8","24.6","5.4","1658","205","55.7","9.0","44.3","9.0","35.5","7.8","53.2","11.0","11.3","8.5","686","197","54.1","15.6","52.3","15.6","1.7","3.1","45.9","15.6","33.8","15.6","12.1","10.6","37.8","(X)","45.4","(X)","19.5","(X)","25500","6203","20682","18853","28513","11718","-","**","-","**","-","**","25444","14485","28144","8139","22721","4344","-","**","30391","18260","25605","9100","30610","9619","20114","6125","30229","4678","22742","10847","36515","12440","60679","35499","19569","4011","31494","7938","11993","4242","12292","5915","11458","5487","-","**","11887","13430","4871","12047","61250","46283","(X)","(X)","(X)","(X)","(X)","(X)"
"1400000US36005006300","Census Tract 63, Bronx County, New York","1892","81","26.5","6.8","33.5","5.5","2.2","2.3","8.7","3.3","0.0","1.7","26.4","6.9","2.6","1.9","57.8","6.9","5.4","3.3","0.3","0.8","36.2","6.2","44.0","6.3","19.6","5.3","1131","145","41.9","10.2","58.1","10.2","42.1","10.4","52.0","10.0","5.9","4.0","761","133","49.0","10.5","48.2","10.6","0.8","2.0","51.0","10.5","41.8","10.5","9.2","7.3","29.4","(X)","31.7","(X)","24.8","(X)","31830","3783","27335","17128","37333","39470","22955","26005","32042","19095","-","**","31139","5606","42778","41099","30038","7935","67723","41881","-","**","44444","11844","31546","6514","24405","10556","33262","13897","25526","19960","42125","17161","57800","11934","16444","8095","30104","23968","30304","12210","24180","13058","24414","13047","-","**","34500","19062","30455","22696","80577","59868","(X)","(X)","(X)","(X)","(X)","(X)"
"1400000US36005006400","Census Tract 64, Bronx County, New York","1229","87","11.0","5.2","39.6","9.1","2.2","3.4","4.8","4.9","0.0","2.6","32.1","9.4","10.3","6.3","57.0","8.2","0.0","2.6","4.6","4.3","44.0","10.6","37.7","10.3","13.7","6.1","789","131","49.4","12.1","50.6","12.1","39.8","11.3","45.1","12.5","15.1","10.3","440","118","42.7","17.0","37.5","15.8","5.2","8.0","57.3","17.0","37.7","18.7","19.5","14.5","42.1","(X)","48.0","(X)","22.3","(X)","36446","14791","36417","46019","62610","21861","-","**","-","**","-","**","32813","26023","12679","45694","32813","17288","-","**","14402","56142","41458","18534","35868","29324","16875","42031","47679","10182","46196","13331","58977","31164","70938","27449","34688","33225","27446","23747","18113","6322","17642","3636","16615","4183","-","**","25694","24580","14688","35128","26042","83472","(X)","(X)","(X)","(X)","(X)","(X)"
"1400000US36005006500","Census Tract 65, Bronx County, New York","1841","78","18.0","5.9","38.7","5.5","0.0","1.7","1.8","1.6","0.0","1.7","41.0","6.1","0.5","0.8","61.7","6.2","3.2","2.7","1.4","1.6","42.3","6.4","46.1","5.7","10.2","2.9","1146","123","59.1","8.0","40.9","8.0","19.7","7.1","62.0","9.4","18.3","8.0","695","129","56.3","10.9","52.4","11.7","3.9","3.7","43.7","10.9","35.0","10.9","8.8","6.6","25.1","(X)","25.2","(X)","18.3","(X)","21640","3874","18577","2743","22143","3471","-","**","-","**","-","**","25530","12897","-","**","18716","3611","152500","237625","-","**","25737","4763","18932","3411","16111","4402","25077","3828","19754","5276","42411","11298","24022","13467","24239","6416","33000","7499","14205","3554","10378","2727","9760","2810","12109","28460","20000","5507","16250","5319","79779","8382","(X)","(X)","(X)","(X)","(X)","(X)"
"1400000US36005006700","Census Tract 67, Bronx County, New York","2333","111","15.5","7.0","38.6","8.1","0.9","1.8","0.8","1.4","0.0","1.4","41.0","8.5","3.2","2.8","69.9","6.7","2.4","2.6","2.8","2.8","35.0","7.9","41.6","8.9","20.6","6.5","1584","196","49.6","10.6","50.4","10.6","34.3","11.8","62.3","10.7","3.4","5.6","749","179","51.0","14.7","49.1","14.1","1.9","3.1","49.0","14.7","39.1","14.5","9.9","11.1","35.9","(X)","34.2","(X)","34.8","(X)","19079","4570","26318","25078","20667","8194","-","**","-","**","-","**","12565","6129","28333","18172","14403","4379","-","**","13625","38292","24861","11149","19882","18592","9275","7024","20135","8702","25938","17791","19778","6568","36128","19747","14443","6994","-","**","11927","7838","8977","4089","8818","3616","-","**","22582","18037","12917","13092","-","**","(X)","(X)","(X)","(X)","(X)","(X)"
"1400000US36005006800","Census Tract 68, Bronx County, New York","979","80","14.1","6.4","45.6","9.9","0.0","3.3","3.8","3.5","0.0","3.3","25.2","9.7","11.3","6.5","47.4","9.8","2.9","3.2","0.0","3.3","39.5","12.4","39.7","9.7","20.7","7.9","632","112","61.9","9.8","38.1","9.8","48.7","14.4","34.2","16.5","17.1","9.3","347","108","36.3","16.7","36.3","16.7","0.0","8.9","63.7","16.7","47.3","16.6","16.4","12.6","31.1","(X)","38.0","(X)","18.4","(X)","30969","12214","47727","34051","30000","15959","-","**","34191","44005","-","**","21118","48420","30054","23301","32174","34128","-","**","-","**","21417","17744","37951","13474","22390","13581","33833","7375","32337","13546","49659","21528","53390","3745","19286","16759","30645","5902","18810","2963","11625","6758","11625","6758","-","**","19841","8999","19191","3101","58438","61731","(X)","(X)","(X)","(X)","(X)","(X)"
"1400000US36005006900","Census Tract 69, Bronx County, New York","2608","96","16.1","5.7","43.5","6.9","1.2","1.3","1.5","2.4","0.0","1.2","34.8","7.0","3.0","2.2","62.7","6.9","0.3","0.7","3.7","2.5","46.7","6.8","35.9","8.2","13.7","5.3","1719","208","65.0","9.2","35.0","9.2","25.1","8.9","69.7","9.4","5.1","3.7","889","186","67.9","12.0","65.9","12.1","2.0","3.1","32.1","12.0","22.4","11.2","9.7","9.3","23.0","(X)","24.6","(X)","17.8","(X)","17460","7293","18958","19707","26175","10879","-","**","-","**","-","**","11937","3290","17500","33982","14225","6631","-","**","9240","2012","29267","6038","15806","8921","9808","1775","24851","9397","18625","8213","35921","6343","44667","8050","16614","6484","27206","117752","11298","2184","9834","1013","9755","914","-","**","26166","14109","16893","16968","27443","81432","(X)","(X)","(X)","(X)","(X)","(X)"
"1400000US36005007000","Census Tract 70, Bronx County, New York","1298","84","19.4","7.0","31.7","7.6","3.0","3.5","6.1","3.4","0.0","2.5","37.1","8.2","2.7","2.8","61.3","6.5","2.8","2.8","0.5","0.8","39.7","9.2","47.6","8.5","12.2","5.6","1032","102","57.1","9.7","42.9","9.7","35.9","7.8","51.2","10.4","13.0","7.2","266","83","22.9","13.2","12.8","9.2","10.2","10.8","77.1","13.2","77.1","13.2","0.0","11.5","46.8","(X)","48.8","(X)","14.3","(X)","36852","7701","22353","10235","43882","15938","-","**","51528","25787","-","**","33750","17710","9803","21183","34583","13539","2,500-","***","-","**","26542","14418","44167","11522","23056","16361","33663","11904","18750","6202","54716","12345","44250","12671","22292","7927","34688","62284","27727","17963","20156","16994","16250","15190","-","**","35903","19683","35903","19683","-","**","(X)","(X)","(X)","(X)","(X)","(X)"
"1400000US36005007100","Census Tract 71, Bronx County, New York","676","50","20.3","8.2","42.5","9.4","0.9","1.6","0.0","4.7","0.0","4.7","32.1","9.3","4.3","3.7","65.5","7.7","0.0","4.7","2.7","2.7","40.5","7.9","44.2","8.0","12.6","5.4","547","59","47.5","9.1","52.5","9.1","39.1","12.1","49.7","11.1","11.2","7.0","129","60","86.8","16.0","53.5","28.1","33.3","27.4","13.2","16.0","13.2","16.0","0.0","22.0","43.5","(X)","41.3","(X)","52.7","(X)","40682","9929","46563","38481","42390","14651","-","**","-","**","-","**","33438","10781","53583","20430","40859","13945","-","**","26667","20561","36250","10728","41953","21365","47109","33948","40085","10834","32500","7533","49940","14731","66481","15473","27963","6374","39375","24276","52917","43177","45625","53068","14850","54162","70433","58007","-","**","-","**","-","**","(X)","(X)","(X)","(X)","(X)","(X)"
"1400000US36005007200","Census Tract 72, Bronx County, New York","1775","102","33.0","7.3","17.1","5.9","0.0","1.8","17.2","4.8","0.0","1.8","26.4","6.5","6.3","3.9","56.6","5.8","8.1","3.9","2.9","2.7","39.0","6.5","36.1","7.7","22.0","6.1","1243","149","57.0","9.1","43.0","9.1","51.7","8.8","32.9","8.9","15.4","8.0","532","132","56.0","13.6","49.6","13.3","6.4","7.6","44.0","13.6","37.0","13.6","7.0","8.0","36.2","(X)","33.2","(X)","29.3","(X)","42193","9136","35476","12946","56369","17904","-","**","23190","9915","-","**","55057","15609","20972","55975","45581","11821","45250","31943","19375","128131","37614","15134","53162","11421","20417","23086","45496","11136","24844","7965","56953","23010","55404","13049","23472","9231","46715","7154","19418","13793","19500","28382","19000","19868","-","**","19342","20405","18125","22265","-","**","(X)","(X)","(X)","(X)","(X)","(X)"
"1400000US36005007300","Census Tract 73, Bronx County, New York","1270","83","18.7","7.9","40.0","9.4","0.0","2.5","0.0","2.5","0.0","2.5","38.0","10.1","3.4","3.4","63.5","8.9","1.3","1.8","3.9","3.4","42.2","8.5","35.0","8.3","18.8","5.7","833","121","67.0","10.1","33.0","10.1","41.9","11.9","55.9","11.5","2.2","2.4","437","117","54.7","16.2","52.6","16.3","2.1","3.8","45.3","16.2","41.2","16.7","4.1","6.1","25.1","(X)","24.0","(X)","27.2","(X)","22254","4360","13317","13382","25694","5023","-","**","-","**","-","**","21304","9658","20509","2961","20950","7604","-","**","27188","29375","27870","13776","18274","10968","15719","3495","25403","4060","25975","3238","22750","11304","41343","24021","21307","4121","-","**","12378","4356","14191","8138","13529","9023","-","**","10714","5017","9875","10037","-","**","(X)","(X)","(X)","(X)","(X)","(X)"
"1400000US36005007400","Census Tract 74, Bronx County, New York","1418","45","22.3","7.3","43.7","6.3","0.0","2.3","0.7","1.1","0.0","2.3","31.7","7.7","1.6","1.8","56.0","5.6","0.4","0.7","1.2","2.0","25.2","6.6","51.8","7.5","21.7","4.8","970","115","38.6","10.9","61.4","10.9","41.3","11.3","48.9","11.1","9.8","8.0","448","102","44.6","14.9","37.9","14.5","6.7","8.2","55.4","14.9","40.8","16.6","14.5","13.3","33.8","(X)","37.3","(X)","26.1","(X)","43696","6818","29063","20477","41445","3602","-","**","-","**","-","**","70431","32501","88333","115857","52642","14990","-","**","-","**","43000","11580","55694","20168","28026","14486","43716","11661","23889","16991","64609","23914","95083","42191","23810","8974","41314","68119","40625","8713","37857","17298","32222","27282","79306","58981","43125","21511","35804","18290","154301","20176","(X)","(X)","(X)","(X)","(X)","(X)"
"1400000US36005007500","Census Tract 75, Bronx County, New York","1756","78","18.4","5.2","42.1","5.9","0.0","1.8","0.7","1.1","0.0","1.8","35.9","6.4","2.8","2.2","62.1","5.4","1.7","1.6","6.0","3.6","29.7","6.9","43.2","6.9","21.1","5.0","1057","136","58.7","9.1","41.3","9.1","27.1","7.8","62.3","9.0","10.7","6.1","699","125","68.4","9.7","63.5","10.9","4.9","5.5","31.6","9.7","26.9","8.9","4.7","5.1","31.3","(X)","31.9","(X)","29.6","(X)","21723","2341","19271","11234","22109","5822","-","**","-","**","-","**","22470","18123","25341","6938","21699","6374","-","**","35927","20115","15707","14763","21691","2620","22083","15868","25966","9113","26875","12555","25446","9498","71154","11681","17929","6612","43466","25645","16861","2504","14398","2914","14074","2809","-","**","21150","5827","19653","3212","-","**","(X)","(X)","(X)","(X)","(X)","(X)"
"1400000US36005007600","Census Tract 76, Bronx County, New York","1571","107","17.3","6.1","35.3","6.8","1.0","1.5","3.3","2.4","0.0","2.0","32.7","8.0","10.5","4.6","60.7","7.1","3.4","2.7","1.0","1.1","49.2","7.5","38.6","7.5","11.3","3.9","1233","123","64.2","8.5","35.8","8.5","41.8","9.3","42.1","9.6","16.1","7.7","338","97","36.4","16.2","30.8","15.4","5.6","8.9","63.6","16.2","47.6","18.5","16.0","13.3","42.9","(X)","40.3","(X)","40.5","(X)","41754","12986","37596","46229","50216","9556","-","**","73000","27184","-","**","29821","27800","60313","21933","31563","21771","50563","43623","-","**","41758","17806","42381","24001","40972","35880","39943","22387","25066","14164","55398","13744","75117","18916","16544","3944","43618","34004","34000","25353","28958","26071","16750","22301","-","**","51691","37605","30078","41720","56563","6554","(X)","(X)","(X)","(X)","(X)","(X)"
"1400000US36005007700","Census Tract 77, Bronx County, New York","594","57","16.2","7.4","24.9","7.8","0.0","5.3","0.0","5.3","0.0","5.3","58.9","10.5","0.0","5.3","75.1","7.8","0.0","5.3","2.5","3.0","43.4","9.6","48.3","9.8","5.7","3.8","460","66","63.3","11.9","36.7","11.9","27.4","11.4","67.8","11.3","4.8","5.6","134","64","24.6","19.3","20.9","18.2","3.7","6.5","75.4","19.3","67.9","21.4","7.5","11.7","24.4","(X)","21.1","(X)","23.1","(X)","27250","8088","48500","32053","36397","8854","-","**","-","**","-","**","19485","6210","-","**","22500","10235","-","**","-","**","27679","12435","27344","19731","93929","81899","32143","10624","23750","10812","49946","30210","95769","64496","19485","6881","-","**","17692","2135","17361","28175","16667","13867","-","**","17724","2414","17361","3709","-","**","(X)","(X)","(X)","(X)","(X)","(X)"
"1400000US36005007800","Census Tract 78, Bronx County, New York","2021","157","21.3","5.3","15.2","5.7","0.0","1.6","9.6","4.5","0.0","1.6","43.1","8.6","10.7","5.6","71.9","7.2","4.3","2.8","3.8","4.6","46.5","7.9","36.3","7.5","13.5","4.7","1558","212","64.3","8.6","35.7","8.6","38.3","9.6","37.5","9.1","24.3","8.7","463","152","69.5","19.0","63.1","19.1","6.5","11.1","30.5","19.0","30.2","19.1","0.2","2.9","36.0","(X)","35.4","(X)","34.8","(X)","32060","9896","20208","15601","24536","28130","-","**","42537","22492","-","**","43177","13912","27237","44582","29485","14066","29417","18066","-","**","50196","18394","31523","17092","23586","5534","42647","20690","31591","25158","43494","13762","45878","6792","16420","10379","47931","27342","16250","10146","10729","15858","9688","10424","-","**","19946","18835","19891","18638","-","**","(X)","(X)","(X)","(X)","(X)","(X)"
"1400000US36005007900","Census Tract 79, Bronx County, New York","2235","121","28.1","7.9","29.7","7.3","0.0","1.4","0.0","1.4","0.0","1.4","40.5","8.3","1.8","1.7","83.0","5.9","0.0","1.4","3.9","3.1","33.5","6.4","44.4","7.3","18.2","4.7","1400","164","52.1","10.0","47.9","10.0","19.8","8.5","63.1","10.6","17.1","7.4","835","154","55.0","11.0","52.3","11.3","2.6","4.0","45.0","11.0","41.0","10.3","4.1","4.7","18.0","(X)","12.4","(X)","23.5","(X)","25244","13391","19144","16295","26728","4727","-","**","-","**","-","**","16761","14312","13667","22206","19730","13506","-","**","28095","35425","31579","8671","19787","18960","13202","2859","31385","7999","14968","20110","36155","5527","36157","10686","25596","16798","42656","11034","12807","2260","11793","2164","11431","2153","-","**","15000","6992","14714","9614","-","**","(X)","(X)","(X)","(X)","(X)","(X)"
"1400000US36005008300","Census Tract 83, Bronx County, New York","2012","132","14.3","5.4","31.3","7.3","0.0","1.6","0.0","1.6","0.0","1.6","51.0","8.6","3.4","2.4","77.7","5.7","1.4","1.6","5.8","4.3","40.5","7.3","39.2","7.3","14.6","5.9","1401","174","57.3","8.3","42.7","8.3","31.7","9.0","57.2","10.2","11.1","7.7","611","160","58.6","14.8","48.6","14.9","10.0","10.6","41.4","14.8","37.3","15.3","4.1","5.3","22.0","(X)","23.0","(X)","19.6","(X)","18441","5810","36420","24982","17054","10091","-","**","-","**","-","**","17101","6575","12171","23470","18824","10196","-","**","7000","7253","33864","13425","18475","11728","12750","4178","27344","12961","17418","9861","43083","22734","45000","10729","16460","2564","19813","41488","10967","2363","10142","2899","9705","1415","47993","48680","11673","16879","11169","8077","-","**","(X)","(X)","(X)","(X)","(X)","(X)"
"1400000US36005008400","Census Tract 84, Bronx County, New York","657","71","16.0","8.3","32.6","9.7","3.3","3.7","0.5","0.8","0.0","4.8","47.2","10.7","0.5","1.1","66.1","8.9","1.8","2.9","1.8","2.9","40.3","10.0","36.8","10.4","21.0","7.5","527","68","52.0","11.7","48.0","11.7","54.6","12.4","34.0","11.0","11.4","8.1","130","57","54.6","23.2","54.6","23.2","0.0","21.9","45.4","23.2","37.7","21.4","7.7","11.5","48.7","(X)","52.8","(X)","32.3","(X)","54219","15316","77019","91179","61618","26427","-","**","-","**","-","**","46121","21610","-","**","51875","12312","-","**","-","**","83512","19804","49167","6522","42500","40585","61771","27888","84286","26527","51033","17268","90000","26417","46250","31605","46638","16007","31667","13981","31488","10607","31488","10607","-","**","40469","84646","8250","64088","-","**","(X)","(X)","(X)","(X)","(X)","(X)"
"1400000US36005008500","Census Tract 85, Bronx County, New York","1700","101","14.8","5.8","23.8","6.3","0.0","1.9","1.0","1.6","1.4","2.5","56.7","8.2","2.4","2.1","74.9","6.6","2.6","2.1","4.9","3.1","44.6","6.2","34.1","5.8","16.4","4.7","1147","110","70.1","7.7","29.9","7.7","19.6","6.5","63.9","8.4","16.5","7.8","553","136","45.2","14.0","41.4","14.4","3.8","4.3","54.8","14.0","50.3","13.8","4.5","4.9","25.2","(X)","25.0","(X)","22.1","(X)","23882","9200","31458","31392","19881","5727","-","**","-","**","-","**","35968","17943","14821","14586","28750","15666","52500","44276","35781","31391","36033","15272","27458","11677","15048","2762","33177","13666","34792","16569","27411","20421","49899","11521","18079","4106","45677","15966","15148","5502","14519","3157","13510","3250","-","**","15708","14587","11500","12937","-","**","(X)","(X)","(X)","(X)","(X)","(X)"
"1400000US36005008600","Census Tract 86, Bronx County, New York","1376","88","28.2","7.6","24.8","6.8","0.0","2.3","2.0","2.5","0.0","2.3","43.4","8.6","1.7","1.7","76.0","6.6","0.5","0.8","3.1","2.7","23.5","6.6","37.1","6.6","36.2","7.1","943","130","45.4","8.6","54.6","8.6","33.9","7.5","56.0","7.7","10.1","6.3","433","108","74.1","14.8","65.6","15.9","8.5","11.7","25.9","14.8","18.2","12.1","7.6","10.9","26.8","(X)","30.6","(X)","13.6","(X)","20069","6326","21333","10893","14750","11462","-","**","-","**","-","**","17411","10079","26375","28225","19833","6725","-","**","14417","10113","26700","10282","25417","9446","15529","3822","27003","7899","21667","15762","33679","9002","42500","18082","20833","6224","65433","35912","10492","1742","9927","1231","9542","998","-","**","15772","4548","15321","10730","-","**","(X)","(X)","(X)","(X)","(X)","(X)"
"1400000US36005008700","Census Tract 87, Bronx County, New York","1817","76","12.9","4.7","29.2","5.8","0.0","1.8","0.0","1.8","0.0","1.8","56.0","7.5","2.0","1.6","72.3","6.1","1.7","2.0","2.4","2.6","44.0","6.7","41.9","6.4","11.8","4.1","1352","131","59.9","6.4","40.1","6.4","22.8","7.4","63.5","9.0","13.8","6.7","465","120","64.1","13.7","57.6","14.9","6.5","7.8","35.9","13.7","29.9","12.4","6.0","7.5","35.4","(X)","32.2","(X)","38.9","(X)","28725","2207","34286","19269","28247","7307","-","**","-","**","-","**","29160","4093","25455","34113","29303","4633","-","**","-","**","31280","4390","29085","5493","10595","2073","31875","4841","29329","2840","35592","8074","64500","25175","27584","3664","61731","22569","10233","1801","10068","2306","9670","1199","-","**","10511","4327","9591","1478","-","**","(X)","(X)","(X)","(X)","(X)","(X)"
"1400000US36005008900","Census Tract 89, Bronx County, New York","1175","71","21.8","6.3","18.6","6.4","0.0","2.7","0.8","1.1","0.0","2.7","54.2","9.8","4.7","4.4","85.9","6.9","0.7","1.2","4.5","4.1","39.0","8.2","31.0","8.4","25.5","4.9","819","94","49.3","10.2","50.7","10.2","23.2","8.7","62.5","9.5","14.3","6.4","356","92","62.4","16.6","55.1","18.5","7.3","7.5","37.6","16.6","36.0","16.3","1.7","2.9","30.6","(X)","31.7","(X)","27.8","(X)","18794","3657","24000","17918","15000","8092","-","**","-","**","-","**","19327","7670","28188","14708","19637","5012","-","**","-","**","22300","14753","20536","9911","14107","3767","21544","8193","19107","3200","28320","8150","28750","11408","18781","2685","26406","39661","9677","1769","10333","4358","9900","5973","11250","16206","8902","2842","8720","2702","-","**","(X)","(X)","(X)","(X)","(X)","(X)"
"1400000US36005009000","Census Tract 90, Bronx County, New York","1176","56","23.2","8.4","33.5","7.8","0.6","1.0","5.3","3.4","0.0","2.7","37.4","8.8","0.0","2.7","67.3","8.1","4.0","3.9","1.4","2.2","32.2","8.8","42.8","9.7","23.6","8.5","894","82","52.8","10.9","47.2","10.9","28.4","9.3","63.4","10.3","8.2","6.5","282","87","58.9","19.0","56.7","18.1","2.1","4.1","41.1","19.0","41.1","19.0","0.0","10.9","35.3","(X)","39.7","(X)","21.3","(X)","27910","3715","31354","17418","16797","15776","-","**","66304","53592","-","**","28150","7605","-","**","29011","4427","32260","80846","-","**","30772","8533","28350","14057","10170","9368","30739","8240","30809","6583","30500","20045","121094","100187","27649","4473","44010","41394","10795","8705","9467","1422","9367","1125","-","**","26071","17167","26071","17167","-","**","(X)","(X)","(X)","(X)","(X)","(X)"
"1400000US36005009200","Census Tract 92, Bronx County, New York","1706","127","18.9","5.4","17.6","5.3","0.0","1.9","12.4","4.9","0.0","1.9","48.6","7.8","2.6","2.3","61.4","8.2","6.0","3.9","1.9","1.8","42.0","7.2","43.2","8.3","12.9","4.9","1197","141","62.7","9.6","37.3","9.6","45.7","9.2","42.4","8.8","11.9","6.7","509","121","60.1","12.9","60.1","12.9","0.0","6.2","39.9","12.9","38.1","12.8","1.8","2.7","34.4","(X)","35.6","(X)","29.3","(X)","30845","8460","31136","26141","31974","31775","-","**","21016","15504","-","**","32226","15472","14615","105807","31947","11858","44886","35922","19773","106129","28724","10563","50612","7851","21379","10729","30438","7115","24630","10026","51370","8684","50813","8157","19625","5359","67833","99705","30114","36856","14813","22859","14813","22859","-","**","48657","36342","48241","45046","-","**","(X)","(X)","(X)","(X)","(X)","(X)"
"1400000US36005009300","Census Tract 93, Bronx County, New York","1709","124","30.8","7.0","26.7","6.3","0.5","0.9","0.0","1.9","0.0","1.9","36.0","7.0","6.0","3.5","75.0","5.6","2.3","2.5","1.0","1.6","50.0","6.9","42.8","7.8","6.2","4.7","1268","145","59.5","7.7","40.5","7.7","36.2","8.2","45.5","8.1","18.3","6.0","441","129","47.8","15.7","42.0","15.6","5.9","6.8","52.2","15.7","41.5","14.9","10.7","10.1","27.2","(X)","30.4","(X)","15.0","(X)","30783","3466","30762","2902","37037","6113","-","**","-","**","-","**","26505","5707","27813","17120","30518","2821","-","**","-","**","29545","6737","31829","5461","22273","26404","31686","3767","27670","4085","38480","11662","36206","5378","22048","8746","39167","22816","12994","4763","11031","2876","10219","2481","-","**","21346","14859","20048","19494","24485","123050","(X)","(X)","(X)","(X)","(X)","(X)"
"1400000US36005009600","Census Tract 96, Bronx County, New York","690","65","21.6","8.6","16.4","6.1","0.0","4.6","10.3","5.5","0.0","4.6","48.1","9.3","3.6","3.5","62.8","8.3","10.7","6.2","3.6","4.8","47.5","9.3","31.0","10.4","17.8","6.7","569","83","61.9","10.3","38.1","10.3","41.3","10.1","36.6","11.5","22.1","11.2","121","61","24.0","20.1","24.0","20.1","0.0","23.3","76.0","20.1","76.0","20.1","0.0","23.3","48.3","(X)","49.2","(X)","19.8","(X)","41786","9528","40365","18555","27888","2563","-","**","43482","30810","-","**","52569","14087","-","**","48750","11995","28750","14616","-","**","54091","12013","29224","13381","28438","11162","47969","9561","42679","12344","57375","54312","55292","11408","39875","10990","52800","31414","20440","9741","10156","9785","10156","9785","-","**","20787","3207","20787","3207","-","**","(X)","(X)","(X)","(X)","(X)","(X)"
"1400000US36005009800","Census Tract 98, Bronx County, New York","1684","103","26.0","7.4","32.4","5.7","0.0","1.9","3.3","2.2","0.0","1.9","36.0","7.1","2.3","2.0","65.7","6.1","3.1","2.9","1.1","1.3","36.5","7.0","43.9","6.8","18.5","5.8","1238","152","41.1","8.6","58.9","8.6","39.5","7.8","53.0","7.9","7.5","4.7","446","130","72.2","14.8","65.9","15.9","6.3","10.2","27.8","14.8","25.3","14.2","2.5","4.4","36.1","(X)","34.7","(X)","22.9","(X)","52500","12525","35733","21909","64076","22063","-","**","65893","5182","-","**","51250","11139","102604","73888","48900","6117","9866","57795","-","**","36944","27348","67969","7729","35652","18948","63500","13458","31976","36299","66875","7377","77163","29582","30323","22690","81979","55760","40000","15255","36227","10104","35591","13848","-","**","49792","36596","49410","26273","-","**","(X)","(X)","(X)","(X)","(X)","(X)"
"1400000US36005011000","Census Tract 110, Bronx County, New York","50","54","0.0","41.9","0.0","41.9","0.0","41.9","0.0","41.9","0.0","41.9","100.0","41.9","0.0","41.9","100.0","41.9","0.0","41.9","0.0","41.9","0.0","41.9","100.0","41.9","0.0","41.9","42","52","0.0","45.8","100.0","45.8","100.0","45.8","0.0","45.8","0.0","45.8","8","15","100.0","100.0","100.0","100.0","0.0","100.0","0.0","100.0","0.0","100.0","0.0","100.0","24.0","(X)","28.6","(X)","0.0","(X)","46417","48650","-","**","-","**","-","**","-","**","-","**","46417","48650","-","**","46417","48650","-","**","-","**","-","**","46417","48650","-","**","-","**","-","**","-","**","-","**","-","**","-","**","-","**","-","**","-","**","-","**","-","**","-","**","-","**","(X)","(X)","(X)","(X)","(X)","(X)"
"1400000US36005011502","Census Tract 115.02, Bronx County, New York","1389","92","36.9","7.9","33.9","6.0","0.6","0.9","0.2","0.5","0.0","2.3","26.0","7.6","2.4","1.8","71.3","5.1","0.0","2.3","7.2","3.8","38.0","6.9","37.8","6.5","17.0","5.1","1007","102","59.5","8.1","40.5","8.1","38.1","8.9","56.0","9.4","5.9","5.3","382","85","51.3","16.0","45.8","15.5","5.5","8.5","48.7","16.0","30.1","14.5","18.6","12.9","23.5","(X)","24.2","(X)","14.7","(X)","21016","4140","19650","4947","22257","15456","-","**","-","**","-","**","22344","12704","12031","75872","21555","4776","-","**","9207","2886","25800","13484","25573","6338","12417","2939","24933","4244","22813","7468","28750","5611","37586","7085","15688","5691","25089","47249","13038","3421","9448","1769","9107","1181","-","**","16635","7612","15125","38192","20069","16651","(X)","(X)","(X)","(X)","(X)","(X)"
"1400000US36005011700","Census Tract 117, Bronx County, New York","558","44","26.3","8.6","43.0","8.6","0.0","5.7","3.2","5.3","0.0","5.7","27.4","9.7","0.0","5.7","60.4","8.1","2.7","3.9","0.0","5.7","43.7","10.1","40.9","11.3","15.4","5.7","378","49","66.1","15.1","33.9","15.1","14.6","10.7","62.2","16.0","23.3","13.0","180","46","52.2","20.7","48.3","19.8","3.9","6.9","47.8","20.7","47.8","20.7","0.0","16.5","19.7","(X)","18.3","(X)","22.8","(X)","19022","8600","48875","6684","11739","8554","-","**","-","**","-","**","19934","12430","-","**","19671","14272","-","**","-","**","16250","23756","21000","23862","12222","9501","24500","17420","11371","16586","53182","14492","48688","53010","10444","11318","55417","41668","11800","7270","10700","2048","10350","1763","-","**","21429","14125","21429","14125","-","**","(X)","(X)","(X)","(X)","(X)","(X)"
"1400000US36005011800","Census Tract 118, Bronx County, New York","1566","104","87.1","5.6","0.0","2.1","0.0","2.1","1.0","1.2","0.0","2.1","10.3","5.1","1.6","2.6","16.3","5.3","82.0","5.4","4.0","3.6","24.1","7.4","44.8","6.8","27.1","5.2","1003","136","38.9","11.2","61.1","11.2","79.1","10.0","17.3","8.4","3.6","5.0","563","116","49.0","11.9","40.9","11.8","8.2","5.8","51.0","11.9","39.8","10.9","11.2","10.2","39.5","(X)","37.3","(X)","35.5","(X)","73508","8647","74706","17536","-","**","-","**","-","**","-","**","65795","77799","-","**","68750","56828","73578","17409","6310","29727","100313","88483","93095","11821","46061","9104","90590","15564","109722","50794","89279","12892","110469","21466","21667","16771","-","**","53550","27110","53750","24947","44118","27071","99167","50094","53194","47973","53056","57728","155039","285112","(X)","(X)","(X)","(X)","(X)","(X)"
"1400000US36005011900","Census Tract 119, Bronx County, New York","1878","101","12.4","3.9","28.4","5.2","0.0","1.7","0.0","1.7","0.6","0.9","56.3","6.1","2.3","1.8","73.8","4.8","0.0","1.7","3.9","2.6","39.7","5.9","35.6","6.5","20.9","5.0","1355","103","53.8","7.4","46.2","7.4","27.2","7.7","60.7","9.1","12.1","6.4","523","122","52.2","12.3","43.2","12.0","9.0","7.8","47.8","12.3","38.6","11.7","9.2","7.8","34.9","(X)","31.7","(X)","39.6","(X)","23838","4637","18083","7667","33926","4751","-","**","-","**","-","**","22055","5434","19167","16746","20275","2610","-","**","42313","19936","29255","4353","22321","8091","12500","5164","24595","5439","24186","5267","26471","10866","34398","5893","21598","4028","17000","21805","13819","9546","9247","2021","8648","931","47386","28386","19500","13409","17500","8309","67794","70007","(X)","(X)","(X)","(X)","(X)","(X)"
"1400000US36005012101","Census Tract 121.01, Bronx County, New York","898","59","12.2","6.1","31.2","6.8","0.0","3.6","0.6","0.8","0.0","3.6","50.9","8.2","5.1","3.1","73.8","5.3","0.0","3.6","5.3","4.3","49.6","9.5","38.0","8.6","7.1","4.0","678","71","69.8","8.9","30.2","8.9","35.3","11.7","49.4","11.9","15.3","8.7","220","72","24.1","14.3","24.1","14.3","0.0","13.7","75.9","14.3","38.6","15.0","37.3","17.4","28.1","(X)","26.3","(X)","33.6","(X)","35147","7657","45000","9213","37143","7297","-","**","-","**","-","**","24194","3683","45357","39003","34271","13845","-","**","19500","7417","33438","11848","40710","4572","11250","11168","28088","6845","30037","8036","24574","13624","42138","4919","22050","5689","23981","8253","37059","10064","18958","24856","18958","24856","-","**","42958","10974","42875","11000","55625","55255","(X)","(X)","(X)","(X)","(X)","(X)"
"1400000US36005012102","Census Tract 121.02, Bronx County, New York","522","41","24.9","10.8","15.3","5.6","0.0","6.0","1.5","2.2","0.0","6.0","58.2","12.4","0.0","6.0","86.0","4.4","0.0","6.0","2.7","3.8","42.3","8.9","39.1","9.2","15.9","8.0","327","70","70.3","14.2","29.7","14.2","12.8","12.5","78.6","13.6","8.6","6.2","195","70","32.8","18.2","32.8","18.2","0.0","15.3","67.2","18.2","45.6","22.9","21.5","17.5","29.3","(X)","31.8","(X)","25.1","(X)","17028","5353","13605","1907","21667","20839","-","**","-","**","-","**","20227","6499","-","**","17005","5290","-","**","-","**","24464","14844","13750","7018","15679","1195","20982","8175","22760","6275","10250","6131","17386","112915","20804","11238","87813","156225","14718","4508","9239","6397","9239","6397","-","**","16016","12426","15859","6089","-","**","(X)","(X)","(X)","(X)","(X)","(X)"
"1400000US36005012300","Census Tract 123, Bronx County, New York","1290","94","8.3","3.8","32.6","6.9","0.6","1.1","0.0","2.5","0.0","2.5","57.5","7.4","1.0","1.6","69.0","6.6","0.0","2.5","3.7","2.9","41.4","9.1","37.8","8.9","17.1","3.8","931","108","65.7","8.5","34.3","8.5","24.9","9.5","64.9","10.6","10.2","6.7","359","101","43.7","16.4","39.3","15.7","4.5","5.2","56.3","16.4","49.6","16.4","6.7","10.1","31.7","(X)","31.1","(X)","25.1","(X)","20966","8384","16576","11968","28176","14244","-","**","-","**","-","**","17134","12244","-","**","16797","9396","-","**","26029","5097","26554","5478","16797","11054","10690","6497","22429","5069","22733","11413","22096","7474","40242","20202","21887","8369","16367","14017","8417","1315","8702","876","8670","825","-","**","7593","17567","6400","4680","-","**","(X)","(X)","(X)","(X)","(X)","(X)"
"1400000US36005012500","Census Tract 125, Bronx County, New York","1299","76","12.2","4.7","32.6","8.9","0.9","1.7","0.0","2.5","0.0","2.5","48.5","9.9","5.9","4.2","67.5","8.3","2.2","2.3","4.3","3.7","46.9","7.5","40.0","8.0","8.8","4.1","937","132","57.7","10.5","42.3","10.5","33.4","9.0","55.2","11.6","11.4","8.2","362","117","34.8","21.0","33.4","21.0","1.4","3.0","65.2","21.0","55.0","21.0","10.2","10.3","34.6","(X)","33.4","(X)","32.0","(X)","26276","6079","27500","34083","51938","12981","-","**","-","**","-","**","21793","6040","12763","1595","21662","6516","-","**","17333","44239","27255","12224","21455","14400","19797","15753","26469","17426","21897","6466","45461","5693","55256","17078","20327","4488","44679","2318","19697","8479","9265","15114","9081","12189","-","**","21964","9293","19962","14041","22054","63254","(X)","(X)","(X)","(X)","(X)","(X)"
"1400000US36005012701","Census Tract 127.01, Bronx County, New York","797","45","26.9","8.4","18.9","6.9","1.0","1.6","0.0","4.0","0.0","4.0","50.8","9.7","2.4","2.6","79.4","8.5","6.0","5.9","2.9","3.0","31.5","10.3","41.0","9.4","24.6","8.8","478","84","60.5","11.8","39.5","11.8","36.2","12.3","59.0","11.9","4.8","4.8","319","81","44.8","15.0","43.3","15.3","1.6","2.6","55.2","15.0","46.1","17.3","9.1","13.6","26.5","(X)","25.5","(X)","21.3","(X)","21589","6217","38269","33879","24408","29640","-","**","-","**","-","**","18466","7238","-","**","21480","6875","40357","46264","18125","16853","35469","6032","30647","17608","9831","4284","33646","12889","33698","11841","29750","28332","41283","9406","32813","19059","18403","3512","9927","4681","8533","798","8442","822","-","**","14038","6197","13341","2738","-","**","(X)","(X)","(X)","(X)","(X)","(X)"
"1400000US36005012901","Census Tract 129.01, Bronx County, New York","1385","105","11.9","5.0","43.6","9.4","0.8","1.2","2.0","2.2","0.0","2.3","40.8","9.4","0.9","1.0","60.4","9.7","1.4","1.7","1.4","1.9","43.8","8.4","30.0","8.7","24.8","7.5","805","134","70.3","9.8","29.7","9.8","22.2","9.3","68.9","12.1","8.8","7.7","580","117","56.6","13.8","53.8","14.3","2.8","3.3","43.4","13.8","40.3","13.6","3.1","5.0","24.7","(X)","32.5","(X)","13.8","(X)","14301","4084","20821","8913","16413","8931","-","**","50313","44673","-","**","12079","2909","-","**","14536","7710","-","**","-","**","27321","10201","11786","3990","11625","3040","25403","9338","26000","9392","17232","21484","32475","32099","14207","6328","22159","30003","11000","1291","10697","2306","10820","2397","-","**","11208","1489","10955","1488","-","**","(X)","(X)","(X)","(X)","(X)","(X)"
"1400000US36005013000","Census Tract 130, Bronx County, New York","449","32","86.9","8.3","1.8","2.9","0.0","7.0","0.0","7.0","0.0","7.0","5.8","6.3","5.6","4.9","30.3","11.6","67.7","11.5","1.8","2.9","10.7","7.5","59.9","12.9","27.6","12.1","274","68","19.3","13.4","80.7","13.4","67.2","14.8","29.9","14.7","2.9","4.7","175","61","49.1","23.5","29.7","19.1","19.4","19.8","50.9","23.5","41.1","24.2","9.7","11.8","42.1","(X)","43.8","(X)","39.4","(X)","68512","14184","73409","18559","-","**","-","**","-","**","-","**","-","**","16250","163740","67188","19244","69286","29163","-","**","62115","110202","90398","23575","46000","20176","78125","26110","67109","64111","78906","29528","66406","34533","90455","27490","-","**","64327","20044","71250","23439","98021","30312","-","**","43173","14568","39537","32269","-","**","(X)","(X)","(X)","(X)","(X)","(X)"
"1400000US36005013100","Census Tract 131, Bronx County, New York","1583","79","11.9","4.2","38.9","7.6","0.0","2.0","1.1","1.4","0.0","2.0","46.2","7.6","1.8","1.9","60.6","6.9","1.6","1.2","3.0","2.2","39.4","6.4","41.7","6.8","15.9","4.5","1066","107","61.7","7.8","38.3","7.8","40.2","10.7","52.9","10.5","6.8","5.2","517","114","48.5","12.8","39.3","12.6","9.3","7.7","51.5","12.8","41.6","11.9","9.9","8.6","40.7","(X)","45.3","(X)","31.3","(X)","28594","6763","22083","10857","33306","13433","-","**","-","**","-","**","28565","14439","28661","10540","29444","11340","4904","7601","16406","42127","36607","22050","19375","11029","18558","8803","32727","8609","31563","9468","36932","21039","61103","8337","26786","6830","22083","66788","12975","4594","9914","7788","9092","1163","43750","18175","13720","4523","13323","4032","29306","44939","(X)","(X)","(X)","(X)","(X)","(X)"
"1400000US36005013200","Census Tract 132, Bronx County, New York","2462","105","53.7","10.0","12.1","4.3","0.0","1.3","3.4","2.9","0.0","1.3","29.6","9.3","1.3","1.4","47.7","8.2","36.8","8.6","0.4","0.7","39.3","8.9","42.9","7.9","17.4","4.2","1788","201","30.0","9.6","70.0","9.6","61.2","10.1","29.0","8.9","9.8","5.3","674","198","33.4","14.1","29.8","13.4","3.6","5.7","66.6","14.1","53.7","16.2","12.9","11.2","45.2","(X)","51.5","(X)","28.5","(X)","91968","6640","86918","9165","68718","48803","-","**","162083","241867","-","**","95018","5922","-","**","95147","10413","83651","13994","-","**","92568","7442","95755","12545","59286","45345","96737","8399","97275","25286","96139","11726","102959","9312","73344","34527","100847","26937","61250","25826","43750","42267","24018","42098","-","**","79798","16212","84435","34779","77863","14909","(X)","(X)","(X)","(X)","(X)","(X)"
"1400000US36005013300","Census Tract 133, Bronx County, New York","2188","117","6.3","3.5","48.0","5.8","0.0","1.5","0.5","0.7","0.0","1.5","42.9","6.9","2.3","2.3","58.3","6.6","0.0","1.5","0.5","0.7","28.2","8.8","47.5","7.2","23.8","6.1","1534","218","39.6","10.4","60.4","10.4","32.5","10.1","47.7","11.1","19.8","9.7","654","188","47.1","14.5","47.1","14.5","0.0","4.8","52.9","14.5","47.6","15.6","5.4","6.1","32.1","(X)","37.5","(X)","19.4","(X)","22012","11473","9598","16917","21860","11361","-","**","-","**","-","**","19972","32258","31944","57816","18363","12047","-","**","-","**","30221","31320","30455","16823","15082","7230","31225","10991","27188","26425","31422","11978","47216","28462","20648","12407","19500","8595","9887","1903","9583","4582","9583","4582","-","**","10373","2222","10243","2029","-","**","(X)","(X)","(X)","(X)","(X)","(X)"
"1400000US36005013500","Census Tract 135, Bronx County, New York","1201","101","4.2","2.5","49.6","8.1","0.0","2.7","0.0","2.7","0.0","2.7","42.0","8.5","4.2","3.4","51.8","7.8","1.7","1.9","3.3","2.7","45.2","10.6","32.6","9.0","18.9","7.5","816","112","57.1","10.9","42.9","10.9","37.4","10.8","52.6","11.2","10.0","6.4","385","110","43.6","12.3","35.3","12.6","8.3","11.5","56.4","12.3","48.8","13.2","7.5","8.7","34.5","(X)","30.5","(X)","38.7","(X)","20171","2825","73438","122136","20538","2740","-","**","-","**","-","**","18396","2888","33333","27457","18542","3234","-","**","32143","11290","19254","4190","21402","9885","19018","6772","22188","8975","16368","7890","29643","12009","41950","16226","14408","6737","17344","14152","18875","2922","14268","5853","13293","3278","-","**","20396","1573","19868","2745","-","**","(X)","(X)","(X)","(X)","(X)","(X)"
"1400000US36005013800","Census Tract 138, Bronx County, New York","1251","106","83.9","8.5","4.7","4.1","0.0","2.6","1.8","1.6","0.0","2.6","9.6","7.2","0.0","2.6","21.3","8.6","72.3","8.9","1.0","1.8","26.9","7.9","42.8","6.8","29.4","6.7","725","137","42.3","14.9","57.7","14.9","62.5","14.6","24.6","10.6","13.0","10.4","526","112","42.4","14.9","42.4","14.9","0.0","6.0","57.6","14.9","36.7","17.4","20.9","15.7","26.6","(X)","25.0","(X)","28.9","(X)","70774","13333","69545","11278","40694","66374","-","**","106875","22692","-","**","121979","173995","-","**","98430","13969","66792","9869","-","**","99704","28311","71488","25790","38430","16141","93018","28820","92530","51769","96111","28453","101726","16163","61000","43392","59426","55615","42232","14221","26528","13765","26528","13765","-","**","65024","44854","48750","35289","76154","66921","(X)","(X)","(X)","(X)","(X)","(X)"
"1400000US36005014100","Census Tract 141, Bronx County, New York","1523","93","23.1","5.9","41.2","6.6","3.0","2.3","0.7","1.0","0.0","2.1","27.3","7.0","4.7","2.8","61.3","6.3","2.0","2.0","4.3","2.9","44.8","7.2","38.7","6.6","12.2","3.6","840","100","64.0","11.4","36.0","11.4","25.8","8.8","62.1","9.8","12.0","8.0","683","98","61.2","10.4","56.2","10.5","5.0","4.5","38.8","10.4","38.8","10.4","0.0","4.6","27.1","(X)","32.5","(X)","19.0","(X)","30850","4618","23182","7041","37587","7001","70313","78830","-","**","-","**","19810","11953","18409","29274","22614","9434","12841","7241","21417","21583","36845","5847","28867","6273","13091","3207","35375","3682","35357","4534","35417","14583","50509","12027","24575","13993","38750","12778","26875","15365","28984","12275","27656","20776","78000","84752","18850","13924","18850","13924","-","**","(X)","(X)","(X)","(X)","(X)","(X)"
"1400000US36005014300","Census Tract 143, Bronx County, New York","315","44","15.2","8.7","38.1","13.6","1.6","2.5","3.5","4.5","0.0","9.8","34.3","14.7","7.3","7.0","47.6","16.1","7.0","6.1","7.9","8.6","32.4","12.1","39.0","14.7","20.6","10.6","142","39","81.0","14.9","19.0","14.9","32.4","19.3","60.6","20.7","7.0","8.4","173","54","63.0","19.0","58.4","19.7","4.6","7.0","37.0","19.0","27.2","17.0","9.8","14.5","24.8","(X)","23.2","(X)","26.0","(X)","10114","8540","9412","33864","17647","32395","-","**","-","**","-","**","9519","8261","10795","30942","10227","5968","9464","62307","3897","13254","19559","24945","14861","7900","7583","5114","18824","19979","16094","17023","49464","25302","41250","12286","4914","14645","-","**","8994","2349","7784","4674","7159","6067","-","**","10682","13066","9276","1846","-","**","(X)","(X)","(X)","(X)","(X)","(X)"
"1400000US36005014400","Census Tract 144, Bronx County, New York","2021","128","27.3","6.7","34.1","7.5","2.1","2.5","0.6","0.7","0.0","1.6","33.2","8.1","2.8","2.4","61.2","7.2","6.9","3.7","1.0","1.5","27.8","7.1","40.7","7.3","30.5","5.9","1342","172","50.9","8.9","49.1","8.9","30.0","9.1","67.1","9.5","2.9","3.3","679","150","66.3","12.3","59.2","12.6","7.1","6.6","33.7","12.3","26.2","11.1","7.5","6.8","41.9","(X)","45.2","(X)","35.2","(X)","21964","4470","23190","5922","23295","7699","-","**","-","**","-","**","18611","8182","22292","45393","19777","4564","23111","8514","-","**","22702","14642","20833","8967","21493","4618","28538","5920","23189","10849","35234","16357","61583","19220","22875","8479","-","**","13393","2741","13258","7054","9917","6349","23864","52574","13470","2820","12159","3696","20481","29697","(X)","(X)","(X)","(X)","(X)","(X)"
"1400000US36005014500","Census Tract 145, Bronx County, New York","1992","100","10.0","3.7","49.1","9.6","0.7","1.1","0.0","1.6","0.0","1.6","35.7","9.0","4.4","2.8","49.4","9.1","0.6","0.9","4.4","2.7","47.9","7.5","32.8","7.7","14.9","5.1","1378","140","71.0","8.4","29.0","8.4","23.9","7.6","67.3","8.8","8.8","5.6","614","138","54.2","14.0","52.0","13.5","2.3","3.4","45.8","14.0","39.1","13.8","6.7","7.4","32.1","(X)","29.2","(X)","37.5","(X)","20621","5666","32955","26118","15851","3945","-","**","-","**","-","**","30134","22953","26389","28464","30313","17902","-","**","30000","25507","20417","14895","25647","16282","12656","7865","20534","5002","20465","11850","20637","4668","43167","7375","11340","6388","22902","10246","13892","6917","13872","11332","13445","9368","-","**","13910","19003","17500","28403","-","**","(X)","(X)","(X)","(X)","(X)","(X)"
"1400000US36005014701","Census Tract 147.01, Bronx County, New York","2039","37","7.4","4.5","59.8","9.2","0.0","1.6","0.0","1.6","0.0","1.6","30.8","9.4","2.0","2.1","40.9","8.8","0.7","1.3","0.7","1.3","55.1","9.0","26.3","6.8","17.9","7.2","1585","157","66.1","9.5","33.9","9.5","19.8","9.0","74.6","10.3","5.6","5.5","454","159","24.7","19.8","24.7","19.8","0.0","6.9","75.3","19.8","67.6","21.6","7.7","9.2","38.0","(X)","36.9","(X)","41.6","(X)","21106","4656","40815","40028","20202","5280","-","**","-","**","-","**","23733","13959","14327","12143","23954","6942","-","**","-","**","22460","5591","22188","9749","17179","2380","23211","5163","23418","6727","19308","29570","37500","39850","16429","10811","44291","235283","17045","6891","20833","35037","20833","35037","-","**","16916","6781","16834","6411","-","**","(X)","(X)","(X)","(X)","(X)","(X)"
"1400000US36005014702","Census Tract 147.02, Bronx County, New York","1584","73","9.9","5.0","44.6","7.2","0.0","2.0","0.0","2.0","0.0","2.0","41.5","8.3","4.0","3.4","58.5","6.9","0.0","2.0","4.1","3.4","30.3","7.5","49.6","7.9","16.0","6.1","1206","131","56.8","10.1","43.2","10.1","24.1","7.0","70.4","7.6","5.5","3.6","378","124","75.7","15.6","75.7","15.6","0.0","8.2","24.3","15.6","19.6","13.7","4.8","7.8","36.9","(X)","40.2","(X)","20.4","(X)","17940","4040","9923","11637","20823","7736","-","**","-","**","-","**","14716","4354","28188","24761","16467","5359","-","**","11307","5412","14314","11589","18856","2155","13942","35703","20767","5605","15848","6924","28325","7108","33083","33493","19462","3947","26111","48325","9741","4820","9955","6692","9955","6692","-","**","9355","42641","9602","74349","-","**","(X)","(X)","(X)","(X)","(X)","(X)"
"1400000US36005014900","Census Tract 149, Bronx County, New York","1348","115","10.2","3.9","46.4","7.2","0.0","2.4","0.0","2.4","0.0","2.4","38.3","7.7","5.2","3.7","55.5","7.1","1.4","1.8","5.1","3.8","34.1","8.5","40.9","8.9","19.9","4.6","848","109","54.5","10.3","45.5","10.3","31.5","9.9","58.5","9.1","10.0","6.7","500","107","42.2","14.3","39.2","13.5","3.0","4.6","57.8","14.3","48.6","15.3","9.2","8.5","33.1","(X)","30.2","(X)","38.0","(X)","23491","6038","22344","24742","27426","16033","-","**","-","**","-","**","15909","9144","45500","65581","21875","12529","-","**","22891","17799","21806","14547","31964","15092","22600","5791","32800","8992","27750","12088","40156","21305","40640","15375","24896","13344","35739","34922","14000","8211","9464","10563","8929","7373","-","**","18565","8700","18102","9516","40781","42561","(X)","(X)","(X)","(X)","(X)","(X)"
"1400000US36005015100","Census Tract 151, Bronx County, New York","1836","79","10.3","5.0","46.0","6.5","0.0","1.8","0.0","1.8","0.4","0.7","38.2","7.2","5.0","2.9","58.3","6.4","0.8","1.2","1.5","1.8","37.4","5.9","52.6","6.1","8.5","2.4","1308","128","57.4","8.6","42.6","8.6","39.3","8.5","49.8","9.3","10.9","6.2","528","114","40.2","12.9","32.8","12.6","7.4","6.8","59.8","12.9","48.3","12.9","11.6","9.6","33.7","(X)","32.8","(X)","33.0","(X)","29031","5841","9073","1751","31458","9622","-","**","-","**","-","**","39474","16114","16875","32280","28634","14634","-","**","55556","32863","37926","8568","27948","6053","9957","5218","38396","9962","36420","9937","46058","22784","55278","18811","27671","3423","44853","28431","9804","7435","9358","1008","8911","509","86645","19146","14667","18149","9466","7696","44013","53945","(X)","(X)","(X)","(X)","(X)","(X)"
"1400000US36005015200","Census Tract 152, Bronx County, New York","854","61","54.8","8.8","8.8","5.7","0.6","0.9","3.0","3.1","0.0","3.7","29.5","9.2","3.3","3.0","48.0","8.9","41.0","8.8","0.0","3.7","37.0","9.0","38.5","8.4","24.5","8.2","654","83","47.2","8.5","52.8","8.5","51.7","12.2","40.8","11.1","7.5","5.5","200","72","75.0","13.7","67.5","17.8","7.5","8.5","25.0","13.7","25.0","13.7","0.0","15.0","39.3","(X)","36.1","(X)","33.0","(X)","58125","9229","56250","10284","67159","74380","-","**","127955","153187","-","**","49400","25548","91000","57107","64167","12328","50682","13523","-","**","63545","13471","78750","27103","21597","18978","61875","8535","60750","21057","63250","29553","66379","29147","34306","15043","70521","91623","46563","50664","17083","35495","16771","25902","-","**","62917","3006","62917","3006","-","**","(X)","(X)","(X)","(X)","(X)","(X)"
"1400000US36005015300","Census Tract 153, Bronx County, New York","1419","66","17.8","6.7","45.5","6.3","1.0","1.8","0.2","1.1","0.6","1.3","30.4","8.1","4.5","3.3","53.6","6.7","1.9","2.0","2.7","2.9","35.4","6.8","43.6","7.0","18.3","5.9","820","125","74.8","9.2","25.2","9.2","33.5","12.0","57.1","12.6","9.4","6.8","599","114","59.9","13.2","52.3","13.3","7.7","8.1","40.1","13.2","36.2","12.9","3.8","6.0","34.1","(X)","41.1","(X)","17.9","(X)","21521","4681","16603","2628","34417","14648","-","**","-","**","-","**","20759","9410","15921","19932","17612","3672","18313","4713","26250","43822","16495","6742","32683","14796","19674","7471","29423","20136","16804","11923","64271","25280","75215","18193","15607","2094","44297","28195","18407","8295","17540","10207","16607","10590","-","**","19274","9548","18347","14428","-","**","(X)","(X)","(X)","(X)","(X)","(X)"
"1400000US36005015500","Census Tract 155, Bronx County, New York","1040","55","13.4","6.0","27.2","7.6","0.0","3.1","0.0","3.1","0.0","3.1","55.3","9.2","4.1","3.2","75.1","5.9","0.8","1.4","2.3","2.7","35.2","7.8","36.4","8.4","26.1","6.0","778","73","55.4","10.1","44.6","10.1","48.6","10.9","38.4","11.3","13.0","8.0","262","80","69.5","17.3","65.6","17.3","3.8","6.2","30.5","17.3","26.0","16.8","4.6","7.5","49.3","(X)","50.5","(X)","40.5","(X)","26698","9372","26797","21458","37708","7579","-","**","-","**","-","**","22044","9361","8875","4311","22130","9286","-","**","-","**","33194","11411","37652","5629","15807","4785","36630","5222","38523","14159","35331","4466","41786","14187","25938","8776","47898","27959","11923","4597","13594","6553","12813","6845","-","**","10875","4450","10125","4705","-","**","(X)","(X)","(X)","(X)","(X)","(X)"
"1400000US36005015700","Census Tract 157, Bronx County, New York","1101","88","12.4","6.7","43.1","7.6","1.5","2.3","1.5","2.2","0.0","2.9","40.5","8.7","1.0","1.6","56.1","8.3","2.5","3.7","7.6","5.3","47.7","8.2","34.7","7.6","10.0","4.1","735","112","56.7","11.3","43.3","11.3","24.5","12.1","65.0","14.0","10.5","7.5","366","116","33.3","16.1","29.5","17.2","3.8","6.9","66.7","16.1","49.5","19.4","17.2","15.8","29.7","(X)","29.5","(X)","30.1","(X)","26250","6648","23295","16342","30919","12624","-","**","-","**","-","**","27554","29281","-","**","17198","13333","-","**","18529","23198","42750","22598","26818","14358","23221","9365","28192","4431","25052","15600","29241","2620","56218","4809","24183","8684","16023","20584","16897","4009","14286","9760","9872","10328","-","**","23750","41842","17311","18919","50824","31170","(X)","(X)","(X)","(X)","(X)","(X)"
"1400000US36005015800","Census Tract 158, Bronx County, New York","444","43","60.8","12.8","9.9","8.6","0.0","7.1","2.0","3.3","0.0","7.1","10.4","10.4","16.9","7.0","34.7","11.2","48.0","11.4","0.0","7.1","32.4","13.4","34.7","16.4","32.9","10.4","295","61","44.7","14.9","55.3","14.9","58.3","17.5","24.4","13.1","17.3","15.6","149","52","45.0","20.4","37.6","16.3","7.4","10.5","55.0","20.4","55.0","20.4","0.0","19.5","29.5","(X)","34.2","(X)","20.1","(X)","55556","31094","81346","15725","23750","28717","-","**","-","**","-","**","12000","154843","53688","369","75625","54534","74327","24401","-","**","54125","1156","85781","43725","36071","14942","82639","24074","105500","80028","74519","28289","83571","34239","11000","65684","83688","74331","52646","18228","35729","18392","29000","18642","-","**","-","**","-","**","-","**","(X)","(X)","(X)","(X)","(X)","(X)"
"1400000US36005015900","Census Tract 159, Bronx County, New York","673","62","18.1","8.0","6.1","6.4","0.6","1.0","0.0","4.7","0.0","4.7","71.5","11.0","3.7","3.1","95.2","6.4","0.0","4.7","1.9","3.1","39.2","9.3","30.6","11.8","28.2","10.7","474","84","53.0","14.2","47.0","14.2","16.7","9.8","66.9","16.2","16.5","13.0","199","69","67.8","22.1","67.8","22.1","0.0","15.0","32.2","22.1","32.2","22.1","0.0","15.0","35.7","(X)","41.4","(X)","17.6","(X)","17281","17299","18750","20357","72670","118811","-","**","-","**","-","**","17109","24852","53250","62282","17156","14215","-","**","-","**","17336","48456","29342","21025","12778","6748","26042","18908","28355","44167","24583","24962","28487","21016","25729","40742","16944","62292","12208","11748","9638","3014","9638","3014","-","**","46371","4879","46371","4879","-","**","(X)","(X)","(X)","(X)","(X)","(X)"
"1400000US36005016000","Census Tract 160, Bronx County, New York","1495","125","84.1","9.1","0.0","2.1","0.0","2.1","0.7","1.1","0.0","2.1","13.7","9.0","1.5","2.3","19.7","9.3","79.6","9.2","5.4","5.3","27.0","10.6","40.9","10.2","26.7","8.6","1085","192","33.0","11.2","67.0","11.2","74.0","11.5","15.8","10.1","10.2","8.7","410","135","44.4","21.0","36.1","21.3","8.3","9.2","55.6","21.0","45.4","20.1","10.2","12.2","38.0","(X)","37.3","(X)","39.8","(X)","85104","34697","75638","26854","-","**","-","**","-","**","-","**","116516","61705","-","**","115293","49800","75638","27579","9276","40891","115931","19640","119808","37683","43376","14227","109904","29769","130500","41646","96750","31274","121583","26977","64813","27738","115080","47376","19224","7457","17115","8034","15481","3379","-","**","19891","19732","18750","10919","-","**","(X)","(X)","(X)","(X)","(X)","(X)"
"1400000US36005016100","Census Tract 161, Bronx County, New York","1738","63","16.0","5.8","25.5","6.5","0.0","1.8","1.0","1.1","0.0","1.8","56.9","8.2","0.6","1.0","75.0","6.8","2.1","3.3","3.2","3.3","28.0","8.2","49.0","9.4","19.7","6.4","1054","168","58.3","12.6","41.7","12.6","27.7","9.9","62.8","10.9","9.5","7.5","684","166","54.4","13.4","54.4","13.4","0.0","4.6","45.6","13.4","40.4","13.3","5.3","6.6","32.9","(X)","29.9","(X)","33.6","(X)","16889","7143","15500","8746","20156","17722","-","**","-","**","-","**","13854","12110","-","**","16778","8344","-","**","48676","8509","19250","15981","12388","8521","13750","9088","21029","10456","18571","12510","25833","14973","40156","13505","12099","9998","43636","55822","9241","1052","8500","1234","8500","1234","-","**","10859","7594","10156","6363","-","**","(X)","(X)","(X)","(X)","(X)","(X)"
"1400000US36005016200","Census Tract 162, Bronx County, New York","544","63","69.7","13.9","11.9","10.3","0.0","5.8","2.0","3.3","0.0","5.8","6.4","7.3","9.9","7.6","35.1","12.0","59.0","12.7","4.2","6.6","36.2","12.2","39.7","11.3","19.9","10.6","422","76","48.3","14.8","51.7","14.8","49.5","12.5","39.8","11.8","10.7","8.9","122","59","72.1","21.7","72.1","21.7","0.0","23.1","27.9","21.7","27.9","21.7","0.0","23.1","33.5","(X)","38.2","(X)","17.2","(X)","67778","48085","75156","51238","172974","236684","-","**","-","**","-","**","-","**","-","**","69688","99126","65875","57531","-","**","25764","54189","107583","23161","56250","59460","81897","27692","30000","23214","109750","8456","110089","15959","26250","48511","26875","36200","33889","8657","26250","27606","26250","27606","-","**","42308","23755","42308","23755","-","**","(X)","(X)","(X)","(X)","(X)","(X)"
"1400000US36005016300","Census Tract 163, Bronx County, New York","0","12","-","**","-","**","-","**","-","**","-","**","-","**","-","**","-","**","-","**","-","**","-","**","-","**","-","**","0","12","-","**","-","**","-","**","-","**","-","**","0","12","-","**","-","**","-","**","-","**","-","**","-","**","-","(X)","-","(X)","-","(X)","-","**","-","**","-","**","-","**","-","**","-","**","-","**","-","**","-","**","-","**","-","**","-","**","-","**","-","**","-","**","-","**","-","**","-","**","-","**","-","**","-","**","-","**","-","**","-","**","-","**","-","**","-","**","(X)","(X)","(X)","(X)","(X)","(X)"
"1400000US36005016400","Census Tract 164, Bronx County, New York","403","44","89.3","7.1","4.2","4.7","0.0","7.7","0.0","7.7","0.0","7.7","6.5","5.5","0.0","7.7","22.1","8.0","73.7","8.7","0.0","7.7","38.7","10.8","20.8","8.2","40.4","8.2","289","53","43.9","11.4","56.1","11.4","83.4","9.2","14.9","9.4","1.7","2.7","114","44","57.0","22.5","50.0","21.5","7.0","10.5","43.0","22.5","40.4","23.3","2.6","5.9","21.8","(X)","20.4","(X)","25.4","(X)","77344","20748","85104","14483","-","**","-","**","-","**","-","**","41000","41410","-","**","71806","40435","85260","16970","-","**","115500","59048","75938","10986","32386","41693","90250","34335","77250","90338","97692","39791","98990","11638","53750","13843","-","**","31591","42104","23438","12757","19609","15326","-","**","84464","65220","83929","75961","-","**","(X)","(X)","(X)","(X)","(X)","(X)"
"1400000US36005016500","Census Tract 165, Bronx County, New York","361","42","6.9","6.7","51.8","14.5","0.0","8.6","0.0","8.6","0.0","8.6","38.0","14.7","3.3","4.8","61.5","14.0","1.1","2.0","0.0","8.6","49.3","13.5","40.2","13.8","10.5","8.3","268","47","45.5","16.9","54.5","16.9","33.2","16.7","61.9","16.2","4.9","6.8","93","48","58.1","31.4","51.6","32.4","6.5","12.5","41.9","31.4","26.9","27.6","15.1","23.5","31.6","(X)","31.3","(X)","28.0","(X)","25164","7234","43672","15435","24861","11210","-","**","-","**","-","**","10972","30038","-","**","25703","19617","-","**","-","**","20500","12030","24028","38545","57500","41815","25592","3855","10625","9591","53625","35478","53563","55967","12500","15375","-","**","9915","27115","8807","373","8816","486","-","**","34375","16003","-","**","-","**","(X)","(X)","(X)","(X)","(X)","(X)"
"1400000US36005016600","Census Tract 166, Bronx County, New York","766","64","66.6","8.0","4.8","4.4","0.0","4.2","5.5","4.0","0.0","4.2","18.0","6.3","5.1","4.3","37.9","8.1","52.3","7.8","0.0","4.2","27.3","9.5","42.4","9.2","30.3","8.8","626","78","38.5","10.8","61.5","10.8","65.3","10.2","23.3","9.7","11.3","7.2","140","50","79.3","18.1","79.3","18.1","0.0","20.5","20.7","18.1","16.4","17.3","4.3","6.8","30.8","(X)","29.6","(X)","36.4","(X)","70081","19291","57115","25815","156250","188109","-","**","60000","15758","-","**","70536","45781","90375","78494","82917","28363","45795","30306","-","**","70827","11322","93125","24988","16500","6740","71176","14881","61719","21408","82591","18114","84875","16648","26833","18016","27276","69524","18667","9368","16750","7086","16750","7086","-","**","105368","21625","-","**","-","**","(X)","(X)","(X)","(X)","(X)","(X)"
"1400000US36005016700","Census Tract 167, Bronx County, New York","695","55","6.8","5.1","56.0","8.5","0.0","4.6","0.0","4.6","0.0","4.6","36.0","8.6","1.3","1.3","45.8","8.6","0.6","0.9","6.2","4.0","34.5","7.6","51.9","7.8","7.3","3.0","510","58","54.1","10.0","45.9","10.0","35.7","11.1","49.6","11.9","14.7","7.4","185","55","53.0","18.0","31.9","21.7","21.1","18.3","47.0","18.0","42.2","16.4","4.9","8.0","28.3","(X)","23.5","(X)","41.6","(X)","32386","10322","9821","36545","37031","17237","-","**","-","**","-","**","35221","12961","-","**","31912","11990","-","**","17083","12631","46023","10889","31806","15193","26989","5354","36875","12268","36563","15377","43125","23216","48241","20590","36652","15402","30592","6797","16094","17545","12143","14343","9493","1704","60179","52978","22750","27819","30000","27678","-","**","(X)","(X)","(X)","(X)","(X)","(X)"
"1400000US36005016900","Census Tract 169, Bronx County, New York","459","42","10.5","8.0","67.5","10.4","0.0","6.8","0.0","6.8","0.0","6.8","22.0","9.4","0.0","6.8","34.4","11.3","3.5","5.2","2.0","2.8","34.6","11.8","53.8","13.3","9.6","6.3","278","62","60.1","15.1","39.9","15.1","28.8","12.1","65.5","12.9","5.8","7.1","181","57","71.8","16.2","49.2","19.3","22.7","16.4","28.2","16.2","22.7","15.6","5.5","6.4","33.1","(X)","33.1","(X)","22.7","(X)","33899","6528","8611","21047","34500","14077","-","**","-","**","-","**","34769","18818","-","**","33611","15859","-","**","-","**","34375","7849","56563","53591","18269","8471","42188","13789","28355","26727","78750","28638","90952","24640","29342","26393","-","**","17560","8541","12241","14511","11595","5807","33906","114767","18375","45257","19250","91371","-","**","(X)","(X)","(X)","(X)","(X)","(X)"
"1400000US36005017100","Census Tract 171, Bronx County, New York","0","12","-","**","-","**","-","**","-","**","-","**","-","**","-","**","-","**","-","**","-","**","-","**","-","**","-","**","0","12","-","**","-","**","-","**","-","**","-","**","0","12","-","**","-","**","-","**","-","**","-","**","-","**","-","(X)","-","(X)","-","(X)","-","**","-","**","-","**","-","**","-","**","-","**","-","**","-","**","-","**","-","**","-","**","-","**","-","**","-","**","-","**","-","**","-","**","-","**","-","**","-","**","-","**","-","**","-","**","-","**","-","**","-","**","-","**","(X)","(X)","(X)","(X)","(X)","(X)"
"1400000US36005017300","Census Tract 173, Bronx County, New York","2195","115","16.2","5.8","34.4","7.1","1.9","2.2","3.3","2.1","0.0","1.5","41.5","8.1","2.8","2.4","65.1","6.4","0.0","1.5","2.2","2.1","29.2","7.4","42.6","7.8","25.9","4.8","1289","152","38.5","9.6","61.5","9.6","33.9","9.9","48.7","11.5","17.4","9.7","906","139","43.5","14.1","38.1","14.2","5.4","6.0","56.5","14.1","53.4","14.4","3.1","3.8","26.4","(X)","31.8","(X)","18.7","(X)","22699","4382","22938","29569","19830","7980","-","**","27000","56179","-","**","22807","8909","40040","28846","21977","11575","-","**","10341","3719","35321","8891","24457","6249","10950","1869","31238","6670","35167","10401","30252","11364","35639","8634","23909","2644","47134","5596","11456","2505","9333","1091","9019","595","-","**","14018","3381","14018","3381","-","**","(X)","(X)","(X)","(X)","(X)","(X)"
"1400000US36005017500","Census Tract 175, Bronx County, New York","2308","136","7.4","4.2","46.4","6.3","0.0","1.4","0.0","1.4","0.0","1.4","39.4","7.1","6.8","4.2","58.2","5.8","0.5","0.8","3.4","2.5","40.9","7.0","30.5","6.6","25.1","4.9","1421","166","64.7","9.7","35.3","9.7","22.4","7.4","60.9","9.6","16.7","7.7","887","151","55.6","11.8","48.8","12.1","6.8","6.1","44.4","11.8","43.5","12.2","0.9","1.4","35.2","(X)","38.1","(X)","27.1","(X)","17825","2860","33036","25383","19245","7636","-","**","-","**","-","**","13550","3874","19821","32316","15729","4742","-","**","17228","9188","19898","11787","20375","5561","10096","2008","21493","6506","16995","4807","29650","9318","43304","15809","15459","3041","29811","6099","10814","2598","11161","4976","10089","2201","28750","36909","10139","4168","10417","4497","-","**","(X)","(X)","(X)","(X)","(X)","(X)"
"1400000US36005017701","Census Tract 177.01, Bronx County, New York","1125","141","9.1","6.8","24.9","8.4","0.0","2.8","0.0","2.8","0.0","2.8","64.1","13.5","2.0","4.3","71.7","10.0","3.4","4.5","5.3","5.8","50.6","10.5","39.2","8.9","4.9","3.9","799","144","62.7","8.5","37.3","8.5","17.0","9.3","61.3","14.0","21.7","12.7","326","154","46.9","23.4","46.9","23.4","0.0","9.5","53.1","23.4","24.5","24.1","28.5","26.5","33.6","(X)","33.8","(X)","32.8","(X)","26224","6547","9125","8996","35417","48807","-","**","-","**","-","**","23424","13308","-","**","23424","8894","-","**","68300","37381","17798","13311","35069","18005","-","**","25078","9479","17083","6977","42351","19926","81011","16202","18571","10322","21484","5930","23910","23966","9578","7502","9578","7502","-","**","43177","231014","23214","49474","-","**","(X)","(X)","(X)","(X)","(X)","(X)"
"1400000US36005017702","Census Tract 177.02, Bronx County, New York","1609","113","8.3","4.4","44.7","9.0","0.0","2.0","0.0","2.0","0.0","2.0","45.6","8.8","1.3","1.5","60.1","9.8","0.0","2.0","5.7","4.6","37.7","9.3","40.1","8.8","16.5","5.8","985","156","57.3","10.0","42.7","10.0","19.0","8.3","59.2","11.8","21.8","10.2","624","158","55.0","15.0","53.5","15.0","1.4","2.8","45.0","15.0","42.0","16.6","3.0","5.3","22.0","(X)","24.6","(X)","16.2","(X)","20554","6078","11900","4024","21750","18974","-","**","-","**","-","**","22244","6252","-","**","21315","6519","-","**","11587","42721","24099","12706","22004","3408","13658","2502","23075","2084","21667","8339","26510","22992","25625","35114","21607","8110","23763","1240","12791","2341","9120","2186","9005","2166","-","**","29556","33168","28790","26584","-","**","(X)","(X)","(X)","(X)","(X)","(X)"
"1400000US36005017901","Census Tract 179.01, Bronx County, New York","1651","45","9.0","4.7","41.2","7.7","0.6","1.0","0.4","1.3","0.0","1.9","46.5","7.9","2.3","2.1","65.5","7.2","0.0","1.9","4.7","3.4","38.0","7.4","48.0","7.8","9.3","6.1","1124","124","56.4","10.3","43.6","10.3","30.6","12.2","50.2","12.0","19.2","10.5","527","136","62.0","18.3","53.5","18.2","8.5","10.9","38.0","18.3","35.5","18.2","2.5","4.5","33.1","(X)","35.6","(X)","17.6","(X)","20647","6648","52069","20977","23670","8806","-","**","-","**","-","**","18285","4803","90341","118498","23013","7579","-","**","25563","24644","25882","34211","20521","7481","16523","6414","24466","4355","20568","12615","28793","21222","35536","24435","22991","8155","20750","8096","12672","4352","10587","4751","9790","1834","-","**","14510","5721","14191","2714","-","**","(X)","(X)","(X)","(X)","(X)","(X)"
"1400000US36005017902","Census Tract 179.02, Bronx County, New York","1139","49","17.9","8.8","39.0","9.1","0.0","2.8","0.0","2.8","0.0","2.8","39.5","8.3","3.6","3.5","58.6","9.1","1.2","1.9","3.3","5.3","42.4","11.0","45.9","11.2","8.3","4.6","779","98","51.3","12.7","48.7","12.7","42.5","12.4","49.7","13.1","7.8","8.2","360","93","38.9","17.1","38.9","17.1","0.0","8.6","61.1","17.1","56.4","17.7","4.7","8.0","29.9","(X)","36.5","(X)","15.6","(X)","27088","7231","14048","15026","31579","15919","-","**","-","**","-","**","33214","12497","11012","10936","30137","6939","-","**","-","**","31010","5080","34911","16408","14519","1839","34554","7786","37237","9060","27639","10498","47461","12922","31012","10296","7007","67839","12576","3853","15212","4309","15212","4309","-","**","11767","11785","11982","15163","-","**","(X)","(X)","(X)","(X)","(X)","(X)"
"1400000US36005018101","Census Tract 181.01, Bronx County, New York","977","86","10.8","5.9","45.4","9.1","2.0","2.5","0.0","3.3","0.0","3.3","41.7","11.2","0.0","3.3","54.0","9.2","0.0","3.3","3.4","3.7","43.7","11.3","32.8","9.3","20.2","7.6","636","111","56.8","12.6","43.2","12.6","39.8","14.2","56.4","14.0","3.8","4.4","341","98","73.3","19.0","61.0","22.1","12.3","11.9","26.7","19.0","23.2","17.6","3.5","6.0","35.1","(X)","44.2","(X)","18.2","(X)","26694","8930","18864","5009","28780","16038","-","**","-","**","-","**","26583","17866","-","**","25056","12711","-","**","46771","66101","13750","18550","28558","6481","42321","30284","28438","14696","22212","16066","44583","25652","39087","16357","21556","7475","-","**","17463","23114","27115","21941","25769","20155","71591","42179","4297","22515","3359","14422","-","**","(X)","(X)","(X)","(X)","(X)","(X)"
"1400000US36005018102","Census Tract 181.02, Bronx County, New York","1573","86","15.0","5.8","44.9","6.9","0.0","2.0","2.8","2.7","0.0","2.0","34.8","7.8","2.5","2.1","46.9","6.6","5.7","4.5","1.7","1.8","43.0","7.4","42.7","7.3","12.6","4.8","1136","140","48.2","11.6","51.8","11.6","51.9","10.4","33.3","9.4","14.8","8.7","437","131","38.4","16.1","26.5","14.7","11.9","11.6","61.6","16.1","54.9","16.4","6.6","8.1","33.2","(X)","38.0","(X)","20.6","(X)","38561","5591","43304","26855","37886","7125","-","**","39397","42770","-","**","38807","19822","36806","69262","35694","15577","64821","115893","70089","55196","37944","14597","42917","9396","22143","31563","38984","7043","26972","14838","41438","5788","44615","10815","19352","5341","47917","7815","33977","7311","46371","43756","46371","76642","55000","67380","31544","14583","26667","15858","-","**","(X)","(X)","(X)","(X)","(X)","(X)"
"1400000US36005018301","Census Tract 183.01, Bronx County, New York","1926","59","18.5","5.2","54.1","6.3","0.0","1.7","1.7","1.3","0.0","1.7","22.9","6.1","2.8","2.4","49.4","4.7","2.2","1.6","1.8","2.1","27.1","6.3","44.9","6.5","26.2","4.5","963","137","48.1","10.7","51.9","10.7","37.0","10.1","56.2","9.9","6.9","6.0","963","131","51.7","11.0","44.7","10.7","7.1","6.4","48.3","11.0","40.6","10.2","7.7","6.1","34.6","(X)","30.7","(X)","36.2","(X)","34500","14804","24028","12151","48021","15471","-","**","-","**","-","**","20509","18993","8684","27692","19150","7922","85938","61776","-","**","50682","11991","35769","16461","16313","4484","34281","16266","52560","22814","29675","8698","58200","8682","21435","10768","81818","25821","32057","19587","41667","23969","32159","23199","48333","45397","30721","18190","25729","15814","66379","70156","(X)","(X)","(X)","(X)","(X)","(X)"
"1400000US36005018302","Census Tract 183.02, Bronx County, New York","1274","55","15.2","7.3","41.9","8.7","1.7","3.0","1.7","1.0","0.0","2.5","34.9","9.8","4.5","4.4","58.3","8.4","0.0","2.5","1.3","1.9","45.5","7.8","41.4","7.6","11.7","5.0","1037","122","46.7","7.9","53.3","7.9","33.5","10.8","50.5","11.7","16.0","9.3","237","115","45.6","25.8","42.2","25.1","3.4","5.1","54.4","25.8","36.3","24.0","18.1","15.2","53.1","(X)","51.8","(X)","45.6","(X)","47167","16701","19079","31145","42308","41279","-","**","-","**","-","**","58309","10759","31563","16318","43828","19664","-","**","-","**","40273","7020","61020","4470","22344","82868","51250","16121","31714","12875","61875","6186","56583","10004","28750","16312","70515","7783","36985","13761","11118","4232","10855","9983","-","**","60368","48121","60441","44418","-","**","(X)","(X)","(X)","(X)","(X)","(X)"
"1400000US36005018400","Census Tract 184, Bronx County, New York","1435","90","69.5","7.6","5.3","4.9","0.0","2.2","3.1","3.6","0.0","2.2","20.1","7.0","1.9","2.8","25.9","7.7","63.3","7.9","0.6","1.0","38.7","8.5","38.3","7.0","22.4","5.9","973","119","48.1","11.2","51.9","11.2","67.8","10.4","21.7","9.2","10.5","7.5","462","121","49.4","15.2","49.4","15.2","0.0","6.8","50.6","15.2","40.7","17.3","10.0","10.3","51.6","(X)","51.7","(X)","43.3","(X)","76477","12753","80625","16579","62159","20274","-","**","62009","35042","-","**","88750","28748","-","**","88026","20221","80580","20849","-","**","88158","20810","82220","7022","37396","8137","85888","9630","85921","15299","82434","32063","90192","15170","73633","37741","113500","102792","46759","31498","41389","7872","41389","7872","-","**","80435","30575","77273","27531","117946","114749","(X)","(X)","(X)","(X)","(X)","(X)"
"1400000US36005018500","Census Tract 185, Bronx County, New York","2390","159","8.1","3.0","45.8","6.7","1.1","1.2","0.0","1.3","0.0","1.3","40.8","6.5","4.2","2.3","56.5","6.7","1.4","1.0","2.2","1.9","51.5","7.1","35.3","6.4","11.0","4.4","1636","165","69.1","9.1","30.9","9.1","30.0","7.9","61.2","8.6","8.7","5.6","754","138","55.8","11.5","48.4","12.0","7.4","5.3","44.2","11.5","42.6","11.3","1.6","2.9","28.3","(X)","28.2","(X)","23.5","(X)","23034","4362","12500","18867","26906","7031","-","**","-","**","-","**","27583","10855","8448","2380","21847","4069","9737","43757","6857","20573","25682","7932","22969","7080","21000","11759","28381","4345","23633","7618","31901","10124","40456","15531","18152","4838","32161","11504","11500","7841","15850","10161","16250","11583","9231","33707","9710","6079","9558","4989","-","**","(X)","(X)","(X)","(X)","(X)","(X)"
"1400000US36005018900","Census Tract 189, Bronx County, New York","2716","124","18.3","5.6","31.4","6.1","0.0","1.2","0.3","0.5","0.0","1.2","48.6","7.7","1.5","1.8","70.9","5.7","1.6","1.4","1.1","1.2","49.2","6.8","33.9","6.6","15.8","3.3","1655","186","70.2","7.7","29.8","7.7","34.3","8.4","54.1","9.0","11.5","7.0","1061","189","38.8","12.3","31.5","12.5","7.4","6.3","61.2","12.3","61.2","12.3","0.0","3.0","26.5","(X)","28.2","(X)","18.7","(X)","22875","2711","22937","3830","24241","12066","-","**","-","**","-","**","22287","5325","-","**","22130","3143","62045","90212","-","**","25238","3725","22353","5803","13892","4953","26154","2323","26044","4145","26307","3428","38357","12371","21125","4599","27303","14319","13168","4995","14083","10042","11775","9424","19583","2087","12218","6474","12218","6474","-","**","(X)","(X)","(X)","(X)","(X)","(X)"
"1400000US36005019300","Census Tract 193, Bronx County, New York","1934","81","15.8","5.8","45.1","5.4","0.4","0.7","0.0","1.7","0.0","1.7","35.0","6.9","3.7","3.0","57.4","5.4","0.0","1.7","2.5","2.3","40.2","6.3","43.8","5.9","13.4","3.9","1312","132","55.5","9.5","44.5","9.5","21.6","7.3","68.4","7.5","9.9","5.0","622","138","35.4","13.9","31.2","14.1","4.2","5.9","64.6","13.9","54.7","14.2","10.0","8.1","38.2","(X)","41.5","(X)","31.2","(X)","20297","3021","15000","9416","18485","5675","-","**","-","**","-","**","22649","4038","25179","22558","20516","3363","-","**","23698","35157","20693","3196","21750","9449","11821","5562","21113","2520","20560","2432","25040","8266","40227","20200","18318","4521","42750","20822","16333","6764","9861","8230","8958","3983","-","**","21250","11031","16154","12840","24688","33360","(X)","(X)","(X)","(X)","(X)","(X)"
"1400000US36005019400","Census Tract 194, Bronx County, New York","723","47","34.2","9.0","15.4","8.7","0.0","4.4","1.4","1.9","0.0","4.4","42.5","12.1","6.6","5.9","56.3","12.1","25.2","8.3","0.6","1.2","37.2","10.4","46.6","11.0","15.6","5.4","478","74","52.9","10.4","47.1","10.4","42.9","11.2","45.0","12.1","12.1","9.0","245","73","30.2","14.6","30.2","14.6","0.0","12.4","69.8","14.6","54.3","21.1","15.5","17.6","61.4","(X)","68.2","(X)","48.2","(X)","51309","9454","52019","46275","50850","40823","-","**","-","**","-","**","50878","12956","55909","85670","50984","12631","50385","45472","-","**","63542","19117","50293","22101","36806","31051","52100","15350","46906","18298","65515","25989","85417","23641","43950","21054","63750","106237","38958","11179","21154","12469","21154","12469","-","**","39884","20326","39282","10832","250,000+","***","(X)","(X)","(X)","(X)","(X)","(X)"
"1400000US36005019500","Census Tract 195, Bronx County, New York","2560","102","12.0","5.1","43.7","6.4","0.0","1.3","1.2","1.4","0.0","1.3","42.0","7.1","1.2","1.4","63.7","4.7","0.0","1.3","3.0","2.6","44.8","7.2","37.9","7.2","14.3","4.6","1831","177","62.6","7.3","37.4","7.3","36.6","7.9","44.2","9.4","19.1","7.6","729","168","55.1","15.2","49.8","16.0","5.3","5.4","44.9","15.2","37.9","15.6","7.0","9.7","33.1","(X)","36.0","(X)","25.8","(X)","32051","8201","13856","3852","36362","8585","-","**","35781","47143","-","**","40035","12544","-","**","28769","5267","-","**","31607","51365","39722","5292","28717","15060","18438","11303","36505","9137","32298","12626","40179","9412","46875","14467","20938","11251","47672","14519","15907","8619","12794","9087","9602","6367","68224","37776","25096","19352","16000","17605","-","**","(X)","(X)","(X)","(X)","(X)","(X)"
"1400000US36005019700","Census Tract 197, Bronx County, New York","2190","106","14.4","6.4","26.3","4.8","2.0","2.3","6.3","3.5","1.8","3.2","46.2","6.8","2.9","2.5","68.7","5.4","0.0","1.5","2.9","2.6","43.1","7.0","41.2","7.6","12.8","4.0","1667","174","68.0","8.1","32.0","8.1","45.5","9.9","48.1","10.3","6.4","4.4","523","151","45.5","16.2","43.0","16.1","2.5","4.1","54.5","16.2","43.2","18.2","11.3","13.3","25.7","(X)","23.8","(X)","28.9","(X)","27898","5586","21442","18012","34542","7246","-","**","32019","37790","-","**","26868","9036","26293","24845","26659","4275","-","**","28661","24655","32364","7088","27486","9610","16162","1667","27183","6418","25678","6620","33852","7079","26647","6021","30223","13085","37865","29091","17473","11436","15542","5945","15271","6907","-","**","29408","17162","40224","26768","-","**","(X)","(X)","(X)","(X)","(X)","(X)"
"1400000US36005019900","Census Tract 199, Bronx County, New York","2618","159","10.7","5.0","36.8","4.9","0.7","1.1","0.0","1.2","0.0","1.2","48.2","7.2","3.6","2.6","62.5","5.0","0.4","0.7","1.9","1.8","39.4","6.8","46.3","6.5","12.4","4.5","1859","190","61.4","8.4","38.6","8.4","32.2","8.0","57.4","8.2","10.4","5.9","759","171","61.9","14.7","50.3","11.4","11.6","10.4","38.1","14.7","27.0","12.6","11.1","10.3","30.9","(X)","33.1","(X)","20.3","(X)","26187","4130","17632","5344","46731","2689","-","**","-","**","-","**","22483","4139","50078","100572","20780","3798","-","**","45391","54015","24454","6054","28537","13819","21250","16055","24885","4864","23466","3733","34028","18305","55295","14254","20355","3801","28393","6513","25364","8458","25072","11615","25362","21129","21167","89323","27375","18250","17224","18455","45536","62444","(X)","(X)","(X)","(X)","(X)","(X)"
"1400000US36005020000","Census Tract 200, Bronx County, New York","1484","91","30.3","6.7","6.3","4.9","0.0","2.2","18.5","4.3","0.0","2.2","36.8","7.1","8.2","4.6","54.2","7.0","18.5","5.6","0.3","0.5","44.4","7.8","42.7","7.6","12.7","4.9","961","138","58.0","8.5","42.0","8.5","57.6","10.0","34.3","10.3","8.0","3.8","523","130","43.4","12.9","33.8","13.7","9.6","7.2","56.6","12.9","43.4","12.6","13.2","10.8","52.4","(X)","59.0","(X)","40.3","(X)","34955","9504","35417","16182","95694","130295","-","**","32200","11843","-","**","33500","11677","54688","65166","37321","10356","38750","22553","-","**","43869","20682","31272","7677","38875","18850","32419","11487","30354","3982","43846","11863","48417","10974","25417","18576","19779","5401","34743","19009","22875","20121","17961","8612","96944","62904","43160","8834","34330","17073","106838","27845","(X)","(X)","(X)","(X)","(X)","(X)"
"1400000US36005020100","Census Tract 201, Bronx County, New York","1298","69","13.6","6.2","39.8","7.5","1.7","3.0","0.0","2.5","0.0","2.5","43.8","7.0","1.1","1.8","64.5","6.2","0.0","2.5","0.9","1.3","38.6","7.8","44.9","8.1","15.6","5.5","967","102","52.5","9.4","47.5","9.4","26.8","8.0","64.2","9.3","9.0","8.1","331","109","53.5","18.1","53.5","18.1","0.0","9.3","46.5","18.1","39.6","17.3","6.9","10.1","31.0","(X)","34.9","(X)","19.9","(X)","30848","7759","23690","8358","31488","14708","-","**","-","**","-","**","30607","16888","-","**","23155","10275","-","**","-","**","32011","10527","37250","9981","13000","6927","32238","5993","30750","10090","36406","20717","52417","44508","23472","8425","84196","73819","17917","11403","13347","5023","13347","5023","-","**","30000","8868","27788","15687","-","**","(X)","(X)","(X)","(X)","(X)","(X)"
"1400000US36005020200","Census Tract 202, Bronx County, New York","760","59","23.8","8.3","17.8","6.5","3.8","3.0","17.2","5.5","0.0","4.2","33.4","8.5","3.9","3.2","57.2","7.6","11.4","6.1","5.9","4.1","42.9","8.3","35.0","8.7","16.2","6.1","492","66","66.5","11.2","33.5","11.2","51.6","11.9","41.1","12.3","7.3","7.5","268","65","59.7","15.1","55.6","16.0","4.1","6.3","40.3","15.1","35.4","14.5","4.9","7.3","51.7","(X)","55.3","(X)","38.4","(X)","39259","7613","20938","6617","47431","25905","-","**","44293","44075","-","**","37404","10149","13750","98455","35240","7021","20438","10504","26161","34701","42308","12758","43548","9545","15250","17603","43077","8861","41827","8581","64583","57899","58281","28860","34891","5649","2,500-","***","20375","10003","16324","4513","15515","3845","-","**","38958","16024","37604","18477","-","**","(X)","(X)","(X)","(X)","(X)","(X)"
"1400000US36005020400","Census Tract 204, Bronx County, New York","1009","74","23.9","8.8","14.6","8.4","0.0","3.2","11.9","6.4","0.0","3.2","43.2","11.5","6.4","4.3","65.9","9.4","11.7","6.4","5.6","4.1","47.7","11.4","37.3","9.8","9.5","6.2","764","105","59.2","11.9","40.8","11.9","50.1","10.6","27.9","11.9","22.0","9.4","245","94","31.0","18.9","18.8","15.7","12.2","12.3","69.0","18.9","59.6","20.3","9.4","14.7","52.3","(X)","58.1","(X)","34.3","(X)","50815","8636","53661","14814","43884","10927","-","**","108333","81904","-","**","50217","24042","84135","65936","51685","11948","43750","52670","20000","3919","52120","37446","60179","17446","35769","32451","57143","17797","36974","13886","70208","19329","64880","11906","32218","8206","37500","71318","44792","6042","24833","23796","7292","50237","-","**","47188","5383","48235","4562","-","**","(X)","(X)","(X)","(X)","(X)","(X)"
"1400000US36005020501","Census Tract 205.01, Bronx County, New York","2597","110","9.4","4.4","43.0","6.2","1.2","1.8","0.0","1.2","0.0","1.2","41.6","7.3","4.9","3.2","62.8","5.4","0.0","1.2","2.8","2.6","36.7","6.7","47.7","7.3","12.8","4.7","1680","209","66.5","8.5","33.5","8.5","26.8","9.2","59.3","10.4","13.8","7.2","917","178","69.7","12.3","68.2","12.1","1.5","2.4","30.3","12.3","21.3","11.0","9.1","8.4","31.1","(X)","28.4","(X)","32.5","(X)","26316","3481","11328","17982","25668","4008","-","**","-","**","-","**","28788","14735","50521","40856","27317","5015","-","**","26033","30438","46973","10664","22198","7245","11888","5656","31205","8053","30385","9521","31917","15628","46607","13358","27283","6938","30179","6703","12434","4497","10899","3371","10686","3070","-","**","23869","20246","13287","13157","100087","121433","(X)","(X)","(X)","(X)","(X)","(X)"
"1400000US36005020502","Census Tract 205.02, Bronx County, New York","854","80","23.5","9.6","34.7","8.4","0.0","3.7","0.0","3.7","0.0","3.7","39.0","10.9","2.8","2.2","60.4","9.3","4.0","5.3","4.6","4.7","23.8","6.6","39.5","10.8","32.2","9.0","461","90","57.9","15.3","42.1","15.3","29.5","15.1","61.4","16.5","9.1","11.1","393","88","45.0","15.2","42.7","15.4","2.3","3.5","55.0","15.2","55.0","15.2","0.0","7.9","31.0","(X)","25.4","(X)","33.1","(X)","25000","9091","38664","25215","27000","16637","-","**","-","**","-","**","24250","28092","-","**","23786","18854","-","**","87679","178972","23628","2792","47159","8943","11475","7117","30750","30542","26477","6109","46818","12914","56333","36816","27530","11429","-","**","13050","8358","12946","9584","12083","9275","-","**","13182","18269","13182","18269","-","**","(X)","(X)","(X)","(X)","(X)","(X)"
"1400000US36005020601","Census Tract 206.01, Bronx County, New York","1013","59","17.9","7.5","27.2","10.9","1.5","2.2","13.1","6.0","0.0","3.2","36.0","13.4","4.2","2.9","53.8","9.9","5.1","4.8","0.0","3.2","43.3","10.5","46.2","10.7","10.5","4.4","692","104","55.6","14.2","44.4","14.2","41.2","10.3","40.0","10.9","18.8","12.1","321","108","65.7","23.5","62.6","22.7","3.1","5.4","34.3","23.5","34.3","23.5","0.0","9.6","48.2","(X)","49.1","(X)","32.4","(X)","53125","23151","37670","28460","85556","61928","-","**","77198","40227","-","**","47074","25175","91750","43422","46973","11594","26389","28545","-","**","75216","26913","51957","34555","13333","2296","72375","21228","46375","20400","92250","13464","86319","16442","40199","26267","98214","53320","38466","44770","13631","12845","13036","8807","-","**","46005","711","46005","711","-","**","(X)","(X)","(X)","(X)","(X)","(X)"
"1400000US36005020900","Census Tract 209, Bronx County, New York","1533","89","12.2","5.6","32.4","6.5","0.0","2.1","1.1","1.4","0.0","2.1","51.5","8.0","2.9","2.8","65.3","6.5","0.3","0.7","1.3","2.0","34.7","7.7","53.8","8.4","10.2","4.7","971","107","51.2","12.5","48.8","12.5","37.9","9.9","50.9","10.4","11.2","7.2","562","134","28.6","11.8","19.8","10.5","8.9","6.7","71.4","11.8","55.5","14.5","15.8","10.6","40.2","(X)","39.4","(X)","40.0","(X)","29508","7975","11750","14235","36328","19892","-","**","-","**","-","**","30731","7290","12292","28001","28674","6863","-","**","-","**","36563","28013","23889","11146","22679","31024","31604","11520","25563","24606","32417","9330","51071","13372","20123","7758","27188","100064","18971","15267","23179","11221","9583","13634","-","**","14395","27849","10625","21206","65446","84515","(X)","(X)","(X)","(X)","(X)","(X)"
"1400000US36005021001","Census Tract 210.01, Bronx County, New York","3786","199","14.0","3.9","58.3","6.4","0.0","0.9","3.3","2.7","0.0","0.9","20.4","5.5","4.0","2.0","34.5","5.8","4.3","2.4","1.3","1.4","37.7","7.2","45.2","6.4","15.7","5.5","2194","270","59.9","8.5","40.1","8.5","38.1","10.2","43.5","10.2","18.4","6.6","1592","300","44.2","11.3","37.3","10.0","6.8","7.7","55.8","11.3","53.3","11.8","2.5","3.0","32.4","(X)","38.7","(X)","21.8","(X)","48010","4890","37868","18081","57675","9192","-","**","38000","22586","-","**","42222","9826","68229","17837","42088","7280","28676","35577","72845","106342","44826","7239","51301","9562","38194","27027","49891","10048","41701","8715","58042","9757","73551","17899","42114","7476","35172","17999","44093","5597","42961","12901","38409","24527","103025","41320","44352","7377","44955","8604","-","**","(X)","(X)","(X)","(X)","(X)","(X)"
"1400000US36005021002","Census Tract 210.02, Bronx County, New York","2982","158","10.3","3.8","60.5","6.8","0.0","1.1","10.0","4.4","0.0","1.1","14.6","5.8","4.6","2.9","23.9","6.5","5.6","2.9","2.8","2.4","36.2","7.5","36.1","6.9","24.9","4.9","1401","224","43.8","9.4","56.2","9.4","51.1","11.6","43.5","10.9","5.4","4.4","1581","222","58.4","11.1","49.4","9.9","9.0","6.2","41.6","11.1","36.5","10.6","5.1","4.6","31.2","(X)","26.1","(X)","35.7","(X)","47353","9004","26176","11646","48726","8196","-","**","53393","28673","-","**","32210","47920","73158","51101","52882","31253","26103","10885","39519","49223","54599","10901","49632","19144","32451","18419","65688","15342","57500","37486","67904","20680","73889","28321","38750","22231","39936","19011","32578","13304","30837","5981","30012","8194","50952","61085","47554","11133","41799","18586","53368","16484","(X)","(X)","(X)","(X)","(X)","(X)"
"1400000US36005021100","Census Tract 211, Bronx County, New York","1801","90","15.5","5.8","46.9","7.8","0.0","1.8","0.0","1.8","0.0","1.8","31.8","8.0","5.8","3.5","56.9","7.5","0.0","1.8","3.2","2.5","41.8","7.5","39.9","6.8","15.2","4.2","1160","147","55.9","9.2","44.1","9.2","34.3","9.7","55.2","11.0","10.5","5.7","641","137","52.6","13.2","45.6","12.0","7.0","5.9","47.4","13.2","34.5","13.6","12.9","8.1","36.8","(X)","35.3","(X)","38.2","(X)","24066","4087","19958","9202","24148","7346","-","**","-","**","-","**","25046","8055","33571","35496","22317","6179","-","**","2,500-","***","20714","9203","31932","7566","20924","7400","28661","7200","17986","8585","43036","15083","33636","11418","21731","10497","42679","14104","17601","10016","12361","8759","11468","3714","42986","28352","22174","24652","9775","12595","61250","11351","(X)","(X)","(X)","(X)","(X)","(X)"
"1400000US36005021200","Census Tract 212, Bronx County, New York","2152","127","13.2","5.0","41.1","6.3","0.0","1.5","16.3","3.6","0.0","1.5","24.4","6.1","4.9","2.7","36.6","6.6","7.2","3.4","2.9","3.6","38.4","6.1","45.9","6.9","12.8","4.2","1377","188","43.4","11.0","56.6","11.0","59.1","10.2","34.2","10.2","6.7","4.6","775","185","53.0","14.6","46.3","13.9","6.7","7.2","47.0","14.6","42.5","15.1","4.5","5.3","32.5","(X)","35.9","(X)","21.3","(X)","54293","7973","67644","17573","64952","10690","-","**","31714","19812","-","**","47004","9085","55119","62455","55492","13537","63194","25651","-","**","64094","11575","57336","11745","31038","14633","61964","16306","53988","23595","64000","18573","64796","10113","43311","21386","62857","53702","44583","20821","50731","25922","50873","19805","-","**","34898","32407","34005","18489","-","**","(X)","(X)","(X)","(X)","(X)","(X)"
"1400000US36005021301","Census Tract 213.01, Bronx County, New York","443","26","8.6","6.3","16.9","8.2","0.0","7.1","0.0","7.1","0.0","7.1","69.3","9.5","5.2","3.8","84.4","8.1","0.0","7.1","2.9","4.5","35.4","11.9","48.5","11.1","13.1","6.0","308","54","42.5","16.3","57.5","16.3","39.0","13.7","27.9","14.2","33.1","15.4","135","49","60.7","24.8","60.7","24.8","0.0","21.2","39.3","24.8","13.3","13.3","25.9","24.9","35.7","(X)","36.7","(X)","33.3","(X)","22734","10016","23750","8690","13813","11381","-","**","-","**","-","**","32583","18304","-","**","24219","13759","-","**","-","**","32950","17473","22238","24377","13947","34355","22656","6161","24609","12755","21773","5067","37083","65374","11389","2936","21563","2116","32583","39554","13269","20118","13269","20118","-","**","55063","39115","40833","83796","-","**","(X)","(X)","(X)","(X)","(X)","(X)"
"1400000US36005021302","Census Tract 213.02, Bronx County, New York","1883","86","10.0","5.6","54.2","6.6","0.0","1.7","0.7","1.0","0.0","1.7","34.0","7.9","1.0","1.1","55.8","5.8","0.5","0.8","6.4","4.0","36.4","7.6","43.4","7.4","13.7","4.8","1214","148","57.5","8.9","42.5","8.9","34.1","10.5","49.2","10.2","16.7","8.2","669","160","64.0","13.2","54.1","13.7","9.9","9.6","36.0","13.2","35.1","13.0","0.9","2.3","27.8","(X)","31.7","(X)","20.6","(X)","26152","7477","32222","30105","25335","6784","-","**","-","**","-","**","30274","16750","20750","33093","20500","6833","-","**","18516","10332","30833","12516","33750","17854","15972","5105","31602","8585","31429","13721","31650","18348","46161","20577","19505","9915","33008","6617","19840","8352","18500","8113","14962","13079","21324","45934","26484","21119","26016","20462","-","**","(X)","(X)","(X)","(X)","(X)","(X)"
"1400000US36005021501","Census Tract 215.01, Bronx County, New York","1126","106","12.1","6.2","29.3","7.1","0.0","2.8","2.0","3.1","0.8","1.4","53.4","9.1","2.5","2.9","71.8","6.6","0.0","2.8","1.5","1.7","46.1","8.5","44.0","8.5","8.3","5.0","933","117","48.4","8.0","51.6","8.0","36.4","9.1","51.1","9.2","12.4","7.4","193","82","50.3","22.1","45.1","21.3","5.2","7.9","49.7","22.1","27.5","22.3","22.3","20.2","24.0","(X)","23.6","(X)","25.9","(X)","30864","6725","26818","33901","30278","9933","-","**","-","**","-","**","29732","10702","-","**","33333","11626","-","**","-","**","38094","6657","26594","6830","30417","21220","27399","7975","35375","9647","24087","6599","37250","21363","20392","7861","31714","14563","30924","9573","12125","23085","10875","17232","-","**","36957","43899","32120","6418","65871","888","(X)","(X)","(X)","(X)","(X)","(X)"
"1400000US36005021502","Census Tract 215.02, Bronx County, New York","1987","89","11.2","3.9","32.7","7.2","0.8","1.2","0.0","1.6","0.0","1.6","52.2","7.9","3.2","2.5","65.3","7.2","1.7","1.5","3.0","2.4","43.1","7.0","42.8","7.3","11.1","3.3","1326","149","60.3","9.6","39.7","9.6","32.1","9.2","55.9","9.7","12.0","5.8","661","130","60.2","12.6","53.4","12.1","6.8","5.3","39.8","12.6","38.0","12.5","1.8","3.2","35.9","(X)","42.5","(X)","19.7","(X)","19421","9162","26750","13154","31801","10958","-","**","-","**","-","**","16711","5768","9432","4448","17145","5269","100139","108796","12063","6233","27546","7805","16797","11482","16894","6362","26181","4993","24167","7059","28813","32205","28813","19103","18567","7922","55417","12502","10332","3436","9250","1002","8848","840","61696","71975","15401","5312","15684","6768","-","**","(X)","(X)","(X)","(X)","(X)","(X)"
"1400000US36005021601","Census Tract 216.01, Bronx County, New York","1530","85","31.7","7.7","21.0","6.5","0.0","2.1","3.9","2.6","0.0","2.1","41.6","9.7","1.8","1.9","65.9","6.7","11.0","3.9","3.5","2.9","41.6","7.1","39.1","7.9","15.9","5.2","973","121","65.4","10.9","34.6","10.9","31.7","8.1","57.0","9.6","11.3","6.7","557","106","53.3","14.2","40.0","12.4","13.3","11.1","46.7","14.2","41.5","14.0","5.2","7.4","26.7","(X)","25.9","(X)","25.9","(X)","22818","6068","27525","14581","23456","18967","-","**","25885","2346","-","**","20846","10102","20833","63357","20236","5171","28681","15816","19946","33682","25313","8379","22667","15428","21893","14626","21660","5501","20245","8894","27762","11240","29531","27705","16821","5066","20303","23563","25893","24608","36406","27805","21648","5872","53125","15611","16094","36686","14395","25105","-","**","(X)","(X)","(X)","(X)","(X)","(X)"
"1400000US36005021602","Census Tract 216.02, Bronx County, New York","2451","95","13.0","4.5","45.7","6.3","2.4","2.3","15.5","3.8","0.0","1.3","17.1","7.3","6.3","4.1","38.5","6.5","2.0","2.0","5.8","4.0","28.6","7.8","48.5","7.7","17.1","6.1","1465","169","41.6","10.1","58.4","10.1","47.4","9.8","35.8","9.8","16.8","9.8","986","183","61.8","11.5","55.1","11.9","6.7","5.4","38.2","11.5","35.5","11.4","2.7","3.2","40.3","(X)","47.0","(X)","27.3","(X)","44420","3926","58750","58300","48769","8004","21379","25942","34784","21815","-","**","40714","23125","45000","74768","41696","12953","16250","62622","32974","29287","48200","4763","44867","9191","18472","23503","46715","3848","44351","13374","48333","8625","49625","8532","42411","11232","46529","7702","38636","14608","40521","8727","38949","10066","73468","27316","22788","40489","23462","40161","-","**","(X)","(X)","(X)","(X)","(X)","(X)"
"1400000US36005021700","Census Tract 217, Bronx County, New York","1589","94","9.6","4.5","51.5","6.3","0.0","2.0","0.0","2.0","0.0","2.0","37.5","6.0","1.4","1.5","49.8","6.3","0.0","2.0","2.8","2.4","38.6","6.7","49.5","7.1","9.2","2.3","1007","120","53.5","9.1","46.5","9.1","35.5","9.3","52.9","8.2","11.6","5.8","582","117","48.1","13.5","36.3","11.1","11.9","8.7","51.9","13.5","50.3","13.5","1.5","2.5","30.2","(X)","36.0","(X)","18.0","(X)","20747","4118","10595","11505","21797","7828","-","**","-","**","-","**","21350","9765","43125","78939","20500","8303","-","**","-","**","25927","8628","16544","3517","48750","28862","22325","10760","16308","4912","44000","21948","31031","2912","15491","6285","27634","18461","15431","4404","25365","7427","20045","11808","36328","15326","10859","3893","10508","3496","-","**","(X)","(X)","(X)","(X)","(X)","(X)"
"1400000US36005021800","Census Tract 218, Bronx County, New York","2166","145","13.0","5.0","34.6","7.4","0.6","1.1","4.2","2.2","0.0","1.5","44.9","8.4","2.6","2.5","59.4","7.6","1.3","1.4","4.6","3.5","31.6","6.1","54.2","7.1","9.6","4.3","1455","166","54.8","10.2","45.2","10.2","42.1","9.3","48.8","8.9","9.1","6.4","711","164","55.3","13.7","47.7","13.2","7.6","8.4","44.7","13.7","37.4","14.6","7.3","7.9","28.9","(X)","34.5","(X)","17.4","(X)","33302","8894","55000","16282","26724","14050","-","**","51875","61354","-","**","28669","9016","28702","31175","32944","10536","-","**","9950","31126","34292","7615","36500","13666","17250","12276","36436","6272","28826","10264","53672","13404","52750","25855","25175","4488","56328","20736","16470","7892","21875","16204","16250","11834","-","**","15625","11927","15329","8233","89107","306586","(X)","(X)","(X)","(X)","(X)","(X)"
"1400000US36005021900","Census Tract 219, Bronx County, New York","434","19","13.6","8.1","21.2","10.0","0.0","7.2","0.0","7.2","0.0","7.2","62.2","13.2","3.0","4.0","85.5","9.1","1.8","3.1","2.8","4.3","34.8","10.3","48.8","10.2","13.6","8.5","268","50","46.3","12.4","53.7","12.4","23.1","11.5","63.8","14.1","13.1","9.9","166","49","51.8","20.9","39.8","21.9","12.0","13.2","48.2","20.9","27.1","17.8","21.1","16.9","35.9","(X)","47.8","(X)","14.5","(X)","30952","6603","23594","27371","25625","8038","-","**","-","**","-","**","35096","6770","-","**","33125","7843","-","**","-","**","28750","12455","33750","9479","21719","7251","30357","5014","28393","7614","39167","15481","32381","6014","28125","16877","28750","11858","28750","18127","35962","22875","27500","33783","-","**","23438","15453","8917","7342","29875","15906","(X)","(X)","(X)","(X)","(X)","(X)"
"1400000US36005022000","Census Tract 220, Bronx County, New York","439","58","15.5","9.0","34.4","15.0","0.0","7.1","0.0","7.1","0.0","7.1","48.3","14.4","1.8","2.7","64.9","14.6","1.8","2.7","14.4","8.9","26.7","15.6","53.5","15.6","5.5","4.9","291","76","59.1","18.5","40.9","18.5","11.0","10.3","55.3","17.9","33.7","16.1","148","66","45.9","30.4","35.8","28.9","10.1","12.2","54.1","30.4","45.3","33.0","8.8","10.8","36.9","(X)","53.3","(X)","3.4","(X)","13350","6813","14722","19876","11621","16061","-","**","-","**","-","**","15500","13082","-","**","14950","10700","-","**","35039","25550","4977","20851","12111","20741","13611","13971","13359","7832","10000","9713","35404","35310","25313","27517","8188","6405","33056","17993","11509","2509","12778","20305","13472","28433","-","**","11221","2052","10843","4975","-","**","(X)","(X)","(X)","(X)","(X)","(X)"
"1400000US36005022101","Census Tract 221.01, Bronx County, New York","1141","58","15.4","7.8","30.7","7.2","3.4","3.9","1.7","2.6","0.0","2.8","40.2","8.0","8.6","5.1","68.3","7.7","1.4","2.3","4.9","3.9","49.8","9.4","33.7","9.9","11.7","6.1","843","107","60.4","11.6","39.6","11.6","21.4","9.8","72.4","11.2","6.3","6.4","298","98","32.9","20.1","18.1","15.7","14.8","13.8","67.1","20.1","58.7","22.6","8.4","12.5","26.6","(X)","20.9","(X)","28.9","(X)","27058","5116","27885","22502","26250","16866","-","**","-","**","-","**","28917","6745","25972","22930","26738","4126","-","**","29833","2981","26544","11572","31000","11782","12750","4255","27049","7289","26168","14522","31500","8814","40333","16767","26707","6118","-","**","18542","5632","33333","27157","32750","32610","-","**","15714","7183","19063","6850","-","**","(X)","(X)","(X)","(X)","(X)","(X)"
"1400000US36005022102","Census Tract 221.02, Bronx County, New York","1534","96","19.2","7.3","22.1","7.4","0.5","1.2","0.6","0.9","0.0","2.1","53.4","7.6","4.2","3.2","83.9","5.3","0.0","2.1","2.6","2.7","47.4","7.5","37.9","7.7","12.1","5.5","1210","140","65.0","9.7","35.0","9.7","29.8","9.1","64.5","9.7","5.7","4.3","324","115","59.6","16.7","53.4","17.3","6.2","7.9","40.4","16.7","25.9","12.4","14.5","15.7","21.5","(X)","17.5","(X)","28.7","(X)","18241","4606","20595","14485","21066","19633","-","**","-","**","-","**","14490","6501","19653","20752","15481","5333","-","**","27000","14901","11887","3723","23106","6540","14877","8844","15362","3331","12486","8365","18281","20233","26875","18103","11833","2931","35972","41634","16707","4531","16055","6013","15273","4015","-","**","18224","13209","9167","11179","-","**","(X)","(X)","(X)","(X)","(X)","(X)"
"1400000US36005022200","Census Tract 222, Bronx County, New York","1076","74","25.7","7.5","21.5","7.0","2.3","3.2","11.4","5.6","0.0","3.0","36.2","7.5","2.9","2.0","58.2","8.2","9.6","6.0","7.5","4.8","44.1","9.1","35.2","7.5","13.2","6.3","753","106","59.0","9.9","41.0","9.9","50.1","10.1","38.0","11.8","12.0","7.4","323","99","39.6","13.8","30.3","13.2","9.3","7.9","60.4","13.8","53.6","16.0","6.8","8.7","40.5","(X)","36.8","(X)","36.2","(X)","45000","16513","53621","13194","49792","32573","-","**","28750","21849","-","**","29408","16709","83239","9567","39306","15949","81141","65148","22042","10738","50556","21894","53594","22618","45625","25576","36806","24332","29318","6538","65195","32294","65139","5938","21754","8340","79853","72436","45313","19840","21442","12641","17500","17159","51389","17574","54943","40940","73750","42633","-","**","(X)","(X)","(X)","(X)","(X)","(X)"
"1400000US36005022300","Census Tract 223, Bronx County, New York","1786","65","23.1","7.5","30.5","9.0","1.6","2.5","1.2","1.8","0.0","1.8","41.9","8.6","1.7","1.8","74.0","5.8","1.8","1.9","9.1","5.7","28.7","7.1","45.2","9.5","17.1","5.3","1212","157","34.2","9.8","65.8","9.8","21.5","8.9","56.0","12.6","22.5","9.5","574","152","65.9","14.0","57.8","15.7","8.0","7.8","34.1","14.0","31.9","14.1","2.3","3.6","23.9","(X)","20.1","(X)","31.7","(X)","31604","4820","30967","10026","38616","8626","-","**","-","**","-","**","29787","7992","11250","79702","30336","5528","47625","45402","41300","43049","33819","13763","30881","7028","15724","23537","33676","11281","30448","3440","41920","13132","55122","17050","26467","5537","62936","27110","17412","7596","14527","4002","12973","3559","21731","233658","29250","8289","30052","10267","-","**","(X)","(X)","(X)","(X)","(X)","(X)"
"1400000US36005022401","Census Tract 224.01, Bronx County, New York","1125","39","32.4","8.8","21.3","6.3","0.9","1.3","6.5","3.4","0.0","2.8","36.5","8.4","2.3","2.3","51.2","6.4","22.8","7.0","4.9","3.1","39.2","6.8","37.2","6.0","18.7","5.1","617","93","57.7","10.3","42.3","10.3","52.7","12.1","34.0","12.2","13.3","8.4","508","91","69.5","10.5","66.1","11.0","3.3","3.6","30.5","10.5","28.7","10.3","1.8","2.6","30.1","(X)","29.5","(X)","26.2","(X)","40184","7659","35708","13382","47083","30804","-","**","27250","42694","-","**","36625","17623","-","**","37024","14165","37171","13049","34917","18030","46270","4429","39948","31844","15714","24452","37639","9459","41838","11839","34375","7731","39861","22586","32286","8497","48750","38366","39271","17606","30074","19552","27500","19853","-","**","55795","13238","52222","13102","-","**","(X)","(X)","(X)","(X)","(X)","(X)"
"1400000US36005022403","Census Tract 224.03, Bronx County, New York","1295","77","38.4","9.4","12.4","4.4","1.8","2.6","3.2","3.2","0.0","2.5","42.1","9.7","2.1","2.5","60.7","7.1","22.7","5.9","0.0","2.5","48.7","6.9","37.2","6.0","14.1","4.8","778","117","62.9","12.5","37.1","12.5","47.3","12.4","45.9","13.0","6.8","5.6","517","125","65.2","14.5","48.9","13.9","16.2","12.8","34.8","14.5","20.5","11.6","14.3","13.4","34.0","(X)","41.5","(X)","22.6","(X)","34818","8262","39156","7529","56060","12687","-","**","98333","18882","-","**","22943","13346","-","**","26071","14007","38261","9291","-","**","35320","10136","41250","22059","17500","15744","35677","10344","33586","14995","61719","38298","83600","31687","17328","14760","27284","12152","24246","7153","35489","21578","19135","12676","46429","56910","22656","10425","13000","34432","23073","3941","(X)","(X)","(X)","(X)","(X)","(X)"
"1400000US36005022404","Census Tract 224.04, Bronx County, New York","1746","84","40.0","9.6","18.2","7.4","0.0","1.8","2.2","2.1","0.0","1.8","37.6","10.9","2.1","2.6","43.8","10.3","31.3","8.6","1.8","2.2","48.6","7.8","33.0","7.0","16.6","5.6","1104","155","48.7","10.0","51.3","10.0","57.9","11.7","28.6","10.0","13.5","7.3","642","155","54.7","13.4","52.6","12.9","2.0","3.2","45.3","13.4","43.6","13.2","1.7","3.0","36.2","(X)","38.1","(X)","32.7","(X)","41458","8331","33145","15632","47994","12180","-","**","41250","32693","-","**","38808","15834","-","**","38316","16735","33992","15542","-","**","39731","22657","44247","8393","28125","6617","46890","14230","63125","31495","44479","11121","85266","23976","29643","13445","62538","54166","24464","13450","22662","21224","16250","18598","-","**","37202","7071","36548","11687","-","**","(X)","(X)","(X)","(X)","(X)","(X)"
"1400000US36005022500","Census Tract 225, Bronx County, New York","2209","113","15.5","5.1","40.0","6.7","0.5","0.9","0.0","1.5","0.0","1.5","43.1","7.4","0.9","1.5","64.1","6.9","2.9","3.6","6.1","3.9","43.9","7.6","40.3","7.5","9.7","4.4","1572","174","56.7","9.9","43.3","9.9","42.2","10.4","36.3","8.4","21.5","9.2","637","178","43.6","15.7","43.6","15.7","0.0","5.0","56.4","15.7","49.6","15.7","6.8","6.3","34.7","(X)","41.1","(X)","11.1","(X)","32043","4250","46806","6199","24725","6081","-","**","-","**","-","**","34728","6710","-","**","35408","7413","-","**","29063","11456","39500","12380","29917","8419","22326","13427","32639","7839","35652","9889","31333","9824","48277","9757","29548","5529","27877","9048","20950","13683","9057","3022","9057","3022","-","**","26940","9717","30227","10174","15673","36567","(X)","(X)","(X)","(X)","(X)","(X)"
"1400000US36005022701","Census Tract 227.01, Bronx County, New York","1758","64","9.4","4.4","36.1","6.7","0.0","1.8","1.3","1.4","0.0","1.8","47.8","7.5","5.4","3.6","64.9","5.2","1.2","1.1","1.9","2.2","39.2","8.5","49.4","8.1","9.4","3.2","1270","129","48.3","11.1","51.7","11.1","35.3","7.9","52.9","9.5","11.8","6.4","488","132","42.2","12.8","35.0","12.7","7.2","6.1","57.8","12.8","33.6","14.5","24.2","11.9","38.5","(X)","39.9","(X)","34.6","(X)","32079","6053","62596","43839","33964","5524","-","**","-","**","-","**","28007","10952","37159","23350","30572","8058","109107","117265","-","**","37273","11589","31277","8678","16389","13774","31208","3835","29201","4424","32463","16264","51686","9214","28264","4366","31250","15814","29500","20221","28375","20549","14375","28750","66979","86556","38478","30203","13857","7180","51731","22308","(X)","(X)","(X)","(X)","(X)","(X)"
"1400000US36005022702","Census Tract 227.02, Bronx County, New York","650","39","19.5","8.0","33.8","9.1","2.0","3.1","3.8","3.8","0.0","4.9","29.8","9.9","10.9","7.0","57.7","9.8","0.0","4.9","0.9","1.7","46.3","11.1","40.2","9.4","12.6","6.6","380","71","48.2","13.9","51.8","13.9","35.8","15.9","50.3","15.6","13.9","12.7","270","67","27.4","13.3","21.1","11.7","6.3","7.3","72.6","13.3","72.6","13.3","0.0","11.3","21.5","(X)","23.2","(X)","19.3","(X)","42955","17220","22240","25945","49167","23005","-","**","60417","17582","-","**","31912","20196","44659","46190","32426","23973","-","**","-","**","58017","4006","31544","21438","27661","25050","54500","7762","54950","5650","49861","19265","56500","36150","53150","7517","58051","36608","19583","8457","28594","25893","28672","21574","9583","163267","18611","8484","18611","8484","-","**","(X)","(X)","(X)","(X)","(X)","(X)"
"1400000US36005022703","Census Tract 227.03, Bronx County, New York","588","41","22.8","10.5","29.3","10.1","0.0","5.4","13.9","5.4","0.0","5.4","32.0","11.9","2.0","2.4","47.1","10.6","8.0","6.7","2.7","3.3","40.3","9.6","48.5","9.6","8.5","3.7","492","59","49.4","10.1","50.6","10.1","51.4","13.2","34.8","12.5","13.8","10.7","96","52","81.3","17.1","81.3","17.1","0.0","28.0","18.8","17.1","6.3","10.0","12.5","14.3","36.6","(X)","27.6","(X)","68.8","(X)","42500","8460","43125","11850","30435","13801","-","**","125500","68004","-","**","40147","18752","-","**","39345","11645","44813","75708","-","**","42132","6094","50433","29268","31957","19381","42549","6717","24965","16088","45766","3908","46734","7439","17589","5687","43750","13991","31630","23284","30652","41377","30652","41377","-","**","56250","30466","-","**","-","**","(X)","(X)","(X)","(X)","(X)","(X)"
"1400000US36005022800","Census Tract 228, Bronx County, New York","2434","119","26.8","7.9","18.4","5.6","0.9","1.3","10.9","3.9","0.0","1.3","41.7","7.3","1.4","1.5","53.9","7.2","16.9","6.7","2.5","2.8","49.6","7.5","35.0","7.0","13.0","5.2","1505","206","56.8","10.1","43.2","10.1","46.8","11.6","45.0","11.1","8.1","7.3","929","227","47.4","14.0","42.1","13.0","5.3","6.3","52.6","14.0","50.5","13.9","2.2","3.2","46.8","(X)","46.7","(X)","47.0","(X)","45000","9749","39359","27125","60504","12285","-","**","69517","16641","-","**","33816","13935","-","**","33832","15022","39151","26231","-","**","44375","6790","53807","30262","30286","13456","44614","12067","33958","7898","83047","15422","57417","26261","29647","16048","24423","49976","43098","18463","24107","53232","21250","35311","-","**","44185","22008","52616","24511","-","**","(X)","(X)","(X)","(X)","(X)","(X)"
"1400000US36005022901","Census Tract 229.01, Bronx County, New York","1675","100","11.1","4.1","30.0","6.7","1.8","2.6","5.7","3.2","0.0","1.9","46.5","7.1","4.8","2.8","64.3","6.1","2.3","1.8","5.7","3.8","36.5","8.1","43.8","9.0","14.1","4.5","1071","137","55.2","11.8","44.8","11.8","37.8","10.0","44.3","10.9","17.9","8.3","604","124","39.6","13.9","32.0","12.7","7.6","7.1","60.4","13.9","51.2","13.6","9.3","7.7","32.2","(X)","39.8","(X)","17.4","(X)","23494","8450","13100","4181","33148","6919","-","**","69750","7376","-","**","20625","4805","32663","29293","19059","3496","30577","15803","16193","14906","33353","5169","19583","4938","27568","12354","29225","10613","25250","20241","29450","10520","50486","42654","17986","5466","44844","27288","18626","3603","21455","7038","21701","9168","17857","23613","13567","6560","11450","4646","40326","23312","(X)","(X)","(X)","(X)","(X)","(X)"
"1400000US36005022902","Census Tract 229.02, Bronx County, New York","1042","68","13.5","6.7","38.3","7.6","1.7","2.0","0.0","3.1","0.0","3.1","46.0","9.7","0.5","1.1","68.1","8.0","2.4","3.0","1.4","1.8","42.8","9.1","44.3","9.0","11.4","5.4","818","98","68.8","9.9","31.2","9.9","31.2","11.4","61.4","10.8","7.5","6.2","224","92","46.9","20.1","46.9","20.1","0.0","13.5","53.1","20.1","53.1","20.1","0.0","13.5","41.0","(X)","45.8","(X)","23.2","(X)","24750","7439","40125","25719","27865","8090","-","**","-","**","-","**","21716","5090","-","**","21389","2947","-","**","-","**","20728","5466","30700","9037","18177","20191","22625","6278","20821","4580","40847","4824","41958","13073","20583","6545","16940","25872","19000","20800","19875","19300","19875","19300","-","**","16406","46255","16406","46255","-","**","(X)","(X)","(X)","(X)","(X)","(X)"
"1400000US36005023000","Census Tract 230, Bronx County, New York","1041","43","33.9","10.5","15.9","8.0","0.0","3.1","9.0","5.0","0.0","3.1","40.1","10.3","1.2","1.9","56.8","9.5","18.3","7.9","8.8","5.8","38.6","10.6","37.1","10.0","15.5","6.3","719","81","38.8","12.2","61.2","12.2","46.5","13.1","43.4","12.5","10.2","7.6","322","84","60.9","17.8","56.5","17.1","4.3","5.3","39.1","17.8","27.0","17.0","12.1","11.9","45.4","(X)","48.8","(X)","37.9","(X)","51411","17455","55852","13497","55536","59066","-","**","43250","33134","-","**","29602","41392","-","**","29421","38539","55852","9375","58971","111993","54722","13042","31731","47881","28047","30634","51908","15200","28018","9693","62879","7198","63485","7581","24375","9544","48203","44838","25000","43381","23611","35170","11875","46935","-","**","51042","66252","11845","89938","52188","51207","(X)","(X)","(X)","(X)","(X)","(X)"
"1400000US36005023100","Census Tract 231, Bronx County, New York","407","44","25.1","9.7","44.7","13.4","0.0","7.7","0.0","7.7","0.0","7.7","28.5","12.7","1.7","2.5","60.4","13.6","0.0","7.7","3.9","4.9","43.5","12.9","38.6","12.3","14.0","7.1","278","53","59.0","13.8","41.0","13.8","36.7","14.9","54.3","16.9","9.0","8.4","129","50","33.3","20.0","33.3","20.0","0.0","22.0","66.7","20.0","39.5","22.4","27.1","25.2","35.1","(X)","30.2","(X)","45.7","(X)","28987","4494","30000","37565","38333","20546","-","**","-","**","-","**","23750","22751","-","**","25682","11459","-","**","-","**","41250","18677","29261","7797","11902","3780","29100","3343","29100","1414","32500","54127","29018","3158","27868","8959","67768","36214","12120","46407","10163","3534","10163","3534","-","**","48587","28199","55104","108858","48533","12531","(X)","(X)","(X)","(X)","(X)","(X)"
"1400000US36005023200","Census Tract 232, Bronx County, New York","848","68","42.0","8.0","7.3","4.7","0.0","3.8","6.7","4.0","0.0","3.8","41.6","8.6","2.4","2.0","55.9","7.7","28.5","6.3","2.4","2.2","34.1","8.3","49.6","9.3","13.9","5.7","578","73","57.8","10.1","42.2","10.1","60.2","9.9","32.5","9.6","7.3","4.6","270","76","58.9","17.6","44.1","17.7","14.8","12.9","41.1","17.6","30.0","15.3","11.1","8.0","36.8","(X)","41.3","(X)","21.5","(X)","48125","12809","45948","23484","48409","94752","-","**","96375","24449","-","**","47344","22057","28214","17700","46034","11047","46250","39497","18750","4779","51023","19293","46681","29283","55682","41022","54868","21004","44773","21994","67241","11741","68750","14259","31058","6886","45000","49189","41042","25366","45302","28529","33229","25770","100119","80914","40313","47416","20375","23987","79000","10354","(X)","(X)","(X)","(X)","(X)","(X)"
"1400000US36005023301","Census Tract 233.01, Bronx County, New York","1529","72","6.1","3.5","38.1","7.2","0.0","2.1","0.0","2.1","0.4","0.6","49.2","8.4","6.1","3.6","61.2","7.4","0.0","2.1","0.9","1.3","39.6","8.1","45.8","7.7","13.8","4.0","1082","119","46.3","9.2","53.7","9.2","34.9","9.5","46.6","10.2","18.5","8.1","447","101","46.8","14.3","46.8","14.3","0.0","7.0","53.2","14.3","42.3","14.2","11.0","6.1","26.3","(X)","29.1","(X)","19.5","(X)","27691","7325","9948","21280","31326","3415","-","**","-","**","-","**","25972","16611","11696","8251","20313","11927","-","**","-","**","32331","10590","20357","13651","20592","9131","29829","4794","28271","7916","36985","14372","40395","17375","19939","14814","42321","29645","12275","5451","9283","2390","9283","2390","-","**","21447","16880","14479","12310","76648","11813","(X)","(X)","(X)","(X)","(X)","(X)"
"1400000US36005023302","Census Tract 233.02, Bronx County, New York","941","75","22.6","9.1","22.1","7.0","0.0","3.4","0.0","3.4","0.0","3.4","51.4","9.8","3.8","3.1","80.3","7.4","3.0","4.4","1.9","2.2","33.0","10.7","48.5","10.2","16.6","5.7","766","95","51.0","12.3","49.0","12.3","26.0","9.6","66.6","9.5","7.4","6.5","175","71","44.6","24.4","33.7","24.1","10.9","10.6","55.4","24.4","55.4","24.4","0.0","16.9","25.5","(X)","23.9","(X)","32.6","(X)","18569","6842","15469","21592","25962","11712","-","**","-","**","-","**","18702","5832","16250","65968","18306","4888","-","**","-","**","16544","2655","19567","23724","23261","9731","17742","3218","15716","1447","33512","15934","41033","9994","16224","1167","17457","39242","11118","11374","9250","2023","8656","657","-","**","25764","26810","25764","26810","-","**","(X)","(X)","(X)","(X)","(X)","(X)"
"1400000US36005023501","Census Tract 235.01, Bronx County, New York","1085","58","9.8","4.5","23.9","10.6","0.6","0.9","4.5","4.5","0.0","2.9","58.8","12.3","2.5","4.2","74.7","9.6","0.8","1.2","0.0","2.9","40.7","9.8","46.9","11.5","12.4","4.5","766","108","57.6","11.1","42.4","11.1","36.3","12.4","50.4","12.9","13.3","8.9","319","100","52.4","20.9","50.2","21.0","2.2","3.7","47.6","20.9","45.1","20.9","2.5","4.4","36.5","(X)","39.2","(X)","29.8","(X)","33869","10463","19239","11973","28073","17762","-","**","7356","34962","-","**","38065","15358","-","**","38387","9300","-","**","-","**","41136","17506","30650","13896","28750","108964","34167","15304","21188","24378","47569","37654","60089","22696","18906","11466","33333","51647","28698","15113","16719","22090","15625","28585","-","**","35917","14024","36250","12634","-","**","(X)","(X)","(X)","(X)","(X)","(X)"
"1400000US36005023502","Census Tract 235.02, Bronx County, New York","1666","64","19.6","5.8","28.3","5.6","0.0","1.9","3.5","2.4","0.0","1.9","45.6","7.0","3.1","2.5","68.3","5.4","2.6","2.2","2.4","2.3","31.0","5.3","43.8","6.1","22.8","5.2","985","124","53.9","8.2","46.1","8.2","44.3","10.3","45.8","9.4","9.9","5.4","681","127","44.5","10.1","35.4","9.4","9.1","7.3","55.5","10.1","48.9","11.0","6.6","6.0","26.0","(X)","30.2","(X)","16.3","(X)","23209","3838","26750","12427","20600","4740","-","**","30556","32693","-","**","21955","4891","46705","64015","22500","3270","66250","37950","40500","60869","31351","7583","25428","5766","15547","5114","30806","8410","28869","13894","34464","13713","36364","11052","17188","15450","44265","23658","20679","1730","20306","4616","15694","10688","23000","6770","20958","3168","20021","4218","83906","5414","(X)","(X)","(X)","(X)","(X)","(X)"
"1400000US36005023600","Census Tract 236, Bronx County, New York","651","41","32.7","11.2","13.5","6.4","0.0","4.9","3.8","3.6","0.0","4.9","48.8","10.2","1.1","2.2","57.8","10.2","27.0","10.8","0.0","4.9","51.2","8.5","29.2","6.8","19.7","6.7","426","73","70.7","12.8","29.3","12.8","43.4","13.8","40.8","13.2","15.7","11.4","225","71","68.9","16.4","68.9","16.4","0.0","13.4","31.1","16.4","18.7","13.4","12.4","15.4","38.7","(X)","42.7","(X)","24.4","(X)","39306","10856","32917","33068","76500","65808","-","**","43750","84013","-","**","39815","27930","-","**","39074","17912","26875","30638","-","**","52546","33554","52500","33016","14000","9433","42232","12190","38125","29888","58250","26944","72011","26651","20521","7662","41750","29624","15817","12041","9253","2649","9253","2649","-","**","44545","105359","36364","14263","-","**","(X)","(X)","(X)","(X)","(X)","(X)"
"1400000US36005023702","Census Tract 237.02, Bronx County, New York","346","38","12.1","5.8","21.1","9.7","0.0","9.0","0.0","9.0","0.0","9.0","61.8","11.7","4.9","7.0","71.4","10.4","7.5","4.6","7.5","3.3","37.6","11.4","36.7","12.5","18.2","5.8","268","33","48.9","13.1","51.1","13.1","19.4","13.3","69.0","12.3","11.6","8.0","78","35","52.6","22.9","46.2","23.1","6.4","10.1","47.4","22.9","20.5","25.9","26.9","29.9","24.3","(X)","22.8","(X)","29.5","(X)","14231","8781","9107","4110","19531","27414","-","**","-","**","-","**","12375","13733","-","**","14750","10887","7917","15523","24412","57868","10192","12520","53036","60680","9938","2865","18000","9307","7361","33498","19688","19387","53690","31228","10083","11039","71339","20965","9028","8956","8681","4936","8333","6687","-","**","35893","72811","-","**","-","**","(X)","(X)","(X)","(X)","(X)","(X)"
"1400000US36005023703","Census Tract 237.03, Bronx County, New York","1389","121","14.0","7.4","19.9","7.7","2.3","2.6","1.1","1.2","0.0","2.3","56.4","11.3","6.3","4.8","77.9","7.5","3.7","3.3","5.0","4.6","53.3","11.6","38.1","10.3","3.7","3.1","1065","152","72.8","11.8","27.2","11.8","28.2","11.7","61.7","12.6","10.1","6.6","324","126","40.4","21.3","33.6","20.0","6.8","8.3","59.6","21.3","53.1","21.2","6.5","10.4","35.6","(X)","41.6","(X)","13.9","(X)","28641","10941","35946","8693","38214","13341","-","**","-","**","-","**","25611","11888","16902","16311","25000","8355","36111","93168","18170","22370","35361","11605","28641","22478","10329","2065","30040","11020","26150","15600","37500","8995","45313","27161","20352","11303","24674","87666","21023","25646","14250","8971","12434","14146","-","**","40295","25787","36389","31869","-","**","(X)","(X)","(X)","(X)","(X)","(X)"
"1400000US36005023704","Census Tract 237.04, Bronx County, New York","1221","86","15.4","7.4","36.2","11.5","1.5","1.8","0.0","2.6","0.0","2.6","45.9","12.2","1.0","1.5","68.4","7.8","1.3","2.2","2.6","3.0","49.0","9.7","33.3","10.7","15.1","8.1","709","118","64.6","12.0","35.4","12.0","30.6","15.3","64.9","15.8","4.5","7.2","512","133","56.1","16.0","39.5","17.8","16.6","13.4","43.9","16.0","38.9","15.7","5.1","5.9","23.6","(X)","15.5","(X)","28.7","(X)","19076","7504","19464","8158","23250","10476","-","**","-","**","-","**","16266","11523","-","**","16651","7003","-","**","-","**","15357","9725","21063","8589","17031","54299","23042","15695","16143","10112","46573","19412","56438","29997","14762","2982","-","**","15890","7514","11750","11187","9688","8051","28313","27559","17083","6976","16361","8953","-","**","(X)","(X)","(X)","(X)","(X)","(X)"
"1400000US36005023800","Census Tract 238, Bronx County, New York","776","69","32.5","6.4","14.3","6.5","0.0","4.1","0.8","1.2","0.0","4.1","49.4","9.6","3.1","3.2","60.4","9.3","23.3","6.7","2.6","2.8","46.4","9.1","37.4","9.5","13.7","6.1","623","78","59.6","9.9","40.4","9.9","54.7","10.6","32.4","10.7","12.8","9.2","153","62","18.3","13.8","12.4","12.4","5.9","6.5","81.7","13.8","64.7","19.2","17.0","15.4","37.1","(X)","36.0","(X)","33.3","(X)","56283","3620","59242","25884","50139","16792","-","**","-","**","-","**","39875","38425","68250","2722","56175","13685","58750","18320","-","**","58293","3487","56923","19930","21667","30586","51806","15778","40820","14842","56532","18945","68693","15444","31250","24422","53750","10621","58902","3507","38750","50442","2,500-","***","-","**","59280","7632","58674","7185","99318","20612","(X)","(X)","(X)","(X)","(X)","(X)"
"1400000US36005023900","Census Tract 239, Bronx County, New York","2515","126","12.6","4.4","29.2","5.8","3.4","4.0","2.6","3.4","0.0","1.3","49.6","7.1","2.5","2.3","64.2","6.8","2.8","2.3","6.0","3.8","41.0","6.6","41.7","7.2","11.3","3.9","1743","167","62.6","8.6","37.4","8.6","23.3","7.4","68.0","8.1","8.7","5.0","772","205","40.8","14.6","38.5","14.3","2.3","3.5","59.2","14.6","32.4","11.6","26.8","13.8","37.2","(X)","31.3","(X)","32.9","(X)","21464","7321","16161","6294","23319","14860","-","**","-","**","-","**","30603","11961","13309","14640","22134","7876","20903","37153","21023","59914","23036","12355","22672","22906","21250","4515","21538","4779","12328","4219","38500","18518","53377","13392","14911","5367","26107","14304","16226","9526","9281","1441","9169","623","-","**","32802","17123","16090","3725","47384","60784","(X)","(X)","(X)","(X)","(X)","(X)"
"1400000US36005024000","Census Tract 240, Bronx County, New York","1191","101","22.0","7.9","16.1","8.5","0.0","2.7","0.0","2.7","0.0","2.7","52.9","10.2","9.0","5.7","69.2","8.8","9.4","4.7","3.8","4.3","40.6","9.6","40.8","8.1","14.9","5.7","898","137","56.2","11.0","43.8","11.0","38.8","12.0","48.7","12.1","12.6","8.3","293","106","41.6","19.4","29.7","16.8","11.9","10.8","58.4","19.4","58.4","19.4","0.0","10.5","36.0","(X)","42.4","(X)","8.5","(X)","34544","7385","36786","15253","35652","40543","-","**","-","**","-","**","32908","10830","38798","39211","33163","11074","34286","26018","-","**","29844","9494","56615","28805","36696","16942","37697","6903","29308","7162","56823","14747","69643","30582","25069","10442","82107","23494","19028","10034","20446","53880","20759","53108","9583","186108","17639","24341","17639","24341","-","**","(X)","(X)","(X)","(X)","(X)","(X)"
"1400000US36005024100","Census Tract 241, Bronx County, New York","1841","93","9.7","4.0","31.6","5.0","2.8","3.2","1.2","1.9","0.0","1.7","52.4","6.8","2.3","2.2","71.0","4.7","1.2","1.5","3.7","3.1","39.2","5.8","47.6","6.3","9.5","3.8","1536","122","64.0","7.5","36.0","7.5","24.0","7.5","63.3","9.1","12.8","5.6","305","108","51.1","19.8","45.9","19.1","5.2","8.0","48.9","19.8","48.9","19.8","0.0","10.1","31.7","(X)","28.6","(X)","21.0","(X)","20659","5615","30054","20294","24412","6011","-","**","-","**","-","**","16667","4344","7283","15207","17754","5275","-","**","21447","6922","25167","10132","18990","11910","16759","7140","19654","8899","18393","8225","24917","14519","29853","24851","14258","4238","26795","40526","13565","5420","16667","8862","14444","8240","-","**","12235","5688","12235","5688","-","**","(X)","(X)","(X)","(X)","(X)","(X)"
"1400000US36005024300","Census Tract 243, Bronx County, New York","1942","71","12.5","4.5","35.9","5.9","0.5","0.7","3.1","2.3","0.0","1.7","45.8","6.9","2.2","1.4","66.8","5.9","0.9","1.0","1.5","1.8","40.8","6.2","49.0","6.6","8.7","3.5","1299","125","55.4","6.6","44.6","6.6","23.6","7.4","60.7","8.0","15.8","6.9","643","125","62.2","13.5","61.6","13.5","0.6","1.4","37.8","13.5","30.6","13.3","7.2","5.2","25.5","(X)","24.7","(X)","24.1","(X)","21328","5976","23750","16230","25625","11326","-","**","4803","79083","-","**","20245","5497","45893","42940","21138","5796","-","**","-","**","23688","14494","20762","4641","17361","20368","20579","5155","17111","3456","28632","6866","35750","14015","18378","2949","19896","11622","18090","9240","14891","11393","14674","11356","-","**","22375","16369","20125","19980","34000","20346","(X)","(X)","(X)","(X)","(X)","(X)"
"1400000US36005024400","Census Tract 244, Bronx County, New York","795","64","57.6","11.0","4.3","3.7","0.0","4.0","7.0","4.4","0.0","4.0","31.1","10.8","0.0","4.0","43.1","9.8","45.5","9.5","2.9","3.7","39.9","9.6","37.4","8.8","19.9","8.0","549","84","55.9","11.4","44.1","11.4","62.7","14.2","28.8","13.6","8.6","6.8","246","74","60.6","16.2","60.6","16.2","0.0","12.4","39.4","16.2","30.9","17.8","8.5","10.1","40.4","(X)","48.6","(X)","22.0","(X)","67471","7679","65294","31024","38611","65418","-","**","73500","31347","-","**","94926","13708","-","**","95066","12009","52500","24457","-","**","94191","14620","75938","15389","21000","14233","80125","12499","86473","18408","75595","8454","86607","18345","68750","28089","129083","77745","52955","36456","31875","16093","31875","16093","-","**","66458","24636","66167","23159","-","**","(X)","(X)","(X)","(X)","(X)","(X)"
"1400000US36005024501","Census Tract 245.01, Bronx County, New York","1500","81","15.1","6.1","28.0","7.9","0.5","0.7","0.0","2.1","0.0","2.1","55.2","9.2","1.3","1.5","75.2","7.4","0.0","2.1","2.5","2.3","38.9","7.9","46.9","7.6","11.7","5.6","1131","117","56.9","9.2","43.1","9.2","27.5","11.0","61.6","12.1","10.9","6.6","369","117","52.6","18.9","46.6","18.8","6.0","7.2","47.4","18.9","33.3","18.9","14.1","13.3","38.1","(X)","42.2","(X)","20.3","(X)","25922","3871","26000","12314","47339","32609","-","**","-","**","-","**","23424","4989","-","**","24565","4913","-","**","28194","34697","19754","7101","29048","20286","45817","24848","28615","10390","20731","7966","40761","9791","45859","2697","23247","4078","38523","63125","14971","7668","9881","10207","10000","11034","-","**","17163","61753","14797","50201","27500","213541","(X)","(X)","(X)","(X)","(X)","(X)"
"1400000US36005024502","Census Tract 245.02, Bronx County, New York","1088","91","12.7","7.7","32.7","7.3","0.3","1.0","0.0","2.9","0.0","2.9","51.9","10.0","2.4","2.4","70.7","6.1","1.2","1.8","2.9","4.4","43.2","11.5","45.4","12.1","8.5","4.8","856","131","37.3","12.7","62.7","12.7","34.8","12.8","47.5","13.2","17.6","8.7","232","102","43.5","25.6","43.5","25.6","0.0","13.0","56.5","25.6","47.0","27.7","9.5","15.7","33.4","(X)","38.8","(X)","7.8","(X)","26014","7316","16705","7688","24844","32641","-","**","-","**","-","**","27004","11859","-","**","25490","10100","-","**","-","**","25474","14214","31071","8307","16667","15892","22112","9460","15148","3499","34671","10348","35313","41272","16320","5396","32238","7319","9677","8302","2,500-","***","2,500-","***","-","**","13906","7510","13219","4999","-","**","(X)","(X)","(X)","(X)","(X)","(X)"
"1400000US36005024600","Census Tract 246, Bronx County, New York","779","57","53.7","10.1","4.5","4.2","0.0","4.1","14.2","5.3","0.0","4.1","24.1","9.9","3.5","3.4","35.7","8.7","46.6","8.9","0.0","4.1","29.0","10.4","49.2","11.8","21.8","8.7","473","90","37.0","13.0","63.0","13.0","72.9","11.0","16.1","9.4","11.0","8.3","306","99","54.2","20.1","42.8","18.7","11.4","9.3","45.8","20.1","34.6","21.1","11.1","16.9","33.6","(X)","48.2","(X)","9.8","(X)","69013","15345","60489","4454","124063","3091","-","**","74353","19921","-","**","93309","45880","100391","23341","94853","49199","57688","12867","-","**","83333","24244","102422","49206","55469","23532","73229","34837","84306","78038","68000","32518","85694","53484","67105","51770","68779","348","61029","11956","62214","17825","61321","9715","130855","40037","44531","35512","41912","18625","-","**","(X)","(X)","(X)","(X)","(X)","(X)"
"1400000US36005024700","Census Tract 247, Bronx County, New York","668","37","15.4","5.7","56.6","8.6","0.0","4.7","1.5","1.8","0.0","4.7","26.5","9.6","0.0","4.7","41.8","10.0","5.7","4.6","6.9","4.6","34.7","8.6","47.0","8.7","11.4","4.7","400","66","45.3","12.7","54.8","12.7","44.0","14.7","52.3","14.8","3.8","4.5","268","62","50.7","13.5","50.7","13.5","0.0","11.4","49.3","13.5","42.2","15.0","7.1","7.9","33.4","(X)","45.8","(X)","14.9","(X)","39919","6315","41023","38645","45000","10652","-","**","-","**","-","**","37853","14418","-","**","38942","9878","30000","34313","41842","35804","31500","11670","49128","10529","28500","14196","48478","6866","39620","20310","51875","30810","55000","9973","39946","14652","26875","15276","37756","8402","29000","7655","29000","7655","-","**","39295","4397","38686","4947","-","**","(X)","(X)","(X)","(X)","(X)","(X)"
"1400000US36005024800","Census Tract 248, Bronx County, New York","1221","63","60.1","8.8","6.5","4.9","0.0","2.6","11.2","5.2","0.0","2.6","18.5","8.3","3.7","4.0","25.5","7.8","54.7","9.0","1.6","1.6","42.0","7.8","28.0","6.4","28.3","6.7","720","110","42.5","12.0","57.5","12.0","74.4","10.1","17.8","9.0","7.8","6.4","501","109","55.5","14.3","49.3","14.5","6.2","8.3","44.5","14.3","28.9","14.5","15.6","11.8","53.7","(X)","56.1","(X)","50.3","(X)","66918","19094","57195","14190","67337","213322","-","**","83371","13457","-","**","99706","87321","-","**","97574","72171","56768","13761","35938","44852","84375","26664","64643","69767","45521","10776","88300","11107","93382","71507","87700","9222","88750","15252","93558","22038","48068","13887","42961","14173","26400","19250","25550","11124","-","**","65272","46692","56741","79339","66196","129584","(X)","(X)","(X)","(X)","(X)","(X)"
"1400000US36005024900","Census Tract 249, Bronx County, New York","0","12","-","**","-","**","-","**","-","**","-","**","-","**","-","**","-","**","-","**","-","**","-","**","-","**","-","**","0","12","-","**","-","**","-","**","-","**","-","**","0","12","-","**","-","**","-","**","-","**","-","**","-","**","-","(X)","-","(X)","-","(X)","-","**","-","**","-","**","-","**","-","**","-","**","-","**","-","**","-","**","-","**","-","**","-","**","-","**","-","**","-","**","-","**","-","**","-","**","-","**","-","**","-","**","-","**","-","**","-","**","-","**","-","**","-","**","(X)","(X)","(X)","(X)","(X)","(X)"
"1400000US36005025000","Census Tract 250, Bronx County, New York","965","81","78.9","8.7","0.0","3.3","0.0","3.3","7.0","6.3","0.0","3.3","12.1","8.6","2.0","2.3","16.6","9.4","74.4","9.6","6.3","6.4","21.7","8.6","36.5","10.9","35.5","9.7","611","118","46.8","15.9","53.2","15.9","66.3","11.0","20.1","9.9","13.6","10.2","354","118","60.2","18.5","60.2","18.5","0.0","8.8","39.8","18.5","37.0","18.6","2.8","4.6","41.9","(X)","36.3","(X)","43.5","(X)","52134","6276","51918","7270","-","**","-","**","46953","124205","-","**","54650","132756","-","**","53300","40155","52500","8906","92260","36826","47413","16611","64750","21945","28750","38533","70625","23269","87768","38524","63063","15399","81458","22563","24792","60709","91202","47907","20500","19313","14194","1656","14194","1656","-","**","47656","25324","49219","19339","-","**","(X)","(X)","(X)","(X)","(X)","(X)"
"1400000US36005025100","Census Tract 251, Bronx County, New York","2083","109","13.1","5.5","34.5","7.2","1.0","1.7","1.8","2.2","0.0","1.5","40.7","7.6","8.9","5.2","64.4","6.6","1.2","1.5","8.3","5.2","41.4","8.2","44.1","7.9","6.1","3.4","1465","164","43.5","8.2","56.5","8.2","36.9","10.1","52.0","10.1","11.1","6.7","618","159","37.7","15.4","27.7","13.9","10.0","9.7","62.3","15.4","42.9","16.9","19.4","12.8","42.8","(X)","41.5","(X)","44.5","(X)","31541","3110","22045","30175","38286","10200","-","**","-","**","-","**","30323","6060","27596","25700","29557","5833","-","**","25990","48977","41625","8180","24191","7938","30547","13667","31498","5008","34375","12789","30472","6706","38173","12211","23676","10916","43750","25253","30339","4046","26615","11558","25052","19319","46786","30688","31144","8633","28393","14493","107583","78957","(X)","(X)","(X)","(X)","(X)","(X)"
"1400000US36005025200","Census Tract 252, Bronx County, New York","886","66","65.0","8.9","2.9","3.1","1.4","2.3","9.4","5.1","0.0","3.6","21.3","8.3","0.0","3.6","30.8","8.3","55.5","8.8","1.4","2.2","34.9","10.9","34.9","9.1","28.9","8.7","602","91","38.0","12.3","62.0","12.3","52.7","12.1","33.2","12.9","14.1","9.7","284","78","71.1","15.3","53.9","17.0","17.3","11.6","28.9","15.3","24.3","14.7","4.6","5.1","37.8","(X)","34.9","(X)","39.8","(X)","49944","12598","49375","26774","105909","145471","-","**","74125","79970","-","**","38203","32195","-","**","42188","22910","44500","18422","-","**","48631","10527","91042","20381","26838","7330","62155","28741","41063","17147","81250","8910","82159","17972","53000","47831","38378","17337","24792","9601","16300","6667","13750","4687","48512","43669","49773","35106","49886","35638","-","**","(X)","(X)","(X)","(X)","(X)","(X)"
"1400000US36005025300","Census Tract 253, Bronx County, New York","1745","123","13.9","4.4","23.1","5.1","1.4","2.1","4.6","2.2","0.0","1.8","54.7","6.6","2.2","2.0","69.1","4.9","4.1","3.0","3.0","2.8","43.8","6.4","37.8","6.7","15.4","4.3","1186","137","49.0","8.2","51.0","8.2","35.8","10.6","46.6","12.6","17.5","8.1","559","137","49.0","15.6","37.9","14.1","11.1","10.1","51.0","15.6","39.5","15.6","11.4","9.9","43.9","(X)","43.1","(X)","43.3","(X)","30908","3762","25449","7190","34972","9650","-","**","38750","40236","-","**","31324","5034","8819","2207","29494","3720","17308","29471","91375","28299","28289","11594","32973","2980","21620","11782","32800","6770","22019","8642","39469","16593","43594","10749","23688","10746","48261","51672","27938","6826","30872","4045","30313","16175","46250","48404","24191","9375","21823","12193","49167","33999","(X)","(X)","(X)","(X)","(X)","(X)"
"1400000US36005025400","Census Tract 254, Bronx County, New York","814","50","80.2","8.0","1.5","2.2","1.6","2.6","7.6","4.7","0.0","3.9","8.6","6.5","0.5","0.9","19.5","8.4","70.1","9.6","0.0","3.9","37.6","9.8","36.5","9.2","25.9","7.7","464","75","43.8","10.3","56.3","10.3","70.7","10.3","18.3","9.2","11.0","7.5","350","78","64.3","11.4","62.9","12.0","1.4","2.3","35.7","11.4","29.7","10.8","6.0","5.6","56.9","(X)","59.1","(X)","45.1","(X)","42177","14746","43229","17915","-","**","-","**","52273","53634","-","**","31923","63012","-","**","60982","34781","32768","16539","-","**","50909","18721","42125","23567","24049","2134","59643","20138","70104","35491","58607","19950","71250","34808","32813","42317","40375","74771","24185","8216","23560","9015","23696","9917","-","**","30774","19980","25500","28903","32386","287444","(X)","(X)","(X)","(X)","(X)","(X)"
"1400000US36005025500","Census Tract 255, Bronx County, New York","2090","90","9.9","5.1","25.9","5.8","0.0","1.5","0.2","0.7","0.0","1.5","61.2","7.6","2.8","2.4","74.8","5.6","0.7","1.1","5.6","3.5","35.3","7.1","40.9","7.6","18.1","4.9","1327","158","48.8","10.2","51.2","10.2","25.6","8.8","58.9","11.7","15.5","9.3","763","153","44.7","14.0","44.7","14.0","0.0","4.2","55.3","14.0","50.9","14.1","4.5","7.3","33.9","(X)","32.4","(X)","32.1","(X)","20000","8187","23217","4900","24688","12151","-","**","-","**","-","**","16387","11876","21902","11200","17100","7081","-","**","17857","4430","35652","13547","19271","16871","12100","2645","24331","9084","17027","13430","25671","5313","26667","23549","14659","10935","54405","49109","12483","10887","9788","2792","9788","2792","-","**","23143","14421","21167","15593","-","**","(X)","(X)","(X)","(X)","(X)","(X)"
"1400000US36005025600","Census Tract 256, Bronx County, New York","683","35","39.4","10.2","12.4","7.9","0.0","4.6","9.2","8.1","0.0","4.6","37.5","10.5","1.5","1.9","47.3","10.1","30.2","7.8","2.3","2.6","44.7","11.4","37.9","10.6","15.1","5.8","411","74","53.0","14.1","47.0","14.1","54.3","16.1","36.0","17.2","9.7","12.3","272","70","57.7","18.3","57.7","18.3","0.0","11.2","42.3","18.3","42.3","18.3","0.0","11.2","65.4","(X)","69.8","(X)","51.8","(X)","42337","11369","46042","39119","37438","9003","-","**","63785","20515","-","**","37381","8735","-","**","45511","19244","33750","14652","-","**","62642","22504","37108","24506","32837","17148","42039","37405","36867","3072","85375","35016","105903","27713","35676","9922","-","**","36576","6971","35313","6569","35313","6569","-","**","40313","19395","40313","19395","-","**","(X)","(X)","(X)","(X)","(X)","(X)"
"1400000US36005025700","Census Tract 257, Bronx County, New York","610","48","8.0","5.3","37.0","9.3","0.0","5.2","0.0","5.2","0.0","5.2","49.3","10.7","5.6","3.7","65.7","8.0","0.8","1.3","2.0","2.7","42.1","11.0","38.4","11.6","17.5","7.5","441","69","45.4","11.4","54.6","11.4","34.0","12.1","58.0","12.7","7.9","7.0","169","65","37.3","20.5","34.9","20.1","2.4","6.1","62.7","20.5","42.0","20.6","20.7","19.2","38.9","(X)","37.0","(X)","43.8","(X)","30485","4840","20515","10573","32344","11658","-","**","-","**","-","**","27036","5134","56111","11816","27107","7074","-","**","-","**","30511","9755","31382","11685","21544","20086","32314","18543","27857","9095","49511","21046","29286","38591","37083","18030","-","**","13839","9993","12250","6349","11250","5638","-","**","21333","18339","10125","11561","-","**","(X)","(X)","(X)","(X)","(X)","(X)"
"1400000US36005026100","Census Tract 261, Bronx County, New York","1067","87","11.3","6.9","55.0","6.9","0.0","3.0","3.0","3.2","0.0","3.0","22.8","8.3","7.9","5.3","31.4","6.1","9.3","5.8","0.9","1.5","28.6","6.1","42.1","8.0","28.4","6.8","471","111","27.8","13.6","72.2","13.6","61.4","16.3","34.8","15.8","3.8","5.6","596","102","62.8","12.1","53.7","11.0","9.1","7.5","37.2","12.1","31.7","11.0","5.5","6.5","28.0","(X)","38.2","(X)","20.0","(X)","64810","5120","35156","46554","66250","6220","-","**","64239","38610","-","**","60865","27979","118036","79347","63125","14997","37344","82534","-","**","81343","27675","63922","5766","49303","6497","59205","9846","72054","43761","55887","5742","90125","35187","49567","16594","57955","2512","66739","5597","61500","9498","59833","16494","61750","43886","82333","25404","81250","26993","-","**","(X)","(X)","(X)","(X)","(X)","(X)"
"1400000US36005026300","Census Tract 263, Bronx County, New York","2069","131","15.4","5.5","22.9","6.2","1.4","2.3","4.1","3.7","0.0","1.6","52.4","9.3","3.7","2.8","68.8","7.0","7.5","3.2","2.2","2.8","36.4","8.0","40.7","8.6","20.7","6.9","1419","174","55.1","11.3","44.9","11.3","41.0","11.6","43.1","11.1","15.9","8.2","650","181","71.5","15.8","70.0","16.1","1.5","2.5","28.5","15.8","16.0","11.3","12.5","12.4","42.8","(X)","48.4","(X)","30.5","(X)","28976","6051","25906","7021","45422","10398","-","**","8000","13031","-","**","30910","8359","26544","16826","28690","6330","20556","4799","-","**","34694","13083","28063","6444","25244","7661","28013","11133","21039","6775","36586","9242","45250","22168","20840","6828","32734","15458","22083","11812","21620","12852","22083","12769","-","**","22462","52677","11250","69806","45507","40468","(X)","(X)","(X)","(X)","(X)","(X)"
"1400000US36005026400","Census Tract 264, Bronx County, New York","2007","149","62.1","8.0","5.4","4.7","1.2","2.0","3.0","2.2","0.0","1.6","26.8","7.6","1.5","2.4","35.7","8.6","54.7","7.8","1.5","2.4","38.0","8.6","38.8","8.7","21.7","7.0","1363","172","42.2","12.4","57.8","12.4","66.9","12.2","25.0","10.8","8.1","7.2","644","195","49.4","16.0","41.9","15.4","7.5","8.0","50.6","16.0","41.1","16.7","9.5","9.0","54.3","(X)","62.9","(X)","36.2","(X)","73720","21115","66328","14749","96302","25425","-","**","117917","60850","-","**","86445","46380","-","**","86220","46580","67266","18251","-","**","59594","63402","87012","16427","49336","39767","87488","9010","85799","66305","89569","9336","93472","7354","34631","26424","85972","212127","47422","21850","31406","14811","30469","17354","-","**","52990","9144","49659","16420","113708","48682","(X)","(X)","(X)","(X)","(X)","(X)"
"1400000US36005026500","Census Tract 265, Bronx County, New York","1976","114","11.3","4.8","16.2","3.9","0.0","1.6","10.9","4.8","0.0","1.6","59.0","7.6","2.6","2.2","69.7","5.9","1.0","1.5","4.5","3.7","41.4","8.0","39.8","8.3","14.3","4.8","1442","147","59.4","10.9","40.6","10.9","46.9","10.6","48.1","11.3","4.9","4.6","534","124","66.7","14.1","48.7","13.1","18.0","12.3","33.3","14.1","12.5","8.7","20.8","12.8","52.1","(X)","56.4","(X)","33.9","(X)","37719","6382","28011","21622","40128","8158","-","**","66008","19112","-","**","35994","12382","20682","10999","32424","7722","-","**","47188","74802","36772","7702","42123","13736","16250","8630","36801","4933","32192","8668","50426","9536","55907","22466","27035","11172","17056","58096","21000","9553","12344","11600","9923","3144","40208","15703","45125","26311","9676","16655","61169","36903","(X)","(X)","(X)","(X)","(X)","(X)"
"1400000US36005026601","Census Tract 266.01, Bronx County, New York","1231","93","65.2","7.7","4.0","3.8","0.0","2.6","1.5","1.8","0.0","2.6","25.8","8.3","3.5","3.6","34.9","7.1","56.9","7.4","0.0","2.6","30.3","8.6","35.1","6.8","34.6","7.3","690","103","44.6","10.7","55.4","10.7","42.6","10.6","44.3","11.4","13.0","7.9","541","106","64.7","14.4","55.5","13.1","9.2","9.3","35.3","14.4","33.5","14.5","1.8","2.9","50.6","(X)","62.5","(X)","35.5","(X)","51938","8560","48302","3081","59766","82454","-","**","71250","83023","-","**","65625","24216","19567","125880","56961","10824","46979","5375","-","**","56065","13524","60071","7236","38103","15779","59688","8955","55556","29526","72581","22584","77500","28148","45313","27123","45595","90834","45592","10867","33214","17217","28824","11892","-","**","58365","28479","59327","31360","-","**","(X)","(X)","(X)","(X)","(X)","(X)"
"1400000US36005026602","Census Tract 266.02, Bronx County, New York","2544","129","65.1","8.2","7.5","3.6","0.6","0.8","1.2","1.7","0.0","1.3","24.9","7.7","0.7","1.3","44.9","7.9","47.6","7.5","1.1","1.3","35.8","7.2","35.3","7.2","27.8","5.9","1304","223","40.4","9.9","59.6","9.9","56.3","13.5","23.8","10.0","19.9","10.5","1240","216","63.8","10.3","57.3","9.8","6.5","4.6","36.2","10.3","35.2","10.1","1.0","1.6","51.5","(X)","54.3","(X)","45.6","(X)","46174","10925","53313","17303","30964","24645","-","**","-","**","-","**","42692","24430","-","**","46042","24706","49653","16341","46688","10735","85595","18109","62626","30790","15804","5109","65080","10919","65680","40085","64255","20131","71250","76485","40104","21858","66176","36324","28445","4473","16368","3836","15191","2546","93750","89808","53510","18568","52933","17057","-","**","(X)","(X)","(X)","(X)","(X)","(X)"
"1400000US36005026701","Census Tract 267.01, Bronx County, New York","1210","87","16.1","6.4","11.1","5.7","0.7","1.2","13.6","5.3","0.0","2.6","55.2","8.8","3.3","3.1","72.3","6.2","5.5","4.0","7.5","4.4","40.7","8.3","36.3","7.9","15.5","4.5","829","145","56.2","10.8","43.8","10.8","49.5","13.1","45.7","12.1","4.8","3.8","381","131","59.8","15.9","48.0","17.2","11.8","10.3","40.2","15.9","29.4","16.5","10.8","11.7","41.8","(X)","44.9","(X)","35.2","(X)","32599","6898","21544","16676","38429","23911","-","**","74000","24154","-","**","27850","7630","35000","58587","27975","7175","34792","25116","41576","21245","28475","16248","34601","7313","20809","16245","28375","8265","25962","9139","38288","14049","38696","10480","19023","3866","19167","26972","34177","12267","21129","13715","18365","6983","51477","172985","55625","43599","40978","21676","-","**","(X)","(X)","(X)","(X)","(X)","(X)"
"1400000US36005026702","Census Tract 267.02, Bronx County, New York","2327","112","17.6","5.5","21.9","5.2","0.0","1.4","2.4","2.7","0.0","1.4","55.4","6.7","2.7","2.3","73.3","5.2","5.9","3.5","5.1","3.2","38.8","7.3","41.4","6.3","14.7","4.9","1411","167","48.4","9.0","51.6","9.0","46.4","9.1","42.7","9.3","10.9","6.2","916","174","42.8","12.3","33.5","11.7","9.3","7.7","57.2","12.3","51.9","12.7","5.3","5.0","40.2","(X)","38.4","(X)","43.0","(X)","32525","9296","50033","17498","34148","30450","-","**","2,500-","***","-","**","31368","7159","30833","37070","32345","9870","27800","20988","34911","49920","43100","12271","32368","16993","21667","16278","36202","10383","29819","20036","38112","11129","49596","11677","27589","5166","46719","22653","26509","8366","11556","30071","9784","21722","48819","92016","27311","13921","27188","15301","27450","81705","(X)","(X)","(X)","(X)","(X)","(X)"
"1400000US36005026900","Census Tract 269, Bronx County, New York","1305","81","13.6","4.5","18.9","4.6","0.0","2.5","4.8","4.1","0.0","2.5","60.8","7.4","2.0","2.1","73.7","6.0","3.5","2.0","3.7","3.3","48.7","8.4","30.3","7.6","17.3","5.3","758","106","62.1","8.9","37.9","8.9","31.3","9.3","57.4","11.3","11.3","7.2","547","113","63.1","13.2","55.0","12.8","8.0","6.6","36.9","13.2","34.6","13.5","2.4","4.0","24.2","(X)","22.8","(X)","24.1","(X)","31336","7781","33036","20593","33558","11899","-","**","51379","20674","-","**","28264","7053","14167","93650","29167","7845","27813","22138","12083","6985","38631","3844","28819","9494","13088","10700","29318","8402","24916","9700","34213","13470","69028","46177","24028","2725","75938","42577","27426","12773","23060","6303","21208","11057","35833","24482","40100","16485","38854","21900","-","**","(X)","(X)","(X)","(X)","(X)","(X)"
"1400000US36005027300","Census Tract 273, Bronx County, New York","2548","136","21.0","6.4","21.6","4.4","0.0","1.3","2.8","1.7","0.0","1.3","52.5","7.3","2.0","1.7","68.2","5.4","10.1","4.5","1.7","2.0","39.9","6.9","46.8","5.9","11.6","3.8","1959","187","52.5","9.2","47.5","9.2","40.7","8.4","53.3","8.2","5.9","4.8","589","168","45.3","15.2","34.5","12.8","10.9","9.4","54.7","15.2","41.3","14.4","13.4","11.3","35.2","(X)","39.6","(X)","20.7","(X)","45370","5034","50875","14764","46602","18236","-","**","107778","130130","-","**","42577","6589","39667","59978","42808","6472","46575","18777","-","**","47431","9258","50729","13199","36750","9307","46250","6412","41571","10567","58576","19518","57143","17172","35786","7851","66083","40891","31083","12661","32981","15383","24438","15577","64722","28677","28625","19381","26863","9448","69315","28628","(X)","(X)","(X)","(X)","(X)","(X)"
"1400000US36005027401","Census Tract 274.01, Bronx County, New York","1788","125","88.9","4.9","0.0","1.8","0.0","1.8","3.6","2.9","0.0","1.8","7.5","4.4","0.0","1.8","13.5","4.8","82.9","5.4","0.0","1.8","15.3","7.3","51.8","9.3","32.9","7.2","1224","179","36.4","7.5","63.6","7.5","73.4","9.3","21.4","7.7","5.2","4.3","564","162","55.5","17.2","48.6","16.9","6.9","10.7","44.5","17.2","44.5","17.2","0.0","5.6","42.2","(X)","38.8","(X)","49.5","(X)","69138","24611","67759","27603","-","**","-","**","111161","11136","-","**","12428","133678","-","**","70764","24185","57393","30886","-","**","108802","7366","75259","26063","26935","12188","86389","25289","74583","51678","89185","23615","99333","23073","67679","78946","76724","12579","31641","24402","19781","12304","18563","5222","-","**","52578","36060","52578","36060","-","**","(X)","(X)","(X)","(X)","(X)","(X)"
"1400000US36005027402","Census Tract 274.02, Bronx County, New York","1241","138","76.0","8.5","9.3","8.4","0.0","2.6","5.4","5.5","0.0","2.6","9.3","7.4","0.0","2.6","18.6","8.8","67.7","8.8","0.0","2.6","27.4","10.6","33.9","10.0","38.7","9.9","720","166","41.8","13.8","58.2","13.8","70.4","12.5","16.4","9.9","13.2","10.9","521","156","69.9","16.5","55.1","19.3","14.8","16.5","30.1","16.5","28.4","16.4","1.7","2.7","51.0","(X)","48.2","(X)","54.9","(X)","68511","19575","68237","24603","75385","95398","-","**","71378","7133","-","**","54336","35568","-","**","75096","42677","57344","27262","-","**","87656","39395","68151","19518","35357","28675","75375","19584","75694","34184","74583","24253","75139","33882","76346","39471","69840","99772","45987","22917","46579","27592","34653","24403","-","**","27750","64611","28500","70980","-","**","(X)","(X)","(X)","(X)","(X)","(X)"
"1400000US36005027600","Census Tract 276, Bronx County, New York","30","13","13.3","19.8","36.7","17.3","30.0","31.4","20.0","19.9","0.0","54.1","0.0","54.1","0.0","54.1","0.0","54.1","13.3","19.8","0.0","54.1","76.7","21.1","23.3","21.1","0.0","54.1","26","13","76.9","28.6","23.1","28.6","65.4","35.1","34.6","35.1","0.0","58.2","4","5","100.0","100.0","100.0","100.0","0.0","100.0","0.0","100.0","0.0","100.0","0.0","100.0","23.3","(X)","26.9","(X)","0.0","(X)","57222","21704","-","**","53750","42896","-","**","-","**","-","**","-","**","-","**","-","**","-","**","-","**","57083","20854","-","**","-","**","60625","35050","60625","32176","-","**","88438","53858","-","**","-","**","-","**","-","**","-","**","-","**","-","**","-","**","-","**","(X)","(X)","(X)","(X)","(X)","(X)"
"1400000US36005027700","Census Tract 277, Bronx County, New York","1791","83","24.2","5.7","24.5","5.1","0.0","1.8","2.7","2.1","0.0","1.8","43.6","7.0","5.0","2.6","62.0","5.8","13.0","4.6","2.6","2.6","42.6","6.8","35.7","5.9","19.0","4.2","1248","143","53.0","8.4","47.0","8.4","45.8","9.5","45.8","8.6","8.5","5.9","543","131","73.8","12.2","67.0","12.5","6.8","6.1","26.2","12.2","19.9","10.2","6.3","9.4","31.5","(X)","28.2","(X)","39.2","(X)","30750","4307","33750","19858","30313","11734","-","**","30813","15534","-","**","31351","5122","28846","15571","29306","6037","36250","20847","31193","26781","35625","13657","29042","4853","22284","16881","31500","11413","24173","13472","34901","7117","38851","4435","22639","4197","23906","37572","28325","8447","26719","14963","19808","19386","32875","39949","29265","22785","42632","53782","-","**","(X)","(X)","(X)","(X)","(X)","(X)"
"1400000US36005027900","Census Tract 279, Bronx County, New York","2784","145","40.4","6.1","19.4","6.1","1.6","1.8","2.4","2.1","0.0","1.2","31.3","7.2","5.0","3.8","47.2","7.3","28.7","4.7","4.1","3.4","36.0","6.8","39.2","7.2","20.8","5.4","1884","212","38.1","10.2","61.9","10.2","42.9","9.3","42.2","9.7","14.9","7.3","900","197","64.0","11.2","62.8","11.1","1.2","1.9","36.0","11.2","30.7","10.3","5.3","5.3","32.3","(X)","37.6","(X)","21.1","(X)","47227","10760","45833","13247","63885","10763","-","**","80893","103286","-","**","43715","8188","39356","17358","45309","6689","45208","22048","44549","35007","64130","9570","44000","18928","37232","12112","55586","13660","50556","18378","58008","19188","59831","16129","45565","16131","79325","37893","36875","10342","38750","11066","37042","11291","-","**","35536","17891","36250","27464","-","**","(X)","(X)","(X)","(X)","(X)","(X)"
"1400000US36005028100","Census Tract 281, Bronx County, New York","1745","90","61.6","7.7","15.9","4.7","1.4","1.7","2.5","1.9","0.0","1.8","14.4","6.0","4.1","2.3","31.5","7.0","49.2","7.3","0.0","1.8","22.8","6.4","39.1","7.6","38.2","5.7","895","129","38.7","9.1","61.3","9.1","59.9","9.8","35.6","10.6","4.5","4.2","850","142","49.6","10.8","45.3","10.8","4.4","3.4","50.4","10.8","45.9","11.4","4.5","4.7","26.7","(X)","29.6","(X)","22.4","(X)","57604","10563","50542","18488","54196","36171","-","**","9667","123569","-","**","61133","4375","60750","62316","56389","13707","59010","24199","-","**","76438","13478","57986","15122","35469","15892","66068","9286","62813","18717","66622","9936","71786","15090","65495","9187","28947","64025","33000","4294","32969","4731","32112","4992","107566","142659","33077","17454","32692","14021","80556","143378","(X)","(X)","(X)","(X)","(X)","(X)"
"1400000US36005028300","Census Tract 283, Bronx County, New York","1237","78","14.2","6.3","30.0","6.5","1.1","1.8","1.1","1.7","0.0","2.6","47.5","8.1","6.0","5.5","69.6","7.5","7.3","5.0","0.9","1.4","48.3","7.9","35.4","9.5","15.4","5.6","777","124","54.1","11.1","45.9","11.1","31.4","11.7","63.7","11.4","4.9","5.8","460","124","59.1","17.6","47.0","16.5","12.2","13.4","40.9","17.6","35.2","16.3","5.7","7.5","26.4","(X)","26.1","(X)","27.0","(X)","45485","6949","29531","24368","42191","6992","-","**","-","**","-","**","49750","18276","46935","12013","47325","10180","14861","72415","-","**","46250","10164","47083","6071","20054","5228","40466","2538","42182","9112","27813","17948","51719","22650","40284","12291","-","**","46443","4846","50139","15928","46955","9385","-","**","36250","32262","25875","27998","-","**","(X)","(X)","(X)","(X)","(X)","(X)"
"1400000US36005028400","Census Tract 284, Bronx County, New York","34","29","47.1","43.0","0.0","50.9","0.0","50.9","0.0","50.9","0.0","50.9","17.6","28.0","35.3","46.2","32.4","37.2","32.4","42.3","0.0","50.9","52.9","43.0","14.7","21.9","32.4","42.3","11","12","54.5","54.5","45.5","54.5","100.0","89.4","0.0","89.4","0.0","89.4","23","26","52.2","52.2","52.2","52.2","0.0","61.8","47.8","52.2","0.0","61.8","47.8","52.2","14.7","(X)","45.5","(X)","0.0","(X)","113750","111796","-","**","-","**","-","**","-","**","-","**","-","**","-","**","-","**","-","**","-","**","-","**","-","**","-","**","-","**","-","**","-","**","-","**","-","**","-","**","-","**","-","**","-","**","-","**","-","**","-","**","-","**","(X)","(X)","(X)","(X)","(X)","(X)"
"1400000US36005028500","Census Tract 285, Bronx County, New York","1470","81","70.6","7.6","6.7","3.8","0.0","2.2","4.8","3.2","0.0","2.2","16.7","7.0","1.2","1.7","27.0","6.9","62.0","8.1","3.9","2.9","45.0","5.4","27.5","5.3","23.5","4.7","664","129","42.5","11.8","57.5","11.8","68.4","13.0","24.1","12.2","7.5","6.9","806","130","49.6","9.1","44.9","10.1","4.7","3.7","50.4","9.1","45.2","9.3","5.2","4.4","21.0","(X)","27.3","(X)","15.9","(X)","49879","7499","53486","7458","53333","27454","-","**","52950","34590","-","**","47820","12587","-","**","48125","8501","53413","9985","17857","43325","57778","8101","49091","10701","23077","11425","54008","9148","48649","7964","63289","8833","56250","11953","24615","67764","49000","28224","42095","11437","31471","15747","30147","13716","47250","83896","52984","11907","50313","12610","145114","100016","(X)","(X)","(X)","(X)","(X)","(X)"
"1400000US36005028600","Census Tract 286, Bronx County, New York","428","60","71.7","12.8","3.0","4.7","0.0","7.3","14.0","10.4","0.0","7.3","11.2","10.2","0.0","7.3","24.1","13.4","61.7","12.4","3.0","4.5","15.2","9.9","42.5","13.9","39.3","12.7","217","55","20.3","15.5","79.7","15.5","76.0","15.5","10.6","11.1","13.4","11.5","211","58","70.6","17.9","70.6","17.9","0.0","14.2","29.4","17.9","26.1","17.0","3.3","5.0","48.6","(X)","48.4","(X)","46.0","(X)","51538","22826","54234","16601","-","**","-","**","61667","151276","-","**","35278","23590","-","**","35694","20791","54355","19250","-","**","74375","31629","37037","57919","31935","20659","75893","30484","32857","23876","90972","33517","76607","26446","-","**","57083","171067","30694","6450","31806","8346","31806","8346","-","**","27692","19738","26806","3849","-","**","(X)","(X)","(X)","(X)","(X)","(X)"
"1400000US36005028700","Census Tract 287, Bronx County, New York","1125","111","41.4","8.8","9.9","4.7","4.3","5.9","6.9","3.3","0.0","2.8","35.1","8.2","2.4","2.3","51.3","7.5","30.0","7.5","2.0","2.5","52.0","11.0","26.7","9.3","19.3","6.7","801","125","43.1","11.8","56.9","11.8","67.2","10.8","26.8","9.6","6.0","6.2","324","85","71.9","14.6","64.2","14.1","7.7","7.9","28.1","14.6","21.0","12.7","7.1","8.8","18.8","(X)","18.1","(X)","17.6","(X)","46875","9573","46563","35346","30231","13092","-","**","49444","48839","-","**","46875","8753","38750","19306","46227","8409","65046","36905","-","**","62446","16258","28646","35989","27566","6816","62938","35310","66250","40347","53333","77975","86481","41084","28375","24372","24375","36262","36667","14278","35486","24444","26375","20530","-","**","39432","31166","38409","21979","-","**","(X)","(X)","(X)","(X)","(X)","(X)"
"1400000US36005028800","Census Tract 288, Bronx County, New York","1137","90","80.9","8.5","2.6","3.4","0.0","2.8","10.6","6.1","0.0","2.8","6.0","5.5","0.0","2.8","10.9","5.9","76.0","8.4","2.2","3.5","28.7","9.4","32.5","7.0","36.7","8.6","818","123","50.2","10.5","49.8","10.5","78.7","9.3","16.5","7.7","4.8","5.8","319","99","63.6","20.6","54.5","20.6","9.1","12.9","36.4","20.6","34.8","20.7","1.6","3.1","42.9","(X)","40.2","(X)","49.8","(X)","57460","14633","54394","15056","-","**","-","**","81552","17315","-","**","36875","38742","-","**","55242","40824","53939","17543","-","**","80532","62251","115288","34424","36354","7718","81489","19236","94034","52329","77039","11346","82361","38056","70139","37833","-","**","30759","8189","30329","10872","31711","7648","-","**","31667","27394","30972","25529","-","**","(X)","(X)","(X)","(X)","(X)","(X)"
"1400000US36005028900","Census Tract 289, Bronx County, New York","1655","113","46.2","8.3","9.0","4.9","1.0","1.0","10.7","5.6","0.0","1.9","28.9","7.8","4.2","3.5","50.2","6.6","33.0","6.7","1.3","2.1","37.0","6.9","41.8","8.3","19.9","6.3","899","111","39.9","9.9","60.1","9.9","50.2","12.3","42.0","12.6","7.8","6.1","756","129","45.8","12.4","42.5","12.1","3.3","3.0","54.2","12.4","49.2","12.8","5.0","6.3","27.3","(X)","34.4","(X)","17.6","(X)","55281","9088","46375","17760","16198","15566","-","**","85677","20709","-","**","62000","7990","85556","44485","60167","9367","52561","20359","-","**","70379","30328","57000","13123","45500","21725","61188","7556","66367","24501","60458","9408","62021","7353","37321","45745","43750","101548","42155","25342","28828","17236","27852","19390","126806","29707","73654","35164","59808","44514","-","**","(X)","(X)","(X)","(X)","(X)","(X)"
"1400000US36005029301","Census Tract 293.01, Bronx County, New York","858","82","89.9","4.9","0.6","1.0","0.0","3.7","6.4","4.8","0.0","3.7","2.6","3.1","0.6","0.9","11.2","6.7","81.8","7.0","0.0","3.7","18.6","6.1","44.1","7.2","37.3","7.6","423","76","38.1","10.9","61.9","10.9","71.4","11.5","24.8","12.0","3.8","3.4","435","78","62.8","13.5","59.8","13.4","3.0","3.5","37.2","13.5","34.5","13.1","2.8","3.4","16.1","(X)","10.6","(X)","20.2","(X)","101700","16976","101350","16336","-","**","-","**","122417","25787","-","**","-","**","-","**","71500","84284","101300","16533","-","**","141200","94429","108750","26409","64792","40759","122250","29455","96458","86241","125227","29090","154375","74444","83405","14474","54375","139761","80114","33558","74940","27844","74167","26434","-","**","95500","81579","64432","79486","-","**","(X)","(X)","(X)","(X)","(X)","(X)"
"1400000US36005029302","Census Tract 293.02, Bronx County, New York","2483","187","84.6","5.8","5.1","2.5","0.0","1.3","4.5","2.5","0.0","1.3","5.8","4.3","0.0","1.3","12.3","4.6","78.9","5.8","0.0","1.3","23.7","5.3","42.7","5.9","33.6","4.6","1201","142","34.5","6.7","65.5","6.7","83.0","8.3","17.0","8.3","0.0","2.7","1282","191","69.6","8.1","67.1","8.7","2.5","2.8","30.4","8.1","29.2","7.8","1.2","2.1","17.6","(X)","17.0","(X)","18.3","(X)","91180","6806","92794","8535","93672","43444","-","**","73490","49399","-","**","67072","27977","-","**","80583","21470","91939","8673","-","**","90543","34350","101960","12683","52500","20277","116793","29690","131587","42839","104250","30491","131514","29478","74907","50199","-","**","71935","9546","71094","21393","66250","18937","-","**","72228","10146","71793","11779","-","**","(X)","(X)","(X)","(X)","(X)","(X)"
"1400000US36005029500","Census Tract 295, Bronx County, New York","1792","124","64.1","7.4","11.8","4.0","0.0","1.8","6.3","3.9","0.0","1.8","13.5","6.5","4.4","3.7","22.3","6.7","56.3","7.6","1.7","1.2","41.5","6.0","32.3","6.3","24.4","5.6","1189","135","36.4","8.7","63.6","8.7","73.3","8.0","18.8","6.2","7.9","5.7","603","122","68.3","10.2","64.5","10.4","3.8","3.3","31.7","10.2","28.9","9.5","2.8","4.7","23.0","(X)","23.0","(X)","23.2","(X)","94457","19561","92554","22799","81125","32194","-","**","118833","98574","-","**","82039","71847","113500","65149","98902","34569","83547","18784","6806","34431","97500","27326","112038","7707","45227","27123","115403","12198","82336","33337","116864","31634","121618","40602","82788","48804","85469","48822","52122","7097","50862","23001","51853","13410","5694","7678","60804","28943","53750","21979","-","**","(X)","(X)","(X)","(X)","(X)","(X)"
"1400000US36005029600","Census Tract 296, Bronx County, New York","786","72","44.4","10.1","28.0","10.4","1.3","1.9","16.7","5.3","0.0","4.0","8.8","6.1","0.9","1.3","18.7","7.8","37.9","9.5","4.3","4.7","60.7","7.6","19.0","6.0","16.0","4.1","333","90","63.1","12.1","36.9","12.1","74.2","12.9","17.7","10.3","8.1","10.1","453","95","53.0","16.6","38.4","15.6","14.6","10.7","47.0","16.6","38.2","13.4","8.8","7.8","36.0","(X)","31.5","(X)","39.3","(X)","45357","16566","47656","37819","50234","30017","-","**","52321","16000","-","**","14904","46860","-","**","39417","35705","32500","18596","3690","1787","52064","13588","70125","49285","15250","7539","70375","24259","73182","29329","59659","30461","77875","10157","31125","27990","-","**","30806","10835","45714","32984","31944","3889","100543","44500","15625","5621","12788","12082","16471","616","(X)","(X)","(X)","(X)","(X)","(X)"
"1400000US36005029700","Census Tract 297, Bronx County, New York","1474","130","86.6","5.8","2.6","1.8","0.0","2.2","4.1","4.6","1.8","2.7","3.4","3.3","1.4","1.5","7.1","3.2","83.2","5.8","0.5","0.8","27.9","5.6","31.2","7.0","40.4","6.6","956","102","37.3","11.1","62.7","11.1","85.4","7.5","10.7","5.9","4.0","5.2","518","121","77.8","8.9","73.7","9.6","4.1","4.1","22.2","8.9","13.3","7.1","8.9","6.1","22.8","(X)","23.6","(X)","21.2","(X)","90909","11451","87425","14923","88750","53120","-","**","187882","78451","-","**","52000","264833","64886","109326","56111","12417","90297","13107","-","**","96133","25914","105385","21921","64219","33626","107321","26674","99625","94516","107644","13057","106964","32909","96071","67670","-","**","45000","17694","45972","22725","40556","20486","113542","41480","44125","38370","42321","46967","44250","122071","(X)","(X)","(X)","(X)","(X)","(X)"
"1400000US36005030000","Census Tract 300, Bronx County, New York","2521","119","61.3","7.3","2.1","1.9","0.0","1.3","8.3","3.4","0.0","1.3","25.3","7.4","3.0","2.8","38.8","7.5","51.2","7.4","1.2","1.6","41.5","6.6","28.6","7.3","28.6","6.0","1449","237","41.0","10.7","59.0","10.7","64.5","9.9","30.5","10.0","5.0","5.9","1072","219","48.3","13.5","38.2","11.8","10.1","7.0","51.7","13.5","41.3","11.3","10.4","9.7","55.1","(X)","59.9","(X)","48.5","(X)","48485","10187","41037","12532","40313","65079","-","**","76607","28622","-","**","49318","24622","108162","62588","51569","23933","39149","13813","-","**","64243","28577","56250","24475","22015","4665","59344","16137","57500","18749","59958","33387","78750","36357","47132","19651","-","**","32471","8520","28636","9581","26250","23813","28636","27291","41105","19722","32277","12996","109583","6259","(X)","(X)","(X)","(X)","(X)","(X)"
"1400000US36005030100","Census Tract 301, Bronx County, New York","545","52","87.7","6.8","1.8","2.6","0.0","5.8","2.2","2.3","0.0","5.8","3.7","3.5","4.6","5.2","20.4","11.3","73.4","11.8","0.6","0.9","18.2","5.8","41.3","8.6","40.0","9.0","237","64","33.8","14.8","66.2","14.8","82.7","12.7","8.9","8.4","8.4","8.2","308","70","58.8","16.8","50.3","16.0","8.4","7.9","41.2","16.8","38.6","16.1","2.6","3.8","19.6","(X)","18.1","(X)","20.8","(X)","81685","18591","88000","19880","-","**","-","**","28333","55446","-","**","-","**","-","**","18558","18488","103000","28420","-","**","110375","61745","127604","42956","14655","14016","137702","35189","124342","59393","138105","43400","138790","28808","73250","182201","-","**","39750","38939","49911","49249","48482","36795","94500","136718","30250","55051","19327","53073","-","**","(X)","(X)","(X)","(X)","(X)","(X)"
"1400000US36005030200","Census Tract 302, Bronx County, New York","4136","176","11.2","4.3","74.0","5.6","0.8","1.3","1.1","1.1","0.0","0.8","10.5","3.5","2.3","1.9","18.5","4.5","7.9","3.5","1.8","2.0","21.4","5.2","49.8","7.2","27.1","5.1","2305","275","38.2","10.5","61.8","10.5","56.4","9.6","28.0","9.2","15.6","7.2","1831","285","61.8","11.4","61.8","11.4","0.0","1.8","38.2","11.4","38.2","11.4","0.0","1.8","36.1","(X)","41.6","(X)","29.2","(X)","51384","6059","37135","5577","55622","4426","-","**","42448","134668","-","**","40163","16259","21723","38629","40471","16657","35807","4348","-","**","49028","18779","56775","7005","42061","13957","69418","17035","78365","24741","61400","19708","75859","9053","50086","11526","51875","37066","38383","5657","44256","14868","44256","14868","-","**","32887","6455","32887","6455","-","**","(X)","(X)","(X)","(X)","(X)","(X)"
"1400000US36005030701","Census Tract 307.01, Bronx County, New York","2578","207","86.0","6.0","5.5","3.8","0.0","1.3","3.1","1.9","0.0","1.3","3.8","3.4","1.6","2.1","7.3","4.2","83.1","6.5","1.0","1.0","31.5","5.9","34.1","6.1","33.3","5.7","1298","254","41.6","8.5","58.4","8.5","74.8","9.3","19.6","8.4","5.5","5.7","1280","215","66.0","11.0","61.6","10.9","4.4","3.8","34.0","11.0","27.7","9.8","6.3","4.5","19.4","(X)","23.3","(X)","15.5","(X)","92361","17751","95326","17350","69875","111760","-","**","135917","108190","-","**","56250","22270","-","**","59796","111428","93393","20500","43750","57969","110741","50208","101250","38567","62216","13181","137197","23501","143462","82676","135076","24884","167063","31887","62083","26014","215305","277079","59263","12738","58792","19083","58072","18647","133571","74045","63359","20234","49977","21220","99688","389176","(X)","(X)","(X)","(X)","(X)","(X)"
"1400000US36005030900","Census Tract 309, Bronx County, New York","1398","94","89.3","4.5","7.0","3.3","0.0","2.3","3.7","3.3","0.0","2.3","0.0","2.3","0.0","2.3","10.8","5.3","80.0","7.2","1.9","2.4","17.4","7.3","31.9","5.8","48.8","6.6","650","109","39.7","7.5","60.3","7.5","85.1","8.1","10.2","7.8","4.8","4.7","748","122","65.6","13.4","58.0","12.3","7.6","10.9","34.4","13.4","34.4","13.4","0.0","4.2","25.7","(X)","16.6","(X)","33.6","(X)","82169","10411","81287","17224","77237","54934","-","**","-","**","-","**","-","**","-","**","109219","82305","69155","26889","-","**","107344","198083","109271","37787","27500","13167","115833","54604","154605","69380","111053","34223","157847","57552","108409","59892","107344","23413","29167","38976","28750","36337","26731","11038","-","**","45313","67254","45313","67254","-","**","(X)","(X)","(X)","(X)","(X)","(X)"
"1400000US36005031000","Census Tract 310, Bronx County, New York","1189","104","63.5","10.6","6.1","4.0","0.0","2.7","11.6","6.8","0.0","2.7","16.4","8.6","2.4","2.7","22.7","7.4","58.5","9.7","0.0","2.7","32.4","9.9","39.9","9.6","27.7","7.1","898","117","28.8","10.2","71.2","10.2","77.3","12.1","10.0","6.0","12.7","11.1","291","93","57.4","18.4","57.4","18.4","0.0","10.6","42.6","18.4","37.5","18.5","5.2","5.9","42.2","(X)","44.7","(X)","34.7","(X)","113914","29286","92656","30379","51389","48150","-","**","193281","194192","-","**","134228","8307","71250","26547","133708","25239","99167","34201","-","**","133919","11542","79620","41420","54219","51685","122381","21113","117031","37695","123239","29744","121190","18902","39516","33820","133680","365","67625","42143","31094","30758","31094","30758","-","**","79000","23842","74792","46015","-","**","(X)","(X)","(X)","(X)","(X)","(X)"
"1400000US36005031200","Census Tract 312, Bronx County, New York","624","28","62.7","11.2","13.8","6.3","0.0","5.1","9.9","5.7","0.0","5.1","13.0","8.4","0.6","1.9","28.0","9.0","48.2","11.1","5.6","6.1","33.3","10.4","31.1","8.2","30.0","7.9","471","73","44.2","10.4","55.8","10.4","67.5","11.4","19.7","9.3","12.7","7.6","153","69","36.6","26.6","36.6","26.6","0.0","19.0","63.4","26.6","52.9","29.4","10.5","16.7","48.2","(X)","47.1","(X)","51.6","(X)","62596","11748","55078","8935","111154","1099","-","**","61964","20437","-","**","75451","24892","-","**","75035","22798","52276","8529","-","**","60938","25823","111026","21250","39205","10076","70104","13711","110078","90483","68125","10046","72639","27690","59279","37108","63958","72327","33558","43325","17656","9720","17656","9720","-","**","55547","56807","34904","87768","-","**","(X)","(X)","(X)","(X)","(X)","(X)"
"1400000US36005031400","Census Tract 314, Bronx County, New York","664","45","75.8","8.3","11.0","5.8","0.0","4.8","6.8","4.6","0.0","4.8","6.5","6.6","0.0","4.8","19.6","9.1","64.2","9.0","1.1","1.7","17.6","6.5","54.2","9.4","27.1","8.9","473","74","40.6","12.4","59.4","12.4","78.6","9.5","13.1","7.3","8.2","7.0","191","68","50.8","20.6","50.8","20.6","0.0","15.6","49.2","20.6","46.1","20.1","3.1","5.1","36.7","(X)","44.6","(X)","17.3","(X)","80417","18643","76680","14143","88958","41538","-","**","140938","73164","-","**","220350","346340","-","**","100000","79112","74750","19282","-","**","89792","92060","93000","39000","66711","28667","109886","29800","141667","23197","93625","23003","129500","32198","88333","36711","102750","78899","53550","10184","42396","28510","42396","28510","-","**","54300","15119","54000","13978","-","**","(X)","(X)","(X)","(X)","(X)","(X)"
"1400000US36005031600","Census Tract 316, Bronx County, New York","638","42","48.7","12.4","16.6","9.1","0.0","5.0","10.5","6.8","0.0","5.0","21.8","10.4","2.4","4.1","26.3","11.2","44.7","12.5","0.0","5.0","38.1","10.7","42.6","12.0","19.3","7.4","447","72","51.7","12.4","48.3","12.4","72.5","11.1","24.4","10.6","3.1","5.6","191","59","46.6","21.6","27.7","17.2","18.8","20.8","53.4","21.6","53.4","21.6","0.0","15.6","62.2","(X)","64.4","(X)","50.8","(X)","59886","25268","49904","39859","94783","65902","-","**","82917","42428","-","**","52981","33076","-","**","55385","21711","34844","41955","-","**","59125","43498","90909","24203","21806","16507","76964","23122","85625","64487","76786","19805","76471","30706","59583","67579","86250","112560","30221","26493","21719","120450","19563","9079","-","**","30769","25711","30769","25711","-","**","(X)","(X)","(X)","(X)","(X)","(X)"
"1400000US36005031800","Census Tract 318, Bronx County, New York","638","43","64.7","11.1","6.1","5.3","0.0","5.0","5.2","5.2","0.0","5.0","21.2","10.0","2.8","5.5","29.8","7.6","55.2","9.8","0.0","5.0","37.8","9.8","45.8","11.2","16.5","5.7","514","60","50.0","13.7","50.0","13.7","62.3","13.8","19.5","11.8","18.3","12.3","124","54","42.7","21.5","16.1","12.3","26.6","23.2","57.3","21.5","57.3","21.5","0.0","22.8","61.1","(X)","70.8","(X)","17.7","(X)","55000","15880","61563","10736","142679","46210","-","**","48750","194091","-","**","38942","7667","-","**","45238","20301","56750","10887","-","**","62188","70665","55978","18629","37344","28696","55500","15425","48750","36100","55708","9765","57333","11565","32708","18230","107045","119169","45313","28131","32250","36657","26250","24035","45703","42053","63125","67261","63125","67261","-","**","(X)","(X)","(X)","(X)","(X)","(X)"
"1400000US36005031900","Census Tract 319, Bronx County, New York","0","12","-","**","-","**","-","**","-","**","-","**","-","**","-","**","-","**","-","**","-","**","-","**","-","**","-","**","0","12","-","**","-","**","-","**","-","**","-","**","0","12","-","**","-","**","-","**","-","**","-","**","-","**","-","(X)","-","(X)","-","(X)","-","**","-","**","-","**","-","**","-","**","-","**","-","**","-","**","-","**","-","**","-","**","-","**","-","**","-","**","-","**","-","**","-","**","-","**","-","**","-","**","-","**","-","**","-","**","-","**","-","**","-","**","-","**","(X)","(X)","(X)","(X)","(X)","(X)"
"1400000US36005032300","Census Tract 323, Bronx County, New York","2259","217","83.9","5.2","9.9","4.2","0.0","1.4","5.2","3.5","0.0","1.4","0.0","1.4","1.0","1.7","17.4","4.6","68.2","6.6","0.0","1.4","23.6","6.7","44.0","7.1","32.3","5.3","1055","156","35.0","7.0","65.0","7.0","85.6","9.3","6.8","5.4","7.6","6.9","1204","196","75.2","8.0","72.3","8.4","2.8","3.6","24.8","8.0","19.0","6.4","5.8","5.0","25.0","(X)","27.1","(X)","23.2","(X)","76217","15313","81487","12311","85595","45032","-","**","46350","6912","-","**","-","**","-","**","68807","25852","83173","14628","-","**","118409","28461","86215","14275","30938","14929","99864","29650","110739","29976","94722","41771","98491","40634","86548","31507","111563","16805","52961","14428","56375","23236","49073","21184","-","**","52599","13473","51083","34617","53816","152644","(X)","(X)","(X)","(X)","(X)","(X)"
"1400000US36005032400","Census Tract 324, Bronx County, New York","1227","67","38.2","10.3","23.6","8.4","0.0","2.6","0.6","0.9","0.0","2.6","31.8","10.7","5.9","5.6","60.7","8.0","16.2","7.5","4.2","5.5","27.5","9.2","43.4","11.3","25.0","8.4","766","142","43.7","12.5","56.3","12.5","36.3","12.8","61.1","13.1","2.6","4.2","461","141","78.7","14.0","71.4","15.1","7.4","7.6","21.3","14.0","21.3","14.0","0.0","6.8","42.9","(X)","49.5","(X)","31.9","(X)","28139","5413","18932","9013","69063","43451","-","**","-","**","-","**","29375","8915","14457","21029","25863","9711","21875","54366","-","**","47326","19355","35395","14576","14425","6017","31786","16950","25170","27936","36908","36164","58269","33710","27632","7522","-","**","16010","7801","14619","7660","14101","3996","67875","55532","21111","27010","21111","27010","-","**","(X)","(X)","(X)","(X)","(X)","(X)"
"1400000US36005032600","Census Tract 326, Bronx County, New York","1040","82","62.9","9.7","11.6","6.4","0.0","3.1","9.4","5.4","0.0","3.1","14.0","7.6","2.0","2.6","24.2","8.7","55.9","10.8","0.0","3.1","31.7","8.2","35.1","9.5","33.2","8.7","776","92","42.9","11.9","57.1","11.9","71.9","11.8","17.8","9.9","10.3","6.5","264","72","62.9","17.7","54.9","17.7","8.0","9.1","37.1","17.7","29.9","16.5","7.2","7.4","55.6","(X)","58.5","(X)","47.0","(X)","73158","9846","63906","20657","66607","72371","-","**","104750","34275","-","**","72083","13577","-","**","77604","13078","56583","19222","-","**","85714","11634","74871","13457","38281","18114","78688","11219","74450","9680","90583","24753","85670","14336","71042","10131","73800","30957","38854","16971","27857","26457","19375","18108","-","**","45875","9587","39740","12193","124464","32904","(X)","(X)","(X)","(X)","(X)","(X)"
"1400000US36005032800","Census Tract 328, Bronx County, New York","1353","76","38.9","8.5","24.9","7.1","1.2","2.0","7.4","4.7","0.0","2.4","23.1","7.5","4.5","4.7","43.9","8.4","25.6","7.7","5.6","4.7","36.0","8.9","44.9","9.2","13.5","4.1","1018","96","57.1","9.0","42.9","9.0","39.6","10.3","50.2","9.7","10.2","5.7","335","93","47.2","14.7","42.4","15.4","4.8","5.4","52.8","14.7","52.8","14.7","0.0","9.2","51.1","(X)","55.3","(X)","31.0","(X)","31644","8446","35357","12749","29375","23750","-","**","42321","11771","-","**","31125","31562","11773","11399","21220","7927","38815","7777","11490","770","31510","15208","36477","15928","38190","12185","37045","9671","24915","7933","55050","17469","42009","15414","27946","15247","26250","34516","18092","12192","9750","15492","9417","10327","-","**","22386","22956","22386","22956","-","**","(X)","(X)","(X)","(X)","(X)","(X)"
"1400000US36005033000","Census Tract 330, Bronx County, New York","2033","116","38.3","7.6","24.5","6.2","0.0","1.6","4.6","2.5","0.0","1.6","31.2","8.3","1.4","2.4","48.4","6.9","26.1","4.9","2.1","2.3","47.5","6.9","26.4","7.0","24.0","4.9","1377","180","50.0","10.5","50.0","10.5","43.1","11.4","40.0","10.1","16.9","9.3","656","165","40.5","13.5","36.6","13.4","4.0","6.5","59.5","13.5","48.0","15.7","11.4","10.6","45.0","(X)","47.0","(X)","40.9","(X)","39735","9856","37698","15887","38500","45246","-","**","86667","2051","-","**","46908","10639","-","**","38259","11422","50000","45896","-","**","47398","13419","54432","18319","17386","5881","46349","15726","38605","13817","53246","12366","62522","22362","38598","1427","52891","12646","17697","14647","19342","24425","18487","6957","-","**","12500","30943","9354","5559","49132","42182","(X)","(X)","(X)","(X)","(X)","(X)"
"1400000US36005033201","Census Tract 332.01, Bronx County, New York","1812","127","34.6","7.9","24.2","7.9","5.4","7.2","2.4","2.2","0.0","1.8","28.8","8.3","4.6","4.2","54.5","8.4","20.2","5.9","1.0","1.7","37.7","8.0","32.9","7.2","28.3","6.4","1047","164","42.1","11.0","57.9","11.0","50.8","12.3","38.8","11.7","10.4","6.8","765","199","59.5","14.6","56.7","13.9","2.7","3.1","40.5","14.6","25.8","11.8","14.8","16.1","38.8","(X)","38.7","(X)","39.0","(X)","45686","4900","22589","15978","53750","13817","-","**","25391","36499","-","**","49183","17167","26557","128359","44671","9482","29231","28992","-","**","49856","18776","57083","42233","16563","6545","51319","14934","49639","19046","56250","22859","85417","27762","48654","17501","45650","26303","22386","20629","15037","6042","14242","5710","-","**","45142","26687","21780","13267","-","**","(X)","(X)","(X)","(X)","(X)","(X)"
"1400000US36005033202","Census Tract 332.02, Bronx County, New York","1446","147","27.4","7.4","29.4","7.8","0.4","1.5","7.2","5.0","0.0","2.2","26.7","8.8","8.9","6.6","40.8","8.3","19.3","6.4","0.8","1.5","30.4","6.9","47.1","7.1","21.6","4.5","919","176","50.1","10.6","49.9","10.6","56.7","12.7","30.4","11.2","12.9","6.8","527","135","72.9","14.6","68.7","15.0","4.2","6.2","27.1","14.6","27.1","14.6","0.0","6.0","36.9","(X)","38.2","(X)","25.4","(X)","39500","23754","27391","19782","40905","33920","-","**","58424","23619","-","**","27500","11727","67673","89150","26734","4378","27418","35456","-","**","44346","15854","50054","20169","12804","3995","43906","10258","42692","27801","46536","18694","46607","12728","25125","11781","55292","15153","19671","12889","17632","12697","12454","10691","-","**","51641","57147","51641","57147","-","**","(X)","(X)","(X)","(X)","(X)","(X)"
"1400000US36005033400","Census Tract 334, Bronx County, New York","528","48","25.9","10.0","32.2","10.2","0.0","6.0","1.9","2.3","0.0","6.0","37.9","11.5","2.1","3.0","60.6","11.1","13.3","7.3","2.1","3.5","49.6","10.8","38.8","9.8","9.5","6.1","282","63","71.6","12.6","28.4","12.6","45.4","17.2","53.5","17.5","1.1","2.3","246","64","48.8","16.6","39.8","15.5","8.9","10.2","51.2","16.6","49.2","16.6","2.0","5.5","42.2","(X)","59.2","(X)","22.8","(X)","45270","7975","46058","17325","30556","55380","-","**","-","**","-","**","44167","8947","-","**","44583","11573","45769","13526","-","**","55208","15890","41125","26515","20500","26948","41500","7200","38261","9061","57750","14683","54167","17452","38352","6821","-","**","22000","31591","25500","40492","25500","38478","-","**","16500","46871","27708","43329","-","**","(X)","(X)","(X)","(X)","(X)","(X)"
"1400000US36005033500","Census Tract 335, Bronx County, New York","752","50","71.9","9.2","7.2","4.3","0.0","4.2","10.4","6.9","0.0","4.2","9.3","5.9","1.2","1.9","12.0","6.5","71.1","9.4","0.5","0.8","29.5","6.7","39.4","8.9","30.6","7.6","402","71","35.3","8.4","64.7","8.4","87.1","10.0","12.9","10.0","0.0","7.8","350","78","71.7","11.0","68.0","10.9","3.7","4.8","28.3","11.0","23.7","10.4","4.6","5.5","18.8","(X)","16.2","(X)","14.0","(X)","85972","17079","96042","21538","95313","71764","-","**","91000","110867","-","**","36094","33935","-","**","36719","59867","92375","20515","-","**","127885","66481","88750","25772","59821","28286","129706","25492","153393","32003","127600","55493","141000","28668","31333","100864","-","**","65429","8055","65729","12505","66250","17809","-","**","65272","50667","41750","50522","-","**","(X)","(X)","(X)","(X)","(X)","(X)"
"1400000US36005033600","Census Tract 336, Bronx County, New York","2627","94","13.6","4.4","43.5","6.2","0.0","1.2","1.0","1.4","0.0","1.2","38.9","7.4","3.0","2.6","51.5","6.4","3.5","2.3","5.3","3.0","28.5","6.6","46.9","6.5","19.3","4.6","1608","201","48.8","9.3","51.2","9.3","28.9","6.8","64.7","8.2","6.5","4.2","1019","198","48.7","12.1","47.4","12.0","1.3","2.1","51.3","12.1","45.2","12.0","6.1","8.1","37.0","(X)","37.6","(X)","34.8","(X)","31594","9297","36098","13439","35116","11414","-","**","-","**","-","**","21884","13015","13576","2419","25381","10636","88011","128047","14038","44107","45636","15954","34353","20164","17750","11536","40236","8820","36860","4707","52976","22429","67778","46637","35000","5980","26917","129963","11388","2239","10632","1823","10819","1838","-","**","16250","19638","11148","7564","-","**","(X)","(X)","(X)","(X)","(X)","(X)"
"1400000US36005033700","Census Tract 337, Bronx County, New York","956","76","81.1","8.2","2.9","2.4","0.0","3.3","8.5","5.9","0.0","3.3","3.1","3.0","4.4","6.1","6.7","4.1","78.2","8.1","0.4","0.7","29.4","8.7","44.2","8.1","25.9","5.3","663","108","35.7","8.5","64.3","8.5","80.1","9.2","9.8","5.1","10.1","8.0","293","93","37.2","13.7","34.1","13.4","3.1","3.5","62.8","13.7","56.3","13.9","6.5","7.7","20.6","(X)","21.9","(X)","17.7","(X)","77500","13493","79205","20102","48750","178798","-","**","128068","136549","-","**","131618","21531","-","**","93333","97601","80156","18912","-","**","78750","38996","120375","50933","57857","11658","98140","10994","84875","31644","99766","27384","121953","28774","61750","37684","94792","10193","40250","9786","28125","14495","27500","12573","-","**","45000","12278","47806","17621","-","**","(X)","(X)","(X)","(X)","(X)","(X)"
"1400000US36005033800","Census Tract 338, Bronx County, New York","1289","75","13.0","4.3","56.6","6.2","0.0","2.5","2.6","2.3","0.0","2.5","26.4","6.2","1.5","1.7","35.8","6.4","4.3","2.8","7.7","4.3","45.9","7.5","37.4","7.3","9.0","4.1","909","106","47.9","9.2","52.1","9.2","34.0","9.6","49.7","10.2","16.3","8.1","380","99","55.0","15.5","45.3","16.7","9.7","8.6","45.0","15.5","34.7","13.8","10.3","10.0","44.5","(X)","50.2","(X)","30.8","(X)","43059","8829","16696","3910","53403","15792","-","**","21607","21453","-","**","25208","11718","-","**","22115","9599","20521","8243","19688","35924","38000","29884","46369","7231","37679","11564","46518","8657","36103","10133","53250","12480","75179","38670","36210","5550","75000","58777","27353","17868","28281","17743","26176","23679","35673","11102","19770","31601","19276","18790","66042","117540","(X)","(X)","(X)","(X)","(X)","(X)"
"1400000US36005034000","Census Tract 340, Bronx County, New York","1585","101","18.5","5.4","47.9","7.6","0.0","2.0","2.3","1.9","0.0","2.0","27.6","7.1","3.5","2.4","43.9","7.0","9.1","4.4","1.7","1.7","39.3","8.9","46.4","8.9","12.6","4.5","891","129","54.2","10.6","45.8","10.6","34.8","10.0","51.3","11.2","13.9","8.0","694","133","50.3","10.5","40.1","11.1","10.2","7.5","49.7","10.5","38.2","11.9","11.5","8.9","46.4","(X)","50.8","(X)","38.0","(X)","37864","5764","25208","17265","39891","17973","-","**","11964","24728","-","**","35119","13845","44271","36715","36272","7943","23200","17754","5179","11409","46908","17250","38587","4064","23750","8667","40506","7149","37264","10060","45395","23679","45263","26708","35236","4280","46111","49887","22500","12090","17839","9784","11480","4322","39688","18398","40545","21907","40096","19703","85972","113417","(X)","(X)","(X)","(X)","(X)","(X)"
"1400000US36005034200","Census Tract 342, Bronx County, New York","629","31","20.5","9.3","53.3","9.9","0.0","5.0","5.4","4.5","0.0","5.0","15.9","10.0","4.9","7.2","27.2","11.2","15.9","8.3","3.5","3.9","36.1","10.0","41.2","12.3","19.2","7.6","454","69","54.6","10.5","45.4","10.5","55.1","16.4","41.2","15.4","3.7","5.7","175","63","44.0","24.3","41.1","24.2","2.9","4.1","56.0","24.3","44.6","24.4","11.4","17.9","50.2","(X)","52.0","(X)","45.7","(X)","42863","10053","29410","7205","45313","18361","-","**","24167","29109","-","**","75000","61527","-","**","63239","18103","29412","23274","-","**","32009","19877","67232","38219","29893","13027","49722","12103","35909","14594","85469","23429","51250","14464","32277","31789","-","**","28560","6836","27734","30821","17361","29205","-","**","29000","8277","28167","14646","-","**","(X)","(X)","(X)","(X)","(X)","(X)"
"1400000US36005034300","Census Tract 343, Bronx County, New York","561","53","50.4","11.7","9.1","5.7","0.0","5.6","0.7","1.5","0.0","5.6","38.9","13.2","0.9","1.4","41.7","13.0","49.4","11.8","2.9","3.7","25.5","13.4","60.2","12.8","11.4","6.3","307","53","57.3","11.2","42.7","11.2","50.2","14.0","32.9","16.7","16.9","14.2","254","65","42.1","19.7","37.4","18.7","4.7","7.8","57.9","19.7","54.3","20.3","3.5","5.2","23.2","(X)","24.8","(X)","19.7","(X)","68993","13042","89861","14575","55313","14371","-","**","-","**","-","**","53869","14291","-","**","53393","14028","90184","12206","-","**","47083","30721","73333","14856","54750","31780","74659","30859","31833","30145","91213","18832","74773","85330","90398","59897","-","**","62500","18996","56563","16275","62250","20592","-","**","67951","23987","67639","28372","-","**","(X)","(X)","(X)","(X)","(X)","(X)"
"1400000US36005034400","Census Tract 344, Bronx County, New York","523","48","21.8","5.9","47.2","12.1","0.0","6.0","9.2","8.0","0.0","6.0","21.2","10.3","0.6","1.3","25.4","9.2","12.6","6.9","1.9","2.5","34.0","12.3","54.7","12.4","9.4","4.8","455","52","38.0","13.1","62.0","13.1","62.6","13.8","31.4","13.1","5.9","7.7","68","39","54.4","32.1","45.6","29.1","8.8","14.9","45.6","32.1","45.6","32.1","0.0","35.7","52.4","(X)","54.3","(X)","33.8","(X)","88313","43446","106964","8556","115625","44153","-","**","66071","278648","-","**","38125","30226","-","**","105089","152647","48571","75294","-","**","66711","47922","115250","26783","25486","5814","89940","40982","46250","4731","116000","25674","98036","36785","105982","93400","-","**","28409","47465","19250","12778","23750","11773","-","**","88063","37885","88063","37885","-","**","(X)","(X)","(X)","(X)","(X)","(X)"
"1400000US36005034500","Census Tract 345, Bronx County, New York","1460","116","69.7","8.0","10.1","5.8","0.0","2.2","11.8","6.1","0.0","2.2","5.6","4.6","2.9","2.2","19.3","7.3","61.4","7.7","3.1","2.8","31.3","9.2","38.0","8.6","27.6","6.1","752","140","49.2","9.5","50.8","9.5","64.2","10.7","29.1","9.5","6.6","6.1","708","121","69.2","12.6","60.9","12.6","8.3","8.5","30.8","12.6","22.7","11.4","8.1","7.8","20.6","(X)","24.2","(X)","16.8","(X)","60568","20258","52489","24614","43393","46305","-","**","105054","35178","-","**","40100","2244","103750","52311","60577","41284","58636","26184","-","**","60694","33197","80404","16047","39267","15082","84659","17229","105543","28339","80909","21767","105571","10987","47083","14342","130268","58711","41000","11471","41100","7032","41950","10040","2,500-","***","37292","82234","36146","68292","108073","173752","(X)","(X)","(X)","(X)","(X)","(X)"
"1400000US36005034800","Census Tract 348, Bronx County, New York","2015","99","6.7","3.0","63.0","6.9","0.0","1.6","0.9","1.5","0.0","1.6","25.4","6.6","4.0","2.6","36.7","7.0","2.0","1.5","0.0","1.6","39.4","6.9","41.8","7.1","18.8","4.3","1508","159","52.7","10.2","47.3","10.2","42.5","8.4","52.4","9.1","5.1","4.0","507","144","74.6","14.9","68.8","16.6","5.7","5.7","25.4","14.9","23.3","14.4","2.2","3.4","50.5","(X)","56.1","(X)","33.9","(X)","36294","6620","23514","11313","50946","17437","-","**","-","**","-","**","30363","15464","28558","26499","24365","13273","85357","88198","-","**","37391","19883","35771","17468","33750","22420","40805","15619","35385","21126","51149","13005","96979","38898","35026","19373","25043","7211","23438","27794","13750","18349","13165","8383","59917","145931","61507","17685","61103","30889","-","**","(X)","(X)","(X)","(X)","(X)","(X)"
"1400000US36005035000","Census Tract 350, Bronx County, New York","638","59","17.6","7.3","66.0","9.1","0.0","5.0","4.1","4.5","0.0","5.0","11.6","8.2","0.8","1.2","22.9","10.3","10.7","6.5","0.0","5.0","46.9","9.7","34.5","9.5","18.7","8.7","480","84","57.3","11.6","42.7","11.6","43.3","14.6","50.4","16.0","6.3","6.3","158","71","55.7","28.1","52.5","27.4","3.2","5.9","44.3","28.1","17.1","16.0","27.2","31.8","57.7","(X)","54.6","(X)","58.9","(X)","61500","16709","53333","59747","64554","18987","-","**","-","**","-","**","53864","51227","-","**","76278","3037","21471","3893","-","**","75865","53532","66346","10041","30750","44505","63571","15504","38125","26613","76458","19145","80625","23799","63036","16276","37750","50844","53500","70855","21838","11180","21654","7031","-","**","81221","1180","14750","182606","-","**","(X)","(X)","(X)","(X)","(X)","(X)"
"1400000US36005035100","Census Tract 351, Bronx County, New York","974","98","63.2","9.4","16.4","7.3","0.0","3.3","5.9","4.3","0.0","3.3","13.7","6.2","0.8","1.4","22.3","6.3","55.3","8.1","2.4","2.7","41.2","8.3","38.9","8.0","17.6","5.0","487","82","44.6","16.9","55.4","16.9","50.9","17.4","27.7","10.3","21.4","11.9","487","98","42.1","9.7","38.2","10.4","3.9","4.6","57.9","9.7","40.9","13.3","17.0","11.8","21.7","(X)","26.5","(X)","16.8","(X)","70625","8236","69444","17535","77500","42246","-","**","76354","189813","-","**","69018","22236","-","**","70536","25166","69120","17285","-","**","66250","19982","110120","55731","34531","74574","110734","38467","115845","48728","110238","64263","128750","45135","67656","89092","110754","35877","51625","7842","53304","17211","51875","11965","-","**","50667","18562","33958","14767","118750","43398","(X)","(X)","(X)","(X)","(X)","(X)"
"1400000US36005035600","Census Tract 356, Bronx County, New York","677","63","5.9","5.7","69.9","10.4","0.0","4.7","1.6","1.4","0.0","4.7","12.1","7.5","10.5","7.6","19.5","8.7","2.2","2.6","3.0","4.5","22.5","9.3","49.2","11.3","25.4","7.9","601","68","50.2","11.9","49.8","11.9","57.2","13.5","34.1","13.1","8.7","7.0","76","47","84.2","25.9","78.9","30.5","5.3","11.8","15.8","25.9","15.8","25.9","0.0","33.2","62.6","(X)","60.9","(X)","69.7","(X)","86199","17141","29167","53485","95034","40109","-","**","-","**","-","**","50833","97272","86276","851","51667","106652","-","**","-","**","36190","31724","95259","17227","123750","47215","95165","18384","88889","29702","95493","67759","120417","27373","35231","19874","155259","108067","18125","17496","16957","9571","16739","12496","-","**","-","**","-","**","-","**","(X)","(X)","(X)","(X)","(X)","(X)"
"1400000US36005035800","Census Tract 358, Bronx County, New York","2439","97","3.0","1.9","82.1","5.1","1.1","1.6","0.0","1.3","0.0","1.3","6.8","4.9","7.0","4.3","14.6","4.6","0.6","1.0","5.9","3.0","34.4","8.9","38.4","7.5","21.4","6.3","1745","196","45.6","9.1","54.4","9.1","56.4","8.6","33.3","8.5","10.3","6.1","694","186","81.3","11.6","73.9","11.3","7.3","6.1","18.7","11.6","14.6","10.8","4.2","6.4","52.8","(X)","54.0","(X)","45.5","(X)","61407","3852","69107","43944","60495","5873","-","**","-","**","-","**","115757","65552","59426","101819","96172","46345","-","**","19754","41821","60292","10201","70492","15052","50673","24691","69716","8681","60317","7812","78311","2135","79361","14975","52469","22937","47311","56620","31118","8931","30615","7918","31250","8361","15221","29275","40345","23160","30750","35279","-","**","(X)","(X)","(X)","(X)","(X)","(X)"
"1400000US36005035900","Census Tract 359, Bronx County, New York","662","37","13.9","6.7","28.1","8.1","0.0","4.8","0.0","4.8","0.0","4.8","48.2","9.1","9.8","7.7","72.2","7.0","3.0","3.4","2.6","3.5","40.9","7.4","38.5","9.4","18.0","5.4","482","56","57.1","9.4","42.9","9.4","37.1","12.5","57.5","12.5","5.4","3.9","180","48","52.2","18.4","52.2","18.4","0.0","16.5","47.8","18.4","38.3","14.8","9.4","14.6","39.1","(X)","41.5","(X)","27.2","(X)","20750","7119","17188","34270","21053","9269","-","**","-","**","-","**","19438","6055","88266","111593","20625","6657","-","**","-","**","21125","27331","25724","14318","14028","9148","21500","7538","16250","14123","24659","20426","44821","43004","14050","6093","14500","22045","16786","4718","17656","8664","17656","8664","-","**","16154","18527","14306","4626","-","**","(X)","(X)","(X)","(X)","(X)","(X)"
"1400000US36005036000","Census Tract 360, Bronx County, New York","898","64","32.2","8.5","41.3","9.8","2.6","2.9","4.2","4.2","0.0","3.6","17.5","6.3","2.2","2.4","30.4","7.5","20.3","7.4","1.7","2.0","35.2","8.0","45.1","8.3","18.0","5.7","715","87","39.3","9.4","60.7","9.4","66.4","8.1","30.6","8.2","2.9","2.3","183","76","55.2","21.6","55.2","21.6","0.0","16.2","44.8","21.6","38.8","21.2","6.0","7.0","45.7","(X)","47.6","(X)","34.4","(X)","83816","14600","53958","14371","81250","21883","-","**","102344","82580","-","**","90398","15417","80000","80979","103073","19825","42250","14581","-","**","92273","25251","82404","23360","59000","32957","87853","7901","100391","24417","84000","26653","89625","17305","76641","24296","58750","64757","43250","42295","63631","43797","63631","43797","-","**","28571","23345","27589","32943","-","**","(X)","(X)","(X)","(X)","(X)","(X)"
"1400000US36005036100","Census Tract 361, Bronx County, New York","2067","114","12.4","5.1","29.8","8.7","0.0","1.6","0.0","1.6","0.0","1.6","54.7","8.4","3.1","2.7","76.5","7.8","0.0","1.6","1.4","2.2","28.0","6.8","44.1","7.4","26.6","5.8","1435","171","55.1","9.9","44.9","9.9","24.0","8.2","68.2","9.6","7.9","5.7","632","149","72.8","15.5","72.8","15.5","0.0","5.0","27.2","15.5","27.2","15.5","0.0","5.0","34.9","(X)","37.5","(X)","29.0","(X)","16041","1920","12005","2947","19161","4187","-","**","-","**","-","**","15707","2244","10929","8666","14032","2672","-","**","-","**","14183","7209","17382","7126","15606","2087","19655","5001","17297","6690","21409","7603","39722","30673","16322","2524","30163","30790","9640","2223","9281","2945","9281","2945","-","**","12591","7255","12591","7255","-","**","(X)","(X)","(X)","(X)","(X)","(X)"
"1400000US36005036300","Census Tract 363, Bronx County, New York","2486","124","15.6","5.4","19.1","6.1","0.5","0.8","1.4","2.1","0.0","1.3","60.8","7.5","2.7","2.1","81.5","6.3","0.7","1.1","1.9","2.3","51.9","6.5","32.2","7.9","14.0","5.2","1943","187","57.0","7.4","43.0","7.4","18.2","6.5","60.8","9.5","21.0","9.2","543","160","73.5","15.9","66.9","16.0","6.6","10.8","26.5","15.9","15.1","10.5","11.4","12.9","31.3","(X)","26.0","(X)","37.9","(X)","21350","4859","18250","16773","10335","7148","-","**","-","**","-","**","24574","9825","14655","67430","23153","6161","-","**","-","**","24908","11136","19366","7064","9692","5277","23224","5532","25114","7939","19923","4147","59737","67097","15186","5962","36161","31427","10542","5031","9539","2140","9790","3255","-","**","30245","17865","20259","22432","-","**","(X)","(X)","(X)","(X)","(X)","(X)"
"1400000US36005036400","Census Tract 364, Bronx County, New York","833","71","0.6","1.0","94.8","3.4","0.0","3.8","0.0","3.8","0.0","3.8","3.6","3.0","1.0","1.6","5.3","3.3","0.0","3.8","0.0","3.8","33.7","9.8","45.0","10.6","21.2","7.9","559","93","44.4","10.8","55.6","10.8","39.2","12.1","46.5","10.8","14.3","11.1","274","78","60.2","19.9","54.7","19.6","5.5","6.5","39.8","19.9","31.4","18.7","8.4","12.2","61.0","(X)","72.5","(X)","37.6","(X)","45815","16412","-","**","46739","20619","-","**","-","**","-","**","-","**","-","**","22391","56015","-","**","-","**","34816","19347","69688","24064","24375","37383","68094","15766","34559","16040","83750","25850","84940","29375","34091","10774","69018","37547","18654","6538","21250","8732","20435","10145","-","**","16927","21394","15729","2724","-","**","(X)","(X)","(X)","(X)","(X)","(X)"
"1400000US36005036501","Census Tract 365.01, Bronx County, New York","1306","73","10.6","5.3","55.7","8.8","0.0","2.5","0.0","2.5","0.0","2.5","32.9","8.6","0.8","1.3","47.5","8.6","0.0","2.5","5.2","3.9","45.7","8.4","39.1","8.7","10.0","5.3","882","124","56.1","10.9","43.9","10.9","20.6","9.0","71.8","10.2","7.6","7.0","424","130","49.3","15.3","45.3","15.4","4.0","5.0","50.7","15.3","34.2","15.3","16.5","12.5","36.1","(X)","32.7","(X)","35.8","(X)","21875","7322","18750","20433","33464","7240","-","**","-","**","-","**","13452","5383","-","**","17188","7809","-","**","14375","22708","30436","12480","21250","15232","16036","3359","25833","10718","18899","13486","35170","15877","53438","18356","18015","13758","33942","34250","15698","5455","16823","9272","15938","8713","-","**","14694","15671","13125","7130","38750","40312","(X)","(X)","(X)","(X)","(X)","(X)"
"1400000US36005036502","Census Tract 365.02, Bronx County, New York","690","64","5.8","3.3","29.0","9.1","0.0","4.6","2.0","3.0","0.0","4.6","60.7","9.7","2.5","2.3","73.5","7.7","0.3","0.8","0.9","1.6","44.6","8.6","45.5","9.1","9.0","4.0","477","66","47.6","9.7","52.4","9.7","31.2","10.6","60.0","9.6","8.8","7.4","213","57","29.6","18.1","25.4","17.8","4.2","4.8","70.4","18.1","40.4","19.7","30.0","20.1","27.2","(X)","23.3","(X)","29.6","(X)","16974","4912","20313","2350","20714","12733","-","**","-","**","-","**","14181","4596","16635","13136","15559","3339","-","**","-","**","13611","6360","20833","21929","13958","10454","16743","4223","16719","8770","16750","4462","30446","14248","13523","6597","13958","5580","18295","18149","18523","19964","13750","18640","-","**","14833","65318","12361","5436","80526","52548","(X)","(X)","(X)","(X)","(X)","(X)"
"1400000US36005036700","Census Tract 367, Bronx County, New York","636","45","17.6","8.1","22.6","7.7","0.8","1.4","2.4","3.3","0.0","5.0","56.6","10.2","0.0","5.0","80.7","6.6","1.4","2.3","10.8","5.4","43.7","11.4","34.4","12.1","11.0","6.1","467","63","60.4","10.6","39.6","10.6","27.8","12.4","56.7","12.3","15.4","9.0","169","52","45.6","21.4","33.7","21.4","11.8","17.0","54.4","21.4","45.6","22.6","8.9","12.1","31.3","(X)","35.8","(X)","15.4","(X)","21017","3719","20893","8797","25500","6702","-","**","-","**","-","**","20878","5764","-","**","21504","3169","-","**","16750","17107","22027","6695","23125","4785","9605","1900","21208","3101","21275","2511","20781","15665","25156","20899","16411","4532","25750","24165","17344","12009","12212","22298","10288","4842","-","**","21250","15047","26042","15045","-","**","(X)","(X)","(X)","(X)","(X)","(X)"
"1400000US36005036800","Census Tract 368, Bronx County, New York","641","36","1.4","2.2","81.1","11.2","0.0","4.9","0.0","4.9","0.0","4.9","16.4","9.4","1.1","1.7","19.8","8.9","1.4","2.2","0.0","4.9","42.7","8.8","36.8","9.7","20.4","6.7","466","62","63.1","10.0","36.9","10.0","53.6","14.1","36.3","15.7","10.1","8.4","175","59","78.3","19.1","68.6","21.0","9.7","14.9","21.7","19.1","21.7","19.1","0.0","16.9","61.8","(X)","69.1","(X)","42.3","(X)","62171","19852","-","**","64167","10581","-","**","-","**","-","**","24836","117402","-","**","70515","85754","-","**","-","**","59808","29551","69808","16692","36125","21432","63750","22685","44833","33664","71250","13958","75139","12598","35655","19116","19485","18034","43224","24931","43618","23737","41250","14184","-","**","19583","117533","19583","117533","-","**","(X)","(X)","(X)","(X)","(X)","(X)"
"1400000US36005036901","Census Tract 369.01, Bronx County, New York","765","46","12.0","6.1","33.1","11.3","0.0","4.2","1.4","2.3","0.0","4.2","45.4","10.0","8.1","6.3","79.1","8.9","0.8","1.2","0.9","1.3","37.0","8.4","40.8","9.5","21.3","7.9","469","73","49.0","10.8","51.0","10.8","29.0","10.2","65.5","11.9","5.5","8.4","296","77","75.3","13.1","75.3","13.1","0.0","10.4","24.7","13.1","24.7","13.1","0.0","10.4","24.1","(X)","20.5","(X)","29.7","(X)","13594","7949","9355","1626","22153","10207","-","**","-","**","-","**","12047","6827","38387","27163","11823","3830","-","**","-","**","25042","14437","14500","9245","9558","1237","20063","12803","14250","19144","22841","16154","38333","29224","13224","10763","-","**","9693","1410","9807","5173","9807","5173","-","**","9044","3784","9044","3784","-","**","(X)","(X)","(X)","(X)","(X)","(X)"
"1400000US36005036902","Census Tract 369.02, Bronx County, New York","719","74","5.1","3.5","50.1","10.5","1.5","1.8","0.0","4.4","0.0","4.4","31.3","8.7","12.0","9.4","56.7","9.5","0.0","4.4","0.0","4.4","45.3","10.1","38.0","10.0","16.7","7.3","548","91","64.4","13.1","35.6","13.1","26.8","10.6","65.9","12.7","7.3","7.1","171","56","69.0","20.5","69.0","20.5","0.0","17.2","31.0","20.5","31.0","20.5","0.0","17.2","30.5","(X)","33.8","(X)","19.9","(X)","30850","12044","12981","5125","38654","28962","-","**","-","**","-","**","35966","15342","7389","59752","37250","12389","-","**","-","**","26034","16340","45313","23768","18571","15460","31500","13336","21307","12253","60188","39113","68188","15810","16680","9216","60750","36306","14191","8051","12647","6839","12647","6839","-","**","24464","44855","24464","44855","-","**","(X)","(X)","(X)","(X)","(X)","(X)"
"1400000US36005037000","Census Tract 370, Bronx County, New York","779","51","12.3","5.6","63.8","7.6","1.9","3.0","0.0","4.1","0.0","4.1","18.7","6.5","3.2","2.8","24.1","7.2","6.9","4.4","4.0","3.7","27.6","6.0","50.3","6.9","18.1","6.6","588","68","35.2","8.1","64.8","8.1","59.2","9.9","31.1","8.8","9.7","6.7","191","53","61.3","17.3","57.1","17.3","4.2","6.8","38.7","17.3","30.4","16.1","8.4","12.1","58.9","(X)","66.2","(X)","35.6","(X)","63789","9141","49000","42659","70625","12986","-","**","-","**","-","**","37297","28130","187768","154139","57708","32120","20417","39291","2,500-","***","44306","36744","70729","9802","72054","37281","72868","3782","59271","21857","76339","9024","70952","9499","80583","20491","102583","33419","38854","13943","47663","15120","46250","17506","-","**","27857","25978","20313","34118","-","**","(X)","(X)","(X)","(X)","(X)","(X)"
"1400000US36005037100","Census Tract 371, Bronx County, New York","1633","99","18.1","5.2","44.0","6.3","0.0","2.0","0.0","2.0","0.0","2.0","35.2","7.2","2.7","2.0","60.9","5.8","1.3","1.5","0.5","0.8","26.8","7.1","46.9","8.5","25.8","6.2","820","129","56.1","13.0","43.9","13.0","27.1","10.9","66.3","11.9","6.6","5.9","813","118","56.8","9.7","56.0","9.9","0.9","1.5","43.2","9.7","40.1","9.3","3.1","3.8","35.1","(X)","37.9","(X)","31.4","(X)","19467","5368","13177","4414","26010","10052","-","**","-","**","-","**","18586","7246","9891","16526","17016","4214","-","**","-","**","32125","13691","20573","12462","12935","4883","28056","16523","27353","21219","30833","19845","83409","58325","25867","7076","8636","2573","9920","1817","9575","1032","9520","957","-","**","12434","9159","10789","7886","-","**","(X)","(X)","(X)","(X)","(X)","(X)"
"1400000US36005037200","Census Tract 372, Bronx County, New York","748","65","8.6","4.2","66.6","8.7","0.0","4.2","5.2","4.1","0.0","4.2","17.1","7.4","2.5","2.4","23.8","8.1","2.5","2.6","6.4","5.8","43.0","10.4","32.2","9.1","18.3","7.1","493","80","43.4","12.2","56.6","12.2","30.0","10.5","52.9","11.7","17.0","10.4","255","70","32.2","16.1","32.2","16.1","0.0","11.9","67.8","16.1","59.2","19.0","8.6","12.4","55.6","(X)","67.7","(X)","32.2","(X)","51571","10689","64773","46015","56149","6784","-","**","25625","45303","-","**","22250","28688","63542","89014","43333","20649","21042","57620","-","**","50536","10572","59226","13755","46250","23016","57026","19386","34167","29638","74766","39280","93629","12894","35966","14063","75909","82343","46063","11241","46750","7766","46750","7766","-","**","41691","22569","50491","18541","-","**","(X)","(X)","(X)","(X)","(X)","(X)"
"1400000US36005037300","Census Tract 373, Bronx County, New York","1664","113","19.4","5.9","37.3","6.5","0.0","1.9","0.6","0.9","0.0","1.9","38.3","7.8","4.5","3.7","61.8","6.7","1.9","1.6","6.1","4.0","44.8","7.7","40.2","7.6","9.0","3.3","1143","138","71.1","7.5","28.9","7.5","34.4","9.0","54.4","10.0","11.2","6.3","521","115","52.4","12.7","43.4","13.9","9.0","8.2","47.6","12.7","42.0","11.8","5.6","6.7","30.0","(X)","30.5","(X)","26.9","(X)","29606","4536","35781","13983","34000","5264","-","**","-","**","-","**","28141","6044","25875","11190","28108","2899","43750","23620","28185","2950","29469","6814","32930","7045","28466","14848","27845","2875","26380","4375","29856","9895","51193","16632","22875","7217","15714","12354","31926","4200","33250","6572","29545","6688","67650","41649","31023","9118","31761","6069","-","**","(X)","(X)","(X)","(X)","(X)","(X)"
"1400000US36005037400","Census Tract 374, Bronx County, New York","1386","71","14.1","5.4","59.1","7.0","0.6","1.2","1.7","2.0","0.0","2.3","19.9","6.1","4.5","4.1","40.7","7.1","0.6","1.0","0.9","1.1","29.3","7.1","45.7","7.4","24.0","5.6","938","120","56.2","9.8","43.8","9.8","32.4","10.0","65.4","9.5","2.2","2.7","448","117","64.5","14.6","64.5","14.6","0.0","7.0","35.5","14.6","33.5","15.1","2.0","3.2","43.1","(X)","45.8","(X)","37.5","(X)","22500","6562","14188","6064","25063","7333","-","**","10455","6848","-","**","26250","12399","57813","83282","20076","7185","-","**","-","**","29531","15604","20800","5622","18450","8495","28730","7388","29193","12232","27266","11940","49602","28352","23220","7890","-","**","13854","5706","12218","4073","12218","4073","-","**","18221","10806","18654","14107","-","**","(X)","(X)","(X)","(X)","(X)","(X)"
"1400000US36005037504","Census Tract 375.04, Bronx County, New York","1197","69","25.0","8.2","39.7","7.6","0.0","2.7","2.3","3.6","0.0","2.7","31.1","7.8","1.9","1.8","55.9","8.0","5.8","4.3","3.4","2.7","47.5","7.9","36.5","7.4","12.6","4.4","913","86","61.4","8.5","38.6","8.5","23.4","6.9","63.2","8.7","13.4","6.7","284","88","45.1","18.4","41.9","18.4","3.2","5.4","54.9","18.4","48.9","17.7","6.0","7.6","26.3","(X)","25.4","(X)","29.2","(X)","20313","7547","19271","13792","16619","6965","-","**","-","**","-","**","30811","12479","19844","125659","20980","8355","35917","35165","13438","5785","14244","6295","31331","11079","16982","8733","22021","7997","18207","8822","31176","13759","44318","19158","12470","5033","36190","14857","13462","6512","15109","5597","15353","7731","-","**","10000","19375","11875","28688","-","**","(X)","(X)","(X)","(X)","(X)","(X)"
"1400000US36005037600","Census Tract 376, Bronx County, New York","703","71","7.4","5.1","61.0","8.0","3.3","4.8","5.4","3.7","0.0","4.5","22.9","8.4","0.0","4.5","28.9","9.0","2.0","3.0","2.1","2.8","46.5","9.4","36.4","9.5","14.9","4.5","547","82","56.5","13.3","43.5","13.3","48.1","13.7","45.9","13.6","6.0","6.8","156","70","51.3","21.5","42.3","20.9","9.0","14.6","48.7","21.5","34.6","19.1","14.1","17.9","43.7","(X)","45.9","(X)","33.3","(X)","49566","9908","42083","32554","49969","17838","-","**","128676","70455","-","**","39904","17483","-","**","45515","14216","-","**","-","**","44728","10173","71607","55519","73802","34559","57310","24158","48802","11202","74143","50893","88125","65657","68021","45761","55707","5983","27969","7156","41250","20338","45875","12141","-","**","22045","11496","16667","20925","-","**","(X)","(X)","(X)","(X)","(X)","(X)"
"1400000US36005037800","Census Tract 378, Bronx County, New York","1051","60","15.4","7.5","59.2","8.2","0.0","3.0","0.0","3.0","0.0","3.0","24.8","8.3","0.6","1.1","40.8","8.5","3.3","3.6","1.3","2.1","38.2","11.8","47.6","11.1","12.9","5.4","777","100","48.3","10.7","51.7","10.7","33.8","12.8","48.4","10.5","17.8","9.1","274","94","48.2","20.1","39.1","20.8","9.1","11.5","51.8","20.1","51.8","20.1","0.0","11.2","51.2","(X)","53.5","(X)","32.5","(X)","42326","10099","33750","12056","48333","18722","-","**","-","**","-","**","40550","18361","-","**","38878","8738","22083","12953","-","**","40905","7022","50882","27867","27188","11257","39347","8911","39961","14310","38786","19207","52868","20003","27381","16408","60357","33966","42500","40464","71563","82475","73040","70519","-","**","42000","23542","42000","23542","-","**","(X)","(X)","(X)","(X)","(X)","(X)"
"1400000US36005037900","Census Tract 379, Bronx County, New York","1484","85","13.9","5.5","52.2","6.1","0.0","2.2","0.5","0.9","0.0","2.2","31.0","5.9","2.5","2.3","51.6","6.0","0.5","0.9","4.1","2.8","45.7","7.7","36.5","7.0","13.7","5.1","1116","108","63.2","7.7","36.8","7.7","27.2","8.8","60.8","9.5","12.0","5.7","368","94","68.5","17.9","60.9","17.9","7.6","8.7","31.5","17.9","21.2","15.9","10.3","10.5","41.5","(X)","34.6","(X)","57.6","(X)","22917","4656","21518","8380","19775","8172","-","**","-","**","-","**","26295","6314","13967","21143","24531","7083","-","**","37574","55183","27083","11434","19821","3247","26750","18005","22745","5481","18466","7514","30329","16789","38917","7779","15744","6492","20714","29890","23889","10896","14444","16481","12500","12867","-","**","26500","12834","26250","13338","250,000+","***","(X)","(X)","(X)","(X)","(X)","(X)"
"1400000US36005038000","Census Tract 380, Bronx County, New York","1542","124","7.2","4.4","82.0","7.6","0.0","2.1","1.2","1.4","0.0","2.1","5.9","4.7","3.8","3.8","13.0","6.9","3.6","3.2","1.2","2.0","38.6","7.9","33.8","6.6","26.4","7.6","991","172","51.1","11.0","48.9","11.0","36.7","8.8","51.5","11.8","11.8","7.4","551","118","65.5","14.3","59.9","13.9","5.6","7.3","34.5","14.3","30.3","14.2","4.2","6.4","43.5","(X)","47.3","(X)","35.2","(X)","33077","5726","46488","24048","33859","8298","-","**","-","**","-","**","6250","35135","27981","11088","27721","18505","51923","72570","-","**","30396","6811","51573","6610","32240","9061","31687","11245","28349","9338","49519","13382","50577","22198","24865","9157","21625","88008","32642","11075","30573","15397","25250","14917","88950","32538","36413","29131","52587","59917","-","**","(X)","(X)","(X)","(X)","(X)","(X)"
"1400000US36005038100","Census Tract 381, Bronx County, New York","2158","106","19.2","6.2","33.7","6.1","0.0","1.5","1.4","1.6","0.0","1.5","40.3","7.0","5.4","3.9","72.0","4.5","0.5","0.8","1.8","2.0","35.5","7.1","47.8","8.4","14.9","5.1","1422","180","51.2","8.5","48.8","8.5","34.5","8.3","40.9","9.0","24.5","9.0","736","166","69.3","13.0","58.6","14.3","10.7","7.8","30.7","13.0","22.0","13.8","8.7","9.5","38.7","(X)","42.7","(X)","31.1","(X)","26038","4220","23036","12464","46111","21542","-","**","-","**","-","**","21411","5637","9712","20654","22578","3959","-","**","-","**","26639","6582","28911","14481","18171","10904","30069","7071","22200","6461","46667","25665","49076","23995","20398","5509","41164","30785","10943","7261","10385","10275","9212","4477","17469","46856","11125","22846","9426","1492","-","**","(X)","(X)","(X)","(X)","(X)","(X)"
"1400000US36005038200","Census Tract 382, Bronx County, New York","790","74","3.2","3.0","71.4","7.8","0.0","4.0","0.0","4.0","0.0","4.0","25.4","7.7","0.0","4.0","29.2","7.8","0.8","1.1","5.8","5.6","34.7","10.0","43.2","9.9","16.3","6.2","666","76","51.7","11.5","48.3","11.5","44.6","12.7","52.6","13.0","2.9","3.6","124","52","53.2","24.7","53.2","24.7","0.0","22.8","46.8","24.7","46.8","24.7","0.0","22.8","58.2","(X)","60.2","(X)","42.7","(X)","41990","11211","18750","24978","58600","15418","-","**","-","**","-","**","20815","18214","-","**","19955","8823","-","**","26250","43617","41837","29678","39950","40139","56250","44133","47250","20230","40969","10651","66705","31348","69875","75981","36667","18021","-","**","21250","15035","23500","31747","23500","31747","-","**","20417","19827","20417","19827","-","**","(X)","(X)","(X)","(X)","(X)","(X)"
"1400000US36005038301","Census Tract 383.01, Bronx County, New York","1516","80","17.6","7.7","35.1","9.3","0.0","2.1","0.9","1.4","0.8","1.2","39.8","10.5","5.8","5.2","70.5","8.4","3.0","3.6","3.7","3.4","48.7","9.8","37.7","8.6","9.8","6.0","1025","141","65.5","12.5","34.5","12.5","30.4","10.1","57.3","11.4","12.3","6.8","491","131","63.5","15.6","52.5","16.3","11.0","10.3","36.5","15.6","35.2","15.5","1.2","2.2","27.5","(X)","27.5","(X)","27.5","(X)","24412","6482","16467","9308","43529","18688","-","**","-","**","-","**","29063","17730","22143","5806","21870","3851","-","**","16389","22489","31426","8880","24219","10594","13242","6246","29122","5821","30049","10437","29043","15833","42643","16133","21197","7835","37857","11578","15208","8688","16310","7374","13611","10233","21296","10973","9986","33894","9903","30749","-","**","(X)","(X)","(X)","(X)","(X)","(X)"
"1400000US36005038302","Census Tract 383.02, Bronx County, New York","1810","87","7.1","4.5","54.5","6.1","0.0","1.8","0.0","1.8","0.0","1.8","36.2","6.3","2.2","2.1","48.5","5.9","0.0","1.8","1.7","2.0","44.6","8.4","40.8","8.2","12.8","5.0","1228","132","57.8","10.6","42.2","10.6","28.3","8.1","65.1","9.1","6.6","5.4","582","140","56.0","13.7","53.3","13.6","2.7","4.2","44.0","13.7","44.0","13.7","0.0","5.4","27.2","(X)","28.9","(X)","21.6","(X)","20108","6154","15338","2958","22250","10765","-","**","-","**","-","**","16750","9855","44297","186277","15811","5745","-","**","-","**","15283","2031","29478","3735","17414","23208","18571","8626","15706","1611","36823","7965","41250","21560","15775","1933","35391","33914","12073","15022","10732","9011","10244","6175","-","**","28672","25140","28672","25140","-","**","(X)","(X)","(X)","(X)","(X)","(X)"
"1400000US36005038500","Census Tract 385, Bronx County, New York","1537","100","19.0","5.6","32.5","6.5","1.1","2.2","0.0","2.1","0.0","2.1","44.8","7.4","2.7","2.2","67.3","7.3","1.8","1.9","5.1","3.8","42.7","6.4","35.0","7.2","17.2","5.9","957","132","66.2","10.4","33.8","10.4","35.0","9.6","49.0","10.8","16.0","8.7","580","130","53.1","12.8","51.2","12.3","1.9","3.0","46.9","12.8","36.0","12.7","10.9","7.9","23.1","(X)","22.5","(X)","18.6","(X)","19857","2826","15227","6280","20969","5002","-","**","-","**","-","**","20060","4407","6528","6284","18720","4870","-","**","12609","4532","21466","5673","26122","7003","11977","2885","20250","8137","17174","3390","41583","18252","58393","21801","12075","4039","49313","9201","16346","5925","12333","3670","11875","3694","-","**","21742","9396","18819","6646","67188","7627","(X)","(X)","(X)","(X)","(X)","(X)"
"1400000US36005038600","Census Tract 386, Bronx County, New York","2553","157","4.4","3.7","80.2","6.4","0.3","0.7","0.0","1.3","2.8","3.0","12.0","5.4","0.3","0.8","15.5","5.4","3.5","3.3","1.3","2.2","45.4","8.0","37.1","7.8","16.3","5.3","1840","227","58.5","9.4","41.5","9.4","46.5","11.6","40.2","10.4","13.3","7.4","713","226","70.0","14.7","64.9","15.1","5.0","4.8","30.0","14.7","28.3","14.4","1.7","2.7","42.1","(X)","47.3","(X)","21.2","(X)","49854","17528","7316","189850","49580","15812","-","**","-","**","-","**","39023","48803","-","**","24313","32155","112647","201869","-","**","50536","27560","68636","43974","39050","14315","56506","15446","63510","32290","49482","17014","92083","10420","39239","10766","46795","12674","17314","24485","14623","5419","14544","5082","56000","101952","42895","22723","43289","19678","-","**","(X)","(X)","(X)","(X)","(X)","(X)"
"1400000US36005038700","Census Tract 387, Bronx County, New York","1134","94","30.5","7.9","28.0","6.8","1.1","1.8","3.2","2.3","0.0","2.8","36.2","8.4","0.9","1.5","55.2","9.1","17.9","7.1","10.2","4.6","47.4","9.4","31.0","8.7","11.4","5.7","528","107","55.7","12.5","44.3","12.5","38.4","14.1","45.5","14.2","16.1","9.0","606","109","22.8","9.1","19.1","7.9","3.6","4.2","77.2","9.1","61.1","12.9","16.2","10.6","30.9","(X)","29.4","(X)","29.9","(X)","24286","9708","22976","20202","21875","9885","-","**","48250","45035","-","**","31771","16607","-","**","22300","10736","57604","70607","17188","20700","39375","27119","21693","6131","28125","16305","23036","5180","23095","12162","22976","10580","47708","20690","13611","10250","20398","11994","21900","22678","13750","5055","14808","8316","-","**","31797","27972","30703","29641","64318","73960","(X)","(X)","(X)","(X)","(X)","(X)"
"1400000US36005038800","Census Tract 388, Bronx County, New York","840","57","2.6","3.0","91.0","5.1","0.0","3.8","0.0","3.8","0.0","3.8","5.8","4.5","0.6","1.1","13.7","6.2","0.0","3.8","6.0","5.3","40.0","10.4","39.3","9.3","14.8","5.5","618","86","62.0","13.3","38.0","13.3","38.5","12.2","56.6","12.1","4.9","4.5","222","87","72.5","18.9","58.1","21.2","14.4","15.9","27.5","18.9","27.5","18.9","0.0","13.6","54.8","(X)","65.0","(X)","26.1","(X)","47619","13615","-","**","46731","15953","-","**","-","**","-","**","87083","47979","-","**","25625","40755","-","**","57222","37074","65769","42777","47019","22706","25536","16480","57500","15545","46490","17957","64432","10900","90833","44199","38250","19095","21563","39497","20170","2805","19669","2250","20653","2247","-","**","65875","103559","65875","103559","-","**","(X)","(X)","(X)","(X)","(X)","(X)"
"1400000US36005038900","Census Tract 389, Bronx County, New York","1630","113","36.2","6.3","20.5","6.7","2.1","3.1","2.4","2.6","0.0","2.0","34.7","7.7","4.1","3.3","48.5","8.5","27.7","5.2","10.5","4.3","40.4","6.9","37.3","7.2","11.8","3.8","956","136","69.6","10.2","30.4","10.2","38.4","11.2","48.6","10.0","13.0","6.9","674","107","51.6","11.0","43.2","10.3","8.5","5.7","48.4","11.0","29.8","10.8","18.5","11.1","32.1","(X)","26.8","(X)","33.7","(X)","26171","6572","11268","7090","30667","22075","-","**","-","**","-","**","30000","7803","33583","29706","32599","8605","11250","5451","6433","11194","32599","5647","27391","17594","9646","2178","32988","5214","28594","9102","34375","24192","39085","14477","22583","11561","29118","51314","10938","5936","10329","6511","10559","6686","6917","28873","12917","11150","19886","18261","6779","10088","(X)","(X)","(X)","(X)","(X)","(X)"
"1400000US36005039000","Census Tract 390, Bronx County, New York","983","76","9.0","5.5","78.0","8.1","0.0","3.2","0.0","3.2","0.0","3.2","12.0","8.1","1.0","1.7","11.7","7.1","5.5","4.8","3.5","3.5","48.8","11.0","42.9","9.9","4.8","4.1","716","96","58.9","10.4","41.1","10.4","37.6","11.5","55.6","11.9","6.8","4.5","267","103","45.3","22.3","45.3","22.3","0.0","11.4","54.7","22.3","42.7","20.8","12.0","15.6","48.1","(X)","40.5","(X)","54.3","(X)","35037","7161","70526","82991","35703","13751","-","**","-","**","-","**","34688","19718","-","**","34010","30584","71711","49532","35625","14497","41829","18859","31486","4124","34125","112674","37206","8704","36875","17902","37500","8822","92986","41325","21375","17754","32292","129798","26350","20952","11771","14084","11771","14084","-","**","31111","48701","26700","8755","-","**","(X)","(X)","(X)","(X)","(X)","(X)"
"1400000US36005039100","Census Tract 391, Bronx County, New York","2251","114","34.6","6.8","15.5","4.8","0.0","1.4","1.6","1.8","0.0","1.4","47.0","8.1","1.3","1.4","63.4","6.1","21.9","5.4","3.6","2.9","47.5","6.0","32.6","6.8","16.3","5.0","1476","196","60.6","9.9","39.4","9.9","29.1","9.2","47.9","9.3","23.0","8.6","775","175","58.7","12.6","52.4","13.2","6.3","6.1","41.3","12.6","22.1","12.0","19.2","11.1","22.5","(X)","18.8","(X)","29.5","(X)","24193","4002","24512","6429","27438","42391","-","**","19350","4963","-","**","22379","10198","-","**","26116","12881","21438","5765","15568","7903","27267","10205","24886","21569","14708","10072","25635","9646","22445","6624","43295","7664","44089","5367","14798","10305","24141","22374","18109","7986","13049","3676","12755","4138","13897","42278","60472","49017","16985","16324","61806","31994","(X)","(X)","(X)","(X)","(X)","(X)"
"1400000US36005039200","Census Tract 392, Bronx County, New York","539","58","5.2","4.1","75.3","8.9","0.0","5.8","0.0","5.8","0.0","5.8","19.5","8.6","0.0","5.8","22.6","9.0","0.0","5.8","0.0","5.8","32.3","11.7","60.3","11.2","7.4","5.9","360","65","64.2","13.4","35.8","13.4","41.9","15.9","45.6","15.1","12.5","7.8","179","71","39.1","18.3","31.3","18.7","7.8","9.3","60.9","18.3","57.5","19.0","3.4","5.7","40.8","(X)","35.3","(X)","46.4","(X)","32386","10980","17059","95815","23125","8641","-","**","-","**","-","**","51827","50893","-","**","52308","53303","-","**","-","**","33816","12631","30341","15107","22250","64134","33289","13177","50142","28829","22552","4425","68355","31622","16818","10913","20417","15021","22321","17635","22381","15713","21548","4254","-","**","17375","58239","16625","48928","-","**","(X)","(X)","(X)","(X)","(X)","(X)"
"1400000US36005039300","Census Tract 393, Bronx County, New York","2959","150","16.4","4.2","33.8","6.7","0.0","1.1","1.0","1.3","0.0","1.1","43.1","6.5","5.7","4.0","61.8","6.5","7.1","2.9","2.1","2.6","42.0","7.6","40.9","8.1","15.0","4.1","1736","228","58.6","8.3","41.4","8.3","28.2","8.4","66.4","9.2","5.4","4.3","1223","232","51.7","13.0","51.0","13.3","0.7","1.2","48.3","13.0","43.0","12.7","5.3","4.1","26.5","(X)","28.5","(X)","20.9","(X)","16949","2949","12966","3425","20996","4602","-","**","-","**","-","**","18250","4525","13631","19542","16846","4285","13173","6723","8365","37881","20165","5209","16175","3061","14341","5480","20903","3974","17826","6765","30084","9259","26635","10370","20485","5426","10066","5565","11773","3897","15675","4615","15833","4555","-","**","9542","1400","9476","1388","13417","72573","(X)","(X)","(X)","(X)","(X)","(X)"
"1400000US36005039400","Census Tract 394, Bronx County, New York","1547","71","10.7","4.2","66.2","5.3","0.0","2.1","1.2","1.2","0.0","2.1","20.7","5.7","1.2","1.4","34.1","5.4","2.3","1.5","0.9","1.5","29.6","6.6","52.7","7.0","16.8","4.0","1011","121","51.5","8.5","48.5","8.5","38.2","8.8","48.7","8.3","13.2","5.3","536","125","50.0","13.3","39.7","13.7","10.3","8.0","50.0","13.3","36.9","12.2","13.1","9.8","33.9","(X)","38.0","(X)","22.4","(X)","39157","13792","33417","17994","52802","12016","-","**","18929","28518","-","**","28362","15399","-","**","29904","9532","59167","71330","-","**","35714","23748","38750","18413","57667","34220","53260","11253","36375","11157","63929","13533","75357","21704","41071","10030","34598","52445","28000","9334","32348","2913","31645","9533","33203","42644","22622","19393","11983","11343","24352","24340","(X)","(X)","(X)","(X)","(X)","(X)"
"1400000US36005039500","Census Tract 395, Bronx County, New York","1358","116","9.7","4.5","40.5","8.9","1.4","2.2","0.0","2.4","0.8","1.3","47.6","8.6","0.0","2.4","71.8","6.9","0.0","2.4","6.3","4.8","28.8","7.5","48.8","8.4","16.1","4.1","814","123","59.6","10.1","40.4","10.1","31.6","12.2","54.8","12.0","13.6","8.0","544","104","42.5","11.4","37.7","11.7","4.8","5.1","57.5","11.4","50.2","12.3","7.4","6.9","33.1","(X)","31.7","(X)","32.9","(X)","26250","7043","17826","9151","33362","13622","-","**","-","**","-","**","23393","22974","-","**","28698","11340","-","**","33190","11407","12154","14964","41691","17967","10339","1567","40985","17300","28295","25734","64659","36992","64436","18350","23393","11863","23964","11145","10923","1787","9034","1067","8868","1133","-","**","15509","10903","12165","4974","70833","46796","(X)","(X)","(X)","(X)","(X)","(X)"
"1400000US36005039600","Census Tract 396, Bronx County, New York","1281","87","4.9","3.4","75.8","5.9","0.0","2.5","0.0","2.5","0.0","2.5","17.1","6.4","2.2","2.4","20.4","5.6","2.2","2.6","2.7","2.7","40.1","9.5","33.7","9.0","23.4","7.2","834","140","53.5","11.3","46.5","11.3","26.5","9.4","65.1","10.8","8.4","6.2","447","130","67.3","15.2","67.3","15.2","0.0","7.0","32.7","15.2","28.9","15.1","3.8","6.1","48.1","(X)","49.8","(X)","41.6","(X)","28103","6695","36250","13120","28315","7611","-","**","-","**","-","**","22944","12047","-","**","23589","23406","-","**","11964","36970","24758","12340","29653","28624","21429","26794","33352","7734","21250","7960","50455","29600","77279","34563","27083","7020","38370","16816","13682","4348","12060","1902","12060","1902","-","**","22188","14177","20859","12590","-","**","(X)","(X)","(X)","(X)","(X)","(X)"
"1400000US36005039700","Census Tract 397, Bronx County, New York","468","47","26.9","8.9","21.6","7.8","1.1","1.6","14.3","7.2","0.0","6.7","36.1","8.9","0.0","6.7","53.0","9.1","12.2","6.0","17.5","6.8","27.6","7.8","26.9","8.5","28.0","9.8","214","59","72.0","13.1","28.0","13.1","37.9","15.8","48.6","14.5","13.6","11.7","254","51","55.1","14.4","52.0","14.3","3.1","3.6","44.9","14.4","35.0","12.9","9.8","10.5","22.0","(X)","29.9","(X)","15.4","(X)","19015","5556","14231","2117","29292","1930","-","**","9107","4825","-","**","21875","11179","-","**","19412","7568","13990","5323","28333","24347","30313","27905","17250","24088","9256","3216","27778","9086","28611","11874","26750","41464","31354","36033","19559","4161","43977","22653","12692","6627","9620","6022","9402","4474","-","**","14167","13288","14236","27090","-","**","(X)","(X)","(X)","(X)","(X)","(X)"
"1400000US36005039800","Census Tract 398, Bronx County, New York","957","89","1.1","2.1","92.1","5.4","0.0","3.3","2.4","3.0","0.0","3.3","3.9","4.2","0.5","0.9","5.0","4.7","0.0","3.3","3.2","3.7","27.3","9.4","49.4","10.8","20.1","6.3","634","112","40.5","14.2","59.5","14.2","55.5","12.3","25.7","10.6","18.8","9.9","323","83","60.4","18.5","36.2","18.4","24.1","12.9","39.6","18.5","39.6","18.5","0.0","9.6","51.0","(X)","53.9","(X)","45.2","(X)","58892","12905","-","**","57807","15677","-","**","-","**","-","**","-","**","-","**","87045","43362","-","**","-","**","21597","27357","71612","3005","39625","44776","70069","12755","55774","21720","73234","7707","75408","4780","28594","35865","36875","39167","37210","14543","46250","31112","19083","48700","70208","27921","36176","2623","36176","2623","-","**","(X)","(X)","(X)","(X)","(X)","(X)"
"1400000US36005039901","Census Tract 399.01, Bronx County, New York","1621","80","12.5","4.9","21.5","5.9","1.2","1.4","5.7","2.9","0.0","2.0","55.3","7.5","3.9","2.9","67.7","6.1","2.7","2.4","5.2","2.8","38.6","7.4","38.1","8.0","18.1","5.6","1125","131","56.2","8.0","43.8","8.0","34.4","8.6","51.4","9.9","14.2","6.8","496","123","52.6","15.3","50.2","14.8","2.4","3.9","47.4","15.3","24.0","12.3","23.4","13.0","26.7","(X)","26.5","(X)","25.4","(X)","26509","5967","15000","6808","26518","8253","30536","29944","58333","58633","-","**","30581","10311","20909","13864","25208","7428","19732","11240","23250","17120","34844","11616","23258","4934","18200","14900","30019","7233","28448","8574","31542","11182","42443","22811","20000","6264","47115","22699","20586","2842","14911","10073","13839","9914","-","**","25188","20120","20446","28836","26625","46833","(X)","(X)","(X)","(X)","(X)","(X)"
"1400000US36005039902","Census Tract 399.02, Bronx County, New York","1624","86","14.4","5.0","25.4","5.7","0.0","2.0","1.3","1.2","0.0","2.0","53.4","6.4","5.5","3.5","71.7","5.8","5.5","3.2","1.5","2.0","41.4","6.9","43.5","6.7","13.5","3.0","1069","129","51.6","9.3","48.4","9.3","31.6","9.2","57.7","9.2","10.7","6.4","555","124","43.8","12.4","36.4","13.6","7.4","7.8","56.2","12.4","34.4","14.0","21.8","12.6","22.0","(X)","28.7","(X)","9.0","(X)","27375","15210","35182","19277","19583","18344","-","**","-","**","-","**","24255","12237","66944","64059","30139","13726","35580","39652","-","**","37438","10596","32917","17347","11700","5689","31028","13084","24286","12807","36303","17576","42097","7280","16458","4529","48618","13294","19563","3483","9552","5959","9160","493","-","**","21818","14799","19336","2972","60163","39211","(X)","(X)","(X)","(X)","(X)","(X)"
"1400000US36005040100","Census Tract 401, Bronx County, New York","1450","81","16.8","5.5","15.6","4.1","0.8","1.2","0.9","1.4","0.0","2.2","60.8","7.0","5.2","3.9","80.0","5.2","6.1","3.9","1.4","2.5","44.3","9.0","40.1","8.1","14.2","6.7","1028","117","56.6","10.9","43.4","10.9","43.4","11.1","48.5","12.4","8.1","6.1","422","108","46.2","19.0","37.2","15.2","9.0","10.5","53.8","19.0","51.2","19.5","2.6","4.2","43.4","(X)","42.4","(X)","37.0","(X)","36786","7220","17368","16780","41429","20987","-","**","-","**","-","**","36540","10427","50536","14944","35357","7005","53393","53839","-","**","31774","6784","54119","5102","18281","23633","36987","8536","31694","7465","52679","16961","55238","7116","20817","11787","19883","36644","29597","12338","14479","49409","9688","21245","-","**","29798","20811","29355","15696","-","**","(X)","(X)","(X)","(X)","(X)","(X)"
"1400000US36005040302","Census Tract 403.02, Bronx County, New York","1373","76","20.5","7.5","23.7","7.3","0.9","1.4","3.2","3.1","0.0","2.3","49.0","8.9","2.8","2.7","76.4","7.0","1.6","2.5","1.7","2.4","36.2","7.0","41.1","7.8","21.0","5.2","852","115","59.3","12.2","40.7","12.2","31.0","9.7","58.0","10.3","11.0","6.7","521","113","52.4","13.0","50.5","12.7","1.9","2.8","47.6","13.0","38.6","12.0","9.0","7.5","33.8","(X)","31.7","(X)","33.0","(X)","20492","3727","17412","8535","20959","10497","-","**","14071","34546","-","**","22147","5096","9138","5399","22952","4856","-","**","-","**","28393","11618","18929","6137","14214","3711","25231","4337","24950","4284","28309","29535","33125","26903","20929","2926","32778","34003","11696","4445","14125","5758","12875","5898","-","**","9524","3499","8591","2340","113083","171663","(X)","(X)","(X)","(X)","(X)","(X)"
"1400000US36005040303","Census Tract 403.03, Bronx County, New York","1426","107","20.1","6.6","24.4","7.1","0.0","2.3","1.1","1.4","1.2","1.9","51.5","7.6","1.8","1.7","71.1","7.5","6.5","4.8","6.0","4.6","37.0","10.2","47.8","10.2","9.2","5.2","1008","133","60.3","9.3","39.7","9.3","35.7","10.7","47.2","10.1","17.1","8.4","418","123","51.0","16.8","41.4","17.2","9.6","7.8","49.0","16.8","47.1","16.9","1.9","3.3","35.0","(X)","42.6","(X)","16.7","(X)","35889","11327","39821","30327","37250","19143","-","**","-","**","-","**","31736","11596","53750","32450","31500","10446","50583","64074","44740","1910","25066","7753","38086","4745","13973","21489","35909","9649","26447","9301","44048","7962","41000","5252","23141","10049","31944","15660","29191","17834","11654","3663","10184","2762","47083","22921","41433","7501","41189","4906","-","**","(X)","(X)","(X)","(X)","(X)","(X)"
"1400000US36005040304","Census Tract 403.04, Bronx County, New York","1112","93","18.8","5.8","11.1","5.8","0.0","2.9","4.3","2.8","0.0","2.9","63.8","9.2","2.0","2.4","81.8","7.2","5.4","3.6","4.0","3.5","40.1","8.4","50.8","9.6","5.1","3.7","893","123","46.4","9.0","53.6","9.0","44.0","12.5","37.5","10.8","18.5","7.8","219","96","74.0","18.1","74.0","18.1","0.0","13.8","26.0","18.1","9.1","8.6","16.9","17.2","39.7","(X)","42.4","(X)","17.8","(X)","37000","12382","30795","23819","57708","37048","-","**","46167","17555","-","**","32500","13398","-","**","31646","8028","50125","28287","30833","30204","40288","23525","41172","14512","9727","15468","41399","13515","21696","32918","52063","17571","46518","21757","30729","20288","52703","2211","20179","15106","20238","16403","20238","16403","-","**","14688","38961","13750","67538","-","**","(X)","(X)","(X)","(X)","(X)","(X)"
"1400000US36005040400","Census Tract 404, Bronx County, New York","1028","98","2.2","2.7","84.9","10.3","0.0","3.1","0.7","1.1","5.1","8.2","7.1","5.6","0.0","3.1","10.6","7.4","2.2","2.7","6.5","9.1","29.1","9.4","43.3","10.0","21.1","7.3","618","109","46.0","11.0","54.0","11.0","26.7","9.8","48.2","14.6","25.1","13.2","410","112","48.3","17.5","44.9","18.3","3.4","4.7","51.7","17.5","46.6","18.4","5.1","8.5","31.5","(X)","27.7","(X)","27.1","(X)","40793","7676","-","**","41128","5561","-","**","-","**","-","**","9450","63451","-","**","42604","46605","-","**","45889","17515","33348","8566","44479","45670","32772","19497","43611","16768","40244","12840","70904","14202","67841","42168","34286","20670","44563","76155","31172","21191","33261","20435","33804","20726","20714","39055","21429","26570","17171","19320","-","**","(X)","(X)","(X)","(X)","(X)","(X)"
"1400000US36005040501","Census Tract 405.01, Bronx County, New York","1193","131","14.6","6.6","24.9","8.2","0.0","2.7","6.0","5.4","0.0","2.7","54.5","8.4","0.0","2.7","68.4","7.6","4.5","4.6","8.0","5.8","41.2","8.4","43.8","8.4","7.0","4.5","863","129","54.5","10.3","45.5","10.3","45.3","12.6","44.5","12.7","10.2","7.1","330","105","55.8","18.4","45.8","18.9","10.0","11.6","44.2","18.4","28.5","18.2","15.8","12.7","32.0","(X)","32.7","(X)","30.3","(X)","29293","11389","30556","38545","47580","36683","-","**","39079","73983","-","**","23446","10508","-","**","22453","6535","57589","6183","21903","2091","37292","28928","37679","13111","9886","12258","28750","13435","21900","16145","37679","13963","67804","21726","15446","6521","22083","23878","20682","13857","16833","12429","11875","10082","-","**","53026","65244","15600","28411","107833","106039","(X)","(X)","(X)","(X)","(X)","(X)"
"1400000US36005040502","Census Tract 405.02, Bronx County, New York","2095","149","9.8","4.4","34.0","6.9","0.8","1.2","3.8","2.8","0.0","1.5","50.5","7.3","1.2","1.5","61.9","7.8","2.3","2.5","6.7","4.6","40.4","6.6","44.2","6.4","8.7","3.5","1360","199","55.7","11.4","44.3","11.4","24.5","8.4","70.0","9.5","5.5","4.9","735","195","55.0","16.2","49.9","17.0","5.0","5.8","45.0","16.2","41.1","15.9","3.9","6.2","24.1","(X)","27.5","(X)","17.7","(X)","19358","3526","14648","6269","22599","4448","-","**","216172","74690","-","**","17098","7156","-","**","17922","6359","8491","8005","21786","55848","19831","5808","15217","5992","23125","5944","22065","4134","18292","6832","24476","6024","34464","41780","16795","6021","70268","36285","13367","6200","12000","2911","12135","2763","-","**","19309","11409","18355","14561","-","**","(X)","(X)","(X)","(X)","(X)","(X)"
"1400000US36005040600","Census Tract 406, Bronx County, New York","1096","94","3.6","3.5","90.1","5.5","0.0","2.9","1.4","1.6","0.0","2.9","4.9","4.4","0.0","2.9","8.9","5.4","0.8","1.3","1.6","2.6","25.8","8.2","42.7","10.0","29.8","8.8","731","126","42.3","13.5","57.7","13.5","27.2","11.5","59.2","12.5","13.5","9.2","365","111","43.6","18.5","40.3","18.0","3.3","4.9","56.4","18.5","51.0","18.3","5.5","8.4","23.0","(X)","26.3","(X)","8.8","(X)","40039","16937","55063","78006","40924","14822","-","**","-","**","-","**","26316","22746","-","**","40417","27915","-","**","-","**","32188","17120","64300","15995","22380","13403","43836","15754","31659","13037","54138","28226","65288","26737","31995","18302","55446","31147","18523","9625","18239","50894","18920","60471","-","**","19091","10729","16818","10618","-","**","(X)","(X)","(X)","(X)","(X)","(X)"
"1400000US36005040701","Census Tract 407.01, Bronx County, New York","1141","65","22.6","7.4","20.4","6.0","0.6","1.1","1.8","2.1","0.0","2.8","52.7","7.7","1.8","2.3","67.8","6.5","8.9","4.8","4.3","3.6","42.6","9.4","40.8","9.1","12.4","5.1","794","99","59.2","9.6","40.8","9.6","38.4","10.7","41.4","8.5","20.2","9.0","347","101","62.8","16.5","54.5","17.4","8.4","8.4","37.2","16.5","27.4","15.3","9.8","10.9","49.5","(X)","57.6","(X)","24.8","(X)","29479","5894","20260","7542","32335","10203","-","**","-","**","-","**","26402","13593","-","**","23750","5442","15781","20565","8173","59247","31571","12377","31181","11079","21031","5897","31000","9276","28750","14055","36964","15434","37257","15173","23693","9867","26667","36703","17031","13851","17188","33203","14821","22192","67583","43782","14875","20924","9414","20020","-","**","(X)","(X)","(X)","(X)","(X)","(X)"
"1400000US36005040702","Census Tract 407.02, Bronx County, New York","2543","116","22.6","6.7","23.4","7.4","0.0","1.3","4.4","3.0","0.0","1.3","48.0","9.3","1.7","1.9","61.9","7.9","13.8","5.7","1.2","1.9","42.2","7.7","34.5","8.3","22.0","6.3","1500","201","66.3","10.0","33.7","10.0","47.6","10.1","38.9","10.9","13.5","8.2","1043","172","63.4","12.2","58.8","11.6","4.6","5.2","36.6","12.2","33.7","11.5","3.0","4.6","21.0","(X)","20.5","(X)","20.0","(X)","27290","7287","19149","3563","31917","13395","-","**","27188","169733","-","**","31701","18352","30313","74727","25734","10179","19688","4719","-","**","42722","7330","26585","9191","12063","5643","37885","7721","37802","10380","37951","21196","60865","20532","30074","12159","13835","39372","16280","3407","14508","6069","12689","5478","-","**","17402","8734","16642","5351","-","**","(X)","(X)","(X)","(X)","(X)","(X)"
"1400000US36005040800","Census Tract 408, Bronx County, New York","1390","96","14.7","6.0","63.5","7.1","0.0","2.3","5.1","3.1","0.0","2.3","15.8","6.4","0.9","1.5","25.9","5.9","5.2","3.7","3.7","2.6","48.7","7.2","28.2","6.1","19.4","5.6","994","135","61.3","9.4","38.7","9.4","42.2","10.5","43.2","9.7","14.7","8.0","396","119","52.0","17.2","49.5","17.1","2.5","3.8","48.0","17.2","42.2","17.5","5.8","8.4","26.0","(X)","30.3","(X)","15.2","(X)","31687","7564","22321","21287","36406","13880","-","**","109911","222721","-","**","26597","8998","-","**","25726","6692","20938","21625","17679","18538","38393","14803","32391","32178","20956","7409","38676","12572","38869","19328","38365","13307","68375","18114","24602","5283","47727","21546","21908","8210","20855","4510","21184","4603","-","**","30606","19927","23906","38743","-","**","(X)","(X)","(X)","(X)","(X)","(X)"
"1400000US36005040900","Census Tract 409, Bronx County, New York","1247","71","19.5","4.8","65.0","5.8","0.0","2.6","3.7","4.3","0.0","2.6","7.9","4.1","3.9","2.8","12.3","5.3","17.6","4.5","1.0","1.2","19.9","6.5","58.2","7.5","20.9","5.1","888","96","41.9","8.7","58.1","8.7","57.2","9.6","41.0","9.3","1.8","2.2","359","102","49.0","13.7","45.4","13.5","3.6","5.7","51.0","13.7","45.7","13.6","5.3","6.0","41.1","(X)","44.0","(X)","33.7","(X)","49614","16999","43958","18097","48864","8877","-","**","-","**","-","**","84250","187615","103352","14449","31944","147201","47045","14927","-","**","48571","12631","70595","20016","35625","17437","49945","22057","43056","38493","56042","21892","61346","29121","44444","17080","-","**","47734","27117","30833","9337","29635","6461","-","**","63448","10715","63387","18501","-","**","(X)","(X)","(X)","(X)","(X)","(X)"
"1400000US36005041100","Census Tract 411, Bronx County, New York","1160","73","26.3","9.0","25.2","8.5","0.0","2.8","1.6","2.4","0.0","2.8","39.1","11.3","7.8","4.9","61.2","11.1","20.3","7.8","7.8","5.5","40.9","8.5","40.8","7.5","10.5","4.4","718","130","62.1","14.3","37.9","14.3","41.5","14.0","40.3","14.8","18.2","15.2","442","123","59.0","17.2","57.9","17.2","1.1","2.4","41.0","17.2","37.8","17.3","3.2","5.1","38.3","(X)","44.6","(X)","19.9","(X)","31371","18487","31250","68660","50988","9469","-","**","-","**","-","**","22109","22222","24464","14286","25270","16596","31944","71796","12273","11717","50851","10930","31593","22367","16667","5735","39714","26265","35588","35144","50703","21258","69674","20182","32382","11114","24496","2034","9639","4769","15972","17508","15278","16375","-","**","8915","2427","8658","1671","-","**","(X)","(X)","(X)","(X)","(X)","(X)"
"1400000US36005041300","Census Tract 413, Bronx County, New York","2845","119","29.3","6.5","17.4","5.3","0.4","0.7","6.2","2.8","0.0","1.1","43.8","7.1","2.8","2.2","63.5","6.5","15.9","5.4","5.0","3.3","43.5","6.7","39.4","6.4","12.2","4.4","1545","188","59.2","9.8","40.8","9.8","48.2","10.9","42.9","10.6","8.9","5.7","1300","208","45.9","10.6","38.6","10.5","7.3","5.4","54.1","10.6","43.7","11.1","10.4","6.8","17.7","(X)","18.7","(X)","16.5","(X)","33033","6382","28363","8009","45300","7930","-","**","14750","13716","-","**","32033","6194","72109","168638","33779","8134","26250","7596","62750","72297","36089","8704","33226","22567","27993","9973","32144","11480","31291","5880","44732","40297","82841","19936","21765","5125","39609","41484","32723","15849","29750","27284","19000","16682","71648","61096","32790","16285","23877","11773","92277","24202","(X)","(X)","(X)","(X)","(X)","(X)"
"1400000US36005041400","Census Tract 414, Bronx County, New York","1621","109","12.6","5.2","62.1","7.8","0.0","2.0","7.0","2.1","0.0","2.0","17.5","5.6","0.8","1.3","23.5","6.2","6.8","3.8","0.4","0.7","33.9","7.6","50.5","8.1","15.2","5.2","1147","159","48.4","9.8","51.6","9.8","58.2","10.2","30.7","7.9","11.1","6.7","474","142","42.6","16.1","35.9","14.8","6.8","9.6","57.4","16.1","32.7","14.6","24.7","16.6","39.0","(X)","43.3","(X)","28.7","(X)","52577","9832","48750","12385","51716","24428","-","**","80313","82272","-","**","61806","89370","-","**","53291","7819","52039","34143","-","**","50769","6515","70341","14182","26595","6674","60972","23016","52250","49381","65500","22817","91100","19752","40347","8132","51010","64477","48409","14187","26767","20686","26078","2037","-","**","51389","15859","50787","30327","75677","76422","(X)","(X)","(X)","(X)","(X)","(X)"
"1400000US36005041500","Census Tract 415, Bronx County, New York","2118","122","25.6","6.0","25.1","5.6","0.0","1.5","3.9","1.7","0.0","1.5","42.4","7.0","3.0","2.8","58.8","5.9","16.5","4.4","0.0","1.5","50.5","7.2","36.3","6.8","13.3","4.2","1219","178","51.8","10.1","48.2","10.1","43.0","10.9","47.4","9.3","9.6","7.0","899","188","41.4","12.7","34.6","10.9","6.8","7.3","58.6","12.7","48.1","12.0","10.6","8.2","25.1","(X)","24.0","(X)","22.6","(X)","35086","13987","24677","8538","45144","23571","-","**","63580","85585","-","**","42857","22601","13214","5934","31314","17491","33967","33303","-","**","37198","21446","49135","14304","22734","5156","35560","13003","31859","7358","43750","25597","54762","7135","31204","8947","19769","73532","26633","14973","26250","30689","22734","12858","-","**","27042","18894","21917","10474","77250","6483","(X)","(X)","(X)","(X)","(X)","(X)"
"1400000US36005041800","Census Tract 418, Bronx County, New York","1261","80","12.6","7.4","59.2","9.1","0.9","1.4","1.6","1.8","0.0","2.5","22.3","7.8","3.5","2.6","26.8","7.6","6.2","5.0","9.4","6.1","34.8","9.5","44.0","8.8","11.8","4.5","978","107","51.9","9.8","48.1","9.8","40.5","9.7","44.0","11.4","15.5","8.4","283","109","30.7","19.5","24.7","17.1","6.0","10.2","69.3","19.5","54.8","24.7","14.5","12.3","28.9","(X)","34.8","(X)","4.9","(X)","38165","10184","12159","23731","51713","20012","-","**","-","**","-","**","24042","16436","110682","110169","18611","10553","33824","43967","37955","15249","36349","12135","49205","6887","14175","7382","38351","11679","29444","18981","50833","11585","62647","22925","21389","17745","67500","64745","33031","28604","33469","9407","33261","19052","-","**","17000","49752","12596","41688","49886","30088","(X)","(X)","(X)","(X)","(X)","(X)"
"1400000US36005041900","Census Tract 419, Bronx County, New York","2535","99","26.7","7.6","22.9","6.9","0.6","1.0","8.4","3.8","0.0","1.3","37.8","8.5","3.6","2.9","56.3","7.5","16.3","6.2","4.0","3.1","43.3","6.9","40.8","6.7","11.8","4.0","1545","187","59.0","8.8","41.0","8.8","44.0","10.8","47.3","11.6","8.7","5.1","990","201","50.9","13.0","49.6","13.2","1.3","2.2","49.1","13.0","41.6","12.8","7.5","8.2","30.5","(X)","41.7","(X)","11.3","(X)","36344","13777","37071","23568","48276","17033","-","**","55257","47614","-","**","32161","12587","46402","66824","34346","12092","55081","40563","17981","4315","34646","18216","45982","21289","47857","27805","34811","17610","31831","10441","57813","37187","81736","18766","19668","10740","25583","11695","33571","22215","25645","11294","26169","11499","-","**","53039","26573","51818","53458","53186","13247","(X)","(X)","(X)","(X)","(X)","(X)"
"1400000US36005042000","Census Tract 420, Bronx County, New York","1284","86","16.4","5.4","60.6","7.7","0.6","1.0","4.4","3.7","0.0","2.5","17.4","6.6","0.7","1.2","32.2","7.2","5.5","4.4","5.3","3.7","30.9","8.1","38.4","8.4","25.4","6.5","691","101","57.3","11.7","42.7","11.7","31.8","9.5","52.5","10.9","15.6","9.1","593","122","49.9","12.5","49.9","12.5","0.0","5.3","50.1","12.5","44.2","12.5","5.9","6.4","23.3","(X)","22.1","(X)","20.7","(X)","29886","16797","15952","7833","41042","5525","-","**","18800","8677","-","**","20188","29583","-","**","16875","5224","16625","10493","44875","34909","29830","23983","36250","15391","18404","4321","41679","5761","36667","18118","50446","16043","58158","19234","24219","14923","42400","11153","12488","5178","14643","12562","14643","12562","-","**","12193","6270","12417","7207","-","**","(X)","(X)","(X)","(X)","(X)","(X)"
"1400000US36005042100","Census Tract 421, Bronx County, New York","2194","148","36.1","7.1","16.0","5.1","0.0","1.5","9.9","3.5","0.0","1.5","31.0","7.3","7.1","4.1","57.3","6.2","17.9","4.6","4.6","3.7","46.9","5.8","33.0","7.2","15.5","4.4","1208","188","54.6","8.0","45.4","8.0","38.9","8.7","46.5","9.5","14.6","8.4","986","182","49.4","11.9","40.4","10.7","9.0","7.1","50.6","11.9","41.9","11.8","8.7","8.0","39.1","(X)","51.5","(X)","22.7","(X)","50816","16947","56655","13983","37137","18457","-","**","56094","5175","-","**","35765","23243","50625","48608","37022","22474","59508","3730","36776","21138","55174","5205","55379","20378","25381","6706","51500","5236","48688","9426","58594","12840","58158","4934","29323","24399","51667","5836","35854","4924","19732","25421","16964","18968","37422","41579","51161","31351","37417","36445","58013","40001","(X)","(X)","(X)","(X)","(X)","(X)"
"1400000US36005042200","Census Tract 422, Bronx County, New York","1092","71","10.3","5.0","84.3","6.0","0.0","2.9","0.0","2.9","0.0","2.9","2.3","3.6","3.0","2.6","19.0","8.5","3.8","3.1","0.0","2.9","37.3","8.5","36.9","8.4","25.8","7.0","773","117","51.6","11.8","48.4","11.8","41.8","13.8","48.0","12.8","10.2","8.4","319","96","68.3","17.1","58.6","16.0","9.7","9.0","31.7","17.1","28.8","15.9","2.8","4.5","38.1","(X)","38.4","(X)","32.9","(X)","51312","5255","36958","24870","52243","11201","-","**","-","**","-","**","-","**","58661","57871","36845","23172","35278","46204","-","**","45156","19606","62372","6877","36406","17962","52141","10538","41637","19748","75893","39016","62083","17903","42396","31677","50491","38471","35958","11998","26875","17241","21528","14310","-","**","61298","26316","61731","23269","-","**","(X)","(X)","(X)","(X)","(X)","(X)"
"1400000US36005042300","Census Tract 423, Bronx County, New York","1454","37","34.1","7.3","27.4","7.4","0.0","2.2","11.7","3.9","0.0","2.2","22.8","7.4","4.0","3.3","40.0","7.6","24.6","6.7","3.3","2.4","47.2","6.0","37.0","5.9","12.5","3.7","1012","93","55.2","7.5","44.8","7.5","46.5","11.0","43.8","11.0","9.7","5.3","442","96","61.1","15.4","50.2","16.3","10.9","9.9","38.9","15.4","26.0","12.5","12.9","11.1","34.5","(X)","33.1","(X)","37.6","(X)","33700","11053","33250","16831","51202","14275","-","**","29559","50814","-","**","25536","16414","11154","9570","24013","8342","33750","17901","16471","19626","38158","13140","28250","27337","33250","24685","36136","13668","23083","14312","60481","18111","60987","49977","27031","17343","51875","31801","25489","9595","26974","22246","26053","13864","39342","86319","15690","6210","15647","6877","27917","123985","(X)","(X)","(X)","(X)","(X)","(X)"
"1400000US36005042400","Census Tract 424, Bronx County, New York","803","81","6.1","4.8","84.8","10.6","7.1","10.0","2.0","1.8","0.0","4.0","0.0","4.0","0.0","4.0","5.1","4.5","1.6","1.7","9.5","10.1","29.9","11.8","37.5","11.2","23.2","9.2","620","95","55.3","13.6","44.7","13.6","30.3","12.2","52.6","14.1","17.1","10.0","183","77","55.2","21.8","42.1","22.9","13.1","13.4","44.8","21.8","33.9","21.9","10.9","13.7","27.3","(X)","29.8","(X)","8.7","(X)","50625","20873","68036","85967","59107","15205","-","**","14000","361850","-","**","-","**","-","**","26685","77861","-","**","2,500-","***","58594","26543","64042","6479","42604","27143","60093","23684","51161","25239","65583","26609","63917","12466","44545","51311","35000","17675","43490","19981","44115","47185","44219","45278","-","**","33929","35023","27206","55918","-","**","(X)","(X)","(X)","(X)","(X)","(X)"
"1400000US36005042500","Census Tract 425, Bronx County, New York","2165","122","28.6","6.5","19.4","6.6","2.1","2.1","6.8","4.3","0.0","1.5","36.5","7.7","6.6","4.7","54.9","8.4","18.5","6.0","1.8","2.1","53.2","7.3","36.7","7.2","8.3","4.7","1355","194","71.1","8.8","28.9","8.8","42.9","11.3","37.5","12.3","19.6","8.9","810","187","37.5","14.7","34.8","14.2","2.7","3.4","62.5","14.7","53.8","16.6","8.6","10.0","29.9","(X)","31.7","(X)","21.6","(X)","32382","9147","27750","18492","55278","35922","38125","94318","36694","45060","-","**","23245","8682","35465","12448","25662","13027","38333","19616","-","**","35288","13153","33155","10585","19453","38766","32847","8105","29200","11373","39803","40830","38393","9769","21042","10666","38393","19124","21000","6530","20119","19959","11964","17683","-","**","23125","17551","19531","7001","-","**","(X)","(X)","(X)","(X)","(X)","(X)"
"1400000US36005042600","Census Tract 426, Bronx County, New York","2100","103","8.7","5.0","86.7","5.7","0.0","1.5","2.1","2.2","0.0","1.5","2.5","3.2","0.0","1.5","8.8","5.9","3.2","3.4","0.2","0.5","33.0","9.0","43.8","8.5","23.0","6.7","1769","152","49.0","9.8","51.0","9.8","53.3","9.3","33.5","8.5","13.2","6.3","331","126","97.9","4.2","83.4","15.8","14.5","16.1","2.1","4.2","2.1","4.2","0.0","9.3","29.2","(X)","29.3","(X)","18.7","(X)","65909","13381","90395","57169","63443","12447","-","**","93125","5801","-","**","-","**","-","**","52301","51404","131786","78780","-","**","58664","26516","74730","13058","53011","32898","59250","11618","63103","20189","57740","21658","89922","37003","57932","32754","25179","32211","76688","22177","77125","12459","75750","37972","-","**","-","**","-","**","-","**","(X)","(X)","(X)","(X)","(X)","(X)"
"1400000US36005042800","Census Tract 428, Bronx County, New York","711","49","9.0","5.7","82.1","6.8","0.0","4.5","1.0","1.7","0.0","4.5","3.2","3.2","4.6","3.3","9.7","6.2","5.5","3.7","1.0","1.7","19.8","9.2","59.6","11.0","19.5","7.2","522","81","34.1","12.9","65.9","12.9","51.3","10.8","37.5","10.1","11.1","6.5","189","67","94.2","9.2","83.6","13.5","10.6","10.6","5.8","9.2","0.0","15.7","5.8","9.2","17.6","(X)","17.0","(X)","19.0","(X)","66971","7497","60313","85632","68421","13430","-","**","-","**","-","**","50750","82571","70139","39908","67969","41979","15469","21087","-","**","59792","12607","75333","12464","30694","25360","73152","14135","72500","36141","73152","17741","88611","20665","66429","15014","35500","28242","47639","46927","31111","42991","26818","26971","76591","18332","-","**","-","**","-","**","(X)","(X)","(X)","(X)","(X)","(X)"
"1400000US36005042901","Census Tract 429.01, Bronx County, New York","1184","63","25.7","8.3","28.0","8.8","1.4","2.3","4.1","4.7","0.0","2.7","40.0","10.0","0.8","1.3","51.1","9.3","19.3","7.8","2.4","2.7","40.9","10.0","43.0","10.6","13.8","4.6","722","119","52.1","14.1","47.9","14.1","45.2","14.4","42.2","12.6","12.6","9.8","462","112","54.8","15.8","54.8","15.8","0.0","6.8","45.2","15.8","40.5","16.1","4.8","5.5","39.5","(X)","49.2","(X)","24.5","(X)","38100","7107","51842","16907","45714","9014","-","**","17150","14425","-","**","13729","26205","-","**","35216","39595","51767","18078","-","**","27353","25843","48413","13749","47083","44482","39200","14670","25929","15611","50395","9037","52606","4770","9556","8699","48958","22122","35517","25275","20938","20245","20938","20245","-","**","37841","13796","36940","23525","-","**","(X)","(X)","(X)","(X)","(X)","(X)"
"1400000US36005042902","Census Tract 429.02, Bronx County, New York","1488","64","22.6","5.7","34.9","5.6","2.7","2.4","1.9","1.8","0.0","2.2","31.6","7.2","6.3","3.3","55.3","5.4","11.3","3.7","7.4","3.9","49.1","7.2","35.8","6.0","7.8","4.0","846","117","72.5","10.2","27.5","10.2","45.9","11.1","49.2","11.6","5.0","4.7","642","111","54.4","11.7","48.8","12.7","5.6","5.2","45.6","11.7","38.3","11.2","7.3","5.9","34.9","(X)","42.4","(X)","24.9","(X)","28149","6177","30781","5583","24167","17053","44250","82141","30357","8735","-","**","21429","16611","12143","52557","27554","9872","28409","12129","15469","19575","30682","6986","22727","18390","18167","12413","36574","10016","40368","14313","31181","10818","48659","11746","23409","17387","40357","51482","17917","5930","13614","3214","13071","3174","16563","30708","29787","3249","29390","4536","75855","71975","(X)","(X)","(X)","(X)","(X)","(X)"
"1400000US36005043000","Census Tract 430, Bronx County, New York","1014","74","12.0","5.1","71.0","8.9","0.0","3.2","4.8","4.7","0.0","3.2","12.0","8.7","0.1","1.0","13.1","6.4","8.8","4.9","4.4","4.6","34.8","7.8","40.8","9.4","19.9","8.5","779","95","36.7","8.6","63.3","8.6","49.2","13.5","33.2","11.4","17.6","10.9","235","110","80.0","18.7","80.0","18.7","0.0","12.9","20.0","18.7","20.0","18.7","0.0","12.9","31.5","(X)","28.0","(X)","25.5","(X)","50100","6829","31806","26572","52976","21193","-","**","89583","55832","-","**","10469","4246","-","**","17212","21761","32292","41524","-","**","36080","21676","73750","30883","37609","22303","53869","28593","39375","9456","78843","16474","80969","27898","41654","6419","69491","21020","32212","14791","21607","22874","21607","22874","-","**","66382","31817","66382","31817","-","**","(X)","(X)","(X)","(X)","(X)","(X)"
"1400000US36005043100","Census Tract 431, Bronx County, New York","3282","186","20.1","5.5","29.0","5.5","0.0","1.0","7.2","2.8","0.0","1.0","38.1","6.7","5.6","3.6","55.6","4.8","5.1","2.5","4.3","2.9","42.4","7.0","39.3","6.0","14.1","3.4","2116","215","58.0","8.8","42.0","8.8","36.3","7.9","46.3","9.7","17.4","7.5","1166","217","57.5","10.2","49.1","9.6","8.4","7.1","42.5","10.2","30.2","11.5","12.3","8.5","50.0","(X)","58.3","(X)","35.0","(X)","31841","4710","31116","15253","34479","16310","-","**","28698","11252","-","**","34130","14593","29554","24723","33656","11035","30246","20222","29301","18529","34694","24936","31657","17098","28364","24378","39783","15323","43495","18218","35647","18454","41250","27536","45110","14875","34412","17407","19833","13324","14004","11589","11653","5210","81286","49388","27863","14292","20897","10425","85482","38462","(X)","(X)","(X)","(X)","(X)","(X)"
"1400000US36005043400","Census Tract 434, Bronx County, New York","1213","79","14.5","6.4","66.4","6.8","0.0","2.6","6.3","3.9","0.0","2.6","10.9","6.1","1.9","2.3","18.4","6.3","8.2","4.8","6.0","3.8","37.7","9.9","40.6","10.4","15.7","6.3","737","101","58.2","11.7","41.8","11.7","42.6","10.0","50.1","11.3","7.3","5.9","476","89","67.9","14.4","60.9","13.7","6.9","7.8","32.1","14.4","23.7","12.2","8.4","8.8","36.4","(X)","36.8","(X)","35.7","(X)","37601","8752","13778","3553","42450","8252","-","**","101125","124882","-","**","20978","25488","-","**","20163","11649","13556","1280","19712","17890","39625","21548","48147","9575","16500","7626","51354","12162","39125","18120","80380","30767","76818","9168","38708","13085","52763","18374","25625","10696","20781","8177","20208","8025","-","**","32292","15175","28750","27675","-","**","(X)","(X)","(X)","(X)","(X)","(X)"
"1400000US36005043500","Census Tract 435, Bronx County, New York","16","24","0.0","74.1","100.0","74.1","0.0","74.1","0.0","74.1","0.0","74.1","0.0","74.1","0.0","74.1","0.0","74.1","0.0","74.1","0.0","74.1","0.0","74.1","0.0","74.1","100.0","74.1","0","12","-","**","-","**","-","**","-","**","-","**","16","24","0.0","74.1","0.0","74.1","0.0","74.1","100.0","74.1","100.0","74.1","0.0","74.1","0.0","(X)","-","(X)","0.0","(X)","-","**","-","**","-","**","-","**","-","**","-","**","-","**","-","**","-","**","-","**","-","**","-","**","-","**","-","**","-","**","-","**","-","**","-","**","-","**","-","**","-","**","-","**","-","**","-","**","-","**","-","**","-","**","(X)","(X)","(X)","(X)","(X)","(X)"
"1400000US36005043600","Census Tract 436, Bronx County, New York","678","57","7.2","6.2","80.7","7.8","0.0","4.7","4.1","4.3","0.0","4.7","8.0","5.5","0.0","4.7","12.2","7.8","5.9","5.5","0.0","4.7","27.7","8.8","61.4","10.8","10.9","5.9","536","78","45.3","11.8","54.7","11.8","45.7","12.5","37.5","15.7","16.8","9.8","142","74","37.3","28.6","37.3","28.6","0.0","20.3","62.7","28.6","37.3","24.4","25.4","23.1","23.5","(X)","24.3","(X)","20.4","(X)","53750","10518","25774","17036","53359","10534","-","**","57917","20054","-","**","96471","13756","-","**","95404","84220","25714","14695","-","**","73438","92515","51000","12106","52885","24156","56912","9685","30924","22227","74531","20436","76094","31427","25893","14551","38333","41827","43676","32996","47650","45871","47650","45871","-","**","43456","51766","42574","61893","123125","112522","(X)","(X)","(X)","(X)","(X)","(X)"
"1400000US36005044200","Census Tract 442, Bronx County, New York","1235","89","10.4","4.9","79.9","7.9","0.6","1.0","0.0","2.6","0.0","2.6","9.1","5.8","0.0","2.6","14.6","7.1","5.5","3.8","0.5","0.8","40.3","8.9","38.6","9.2","20.6","7.0","823","127","45.0","11.5","55.0","11.5","33.5","10.3","52.5","11.2","14.0","7.4","412","128","41.7","16.6","35.2","17.6","6.6","10.0","58.3","16.6","50.0","18.9","8.3","10.9","34.5","(X)","35.7","(X)","29.6","(X)","40068","12365","35521","47416","46050","16439","-","**","-","**","-","**","30194","18316","-","**","31056","10027","8833","41987","-","**","31944","19481","42298","13863","32083","39891","47450","14236","33690","18830","66645","29585","76000","47596","45300","21641","41250","12963","20357","15725","13438","18845","11685","9315","-","**","27500","50834","20476","23047","-","**","(X)","(X)","(X)","(X)","(X)","(X)"
"1400000US36005044400","Census Tract 444, Bronx County, New York","1269","62","4.9","3.0","84.9","5.5","0.0","2.5","0.7","1.1","0.0","2.5","8.9","5.0","0.6","1.0","17.7","6.4","2.7","2.7","6.5","4.2","25.7","7.7","41.8","10.4","26.0","6.7","868","100","48.4","9.2","51.6","9.2","51.8","8.2","33.6","8.4","14.5","6.8","401","99","72.6","12.5","68.6","12.2","4.0","4.3","27.4","12.5","19.0","12.4","8.5","7.6","24.3","(X)","25.6","(X)","21.7","(X)","61526","13518","46071","34554","62371","18297","-","**","-","**","-","**","16417","103017","-","**","61296","35499","27000","30284","19357","12121","61296","13479","78561","9459","37222","21594","76094","17614","79741","15477","65000","22429","82750","13799","61389","16629","75313","31887","36406","23441","34531","23971","29531","21655","-","**","78056","86215","78148","74022","19808","117964","(X)","(X)","(X)","(X)","(X)","(X)"
"1400000US36005044800","Census Tract 448, Bronx County, New York","676","46","7.2","5.7","80.8","9.2","0.0","4.7","1.3","2.3","0.0","4.7","10.4","7.0","0.3","1.3","15.1","8.9","2.5","3.3","0.3","1.3","26.3","11.1","52.4","12.3","21.0","8.2","599","70","23.5","10.3","76.5","10.3","38.6","14.4","48.7","14.1","12.7","6.7","77","52","90.9","16.7","90.9","16.7","0.0","32.9","9.1","16.7","6.5","9.1","2.6","12.7","42.3","(X)","42.1","(X)","33.8","(X)","84875","17355","71563","212801","84125","15974","-","**","-","**","-","**","93276","82297","-","**","93276","56906","-","**","-","**","45962","30469","98523","42919","54688","43931","93257","10949","46394","28802","94677","9766","128835","38504","78929","25700","93103","34817","34570","10853","34297","6150","34297","6150","-","**","-","**","-","**","-","**","(X)","(X)","(X)","(X)","(X)","(X)"
"1400000US36005044901","Census Tract 449.01, Bronx County, New York","709","87","88.4","8.0","0.6","0.9","1.8","2.7","0.0","4.5","0.0","4.5","8.5","8.2","0.7","1.2","10.7","8.3","86.9","8.0","1.7","2.1","34.8","12.8","33.4","13.0","30.0","8.7","334","86","38.6","13.6","61.4","13.6","68.9","17.8","26.6","17.3","4.5","4.2","375","103","50.1","15.3","40.3","14.0","9.9","7.6","49.9","15.3","38.4","16.9","11.5","12.4","40.9","(X)","39.5","(X)","42.1","(X)","63750","13271","70859","30005","-","**","-","**","-","**","-","**","45917","15164","-","**","46167","17844","70781","29987","-","**","66103","41482","88906","27111","53750","30467","69773","49141","92542","58327","67841","41797","93750","8541","46292","13364","100750","52419","58563","19122","34896","22744","34653","16291","87969","114096","70078","36217","58125","18375","-","**","(X)","(X)","(X)","(X)","(X)","(X)"
"1400000US36005044902","Census Tract 449.02, Bronx County, New York","882","53","89.3","7.2","0.0","3.6","0.0","3.6","0.0","3.6","0.0","3.6","7.8","6.6","2.8","3.7","10.0","6.9","87.8","7.4","2.5","2.6","44.8","9.0","26.3","7.7","26.4","6.0","529","83","51.4","12.4","48.6","12.4","73.2","12.2","14.9","9.0","11.9","9.5","353","76","53.3","15.4","42.2","15.9","11.0","11.3","46.7","15.4","36.3","14.4","10.5","11.8","55.8","(X)","49.5","(X)","56.9","(X)","71154","30479","62222","29189","-","**","-","**","-","**","-","**","93750","68692","-","**","62143","76250","70385","33057","50909","30572","94583","19053","66250","52742","30718","5453","87161","17840","95000","38882","85605","35824","101083","29187","50179","30745","81417","40190","35057","10409","31855","16148","30282","7365","111328","43921","36932","19378","26875","27854","-","**","(X)","(X)","(X)","(X)","(X)","(X)"
"1400000US36005045101","Census Tract 451.01, Bronx County, New York","781","92","96.3","2.7","2.3","2.2","0.0","4.1","0.8","1.1","0.0","4.1","0.0","4.1","0.6","1.0","4.0","2.8","93.0","3.9","4.6","4.9","41.4","11.4","23.8","8.9","30.2","9.3","320","91","30.0","14.2","70.0","14.2","74.1","14.9","18.8","12.4","7.2","8.2","461","107","50.8","16.1","44.3","17.4","6.5","7.1","49.2","16.1","33.6","13.6","15.6","12.6","34.3","(X)","50.0","(X)","23.4","(X)","69861","21807","69167","22450","76250","6805","-","**","-","**","-","**","-","**","-","**","27361","53480","72813","25856","92955","49640","61484","27467","75781","23900","51563","40937","94444","19670","75469","35488","96667","6875","95481","14190","56310","8291","-","**","58658","10869","46667","36034","32353","43117","140625","69491","74414","10101","67917","44237","78250","14650","(X)","(X)","(X)","(X)","(X)","(X)"
"1400000US36005045102","Census Tract 451.02, Bronx County, New York","864","72","87.7","6.6","1.4","1.4","0.0","3.7","2.0","2.3","0.0","3.7","7.3","5.8","1.6","2.6","14.0","7.2","82.6","7.4","1.6","2.3","45.5","10.0","29.4","8.7","23.5","7.9","348","76","53.2","10.3","46.8","10.3","86.5","8.9","9.8","8.2","3.7","3.7","516","100","37.2","12.0","31.0","10.8","6.2","6.5","62.8","12.0","54.3","13.6","8.5","9.2","37.3","(X)","35.1","(X)","38.8","(X)","72569","36573","73889","25743","81250","91401","-","**","-","**","-","**","52902","24371","-","**","54955","14329","74167","21516","-","**","76563","20640","80500","49038","52644","12056","101000","29028","107697","76133","100250","25053","108224","26688","39412","42270","87188","221632","54471","9989","37396","101040","36346","77675","128095","120780","54647","9912","54000","1595","-","**","(X)","(X)","(X)","(X)","(X)","(X)"
"1400000US36005045600","Census Tract 456, Bronx County, New York","1000","88","23.1","7.1","49.3","8.1","3.3","3.8","0.0","3.2","0.0","3.2","21.3","9.7","3.0","4.3","26.8","10.0","17.3","6.0","1.6","2.7","22.0","7.6","57.1","10.5","19.3","7.2","736","105","40.4","11.5","59.6","11.5","65.6","11.5","25.7","10.8","8.7","7.0","264","99","59.5","19.4","55.3","19.5","4.2","6.2","40.5","19.4","30.7","17.2","9.8","9.0","34.6","(X)","37.2","(X)","27.3","(X)","65500","16308","70757","15440","74213","33566","-","**","-","**","-","**","40450","47361","-","**","50521","42116","71414","34071","-","**","93250","96463","67125","14097","29821","43314","75625","34655","64402","60908","95099","45469","97026","36795","42350","56765","72381","82975","51458","37468","57554","94648","18750","76225","-","**","51406","18635","50052","45675","-","**","(X)","(X)","(X)","(X)","(X)","(X)"
"1400000US36005045800","Census Tract 458, Bronx County, New York","1963","100","16.3","6.9","46.1","8.3","1.0","1.7","0.0","1.6","0.8","1.3","32.7","7.3","3.2","2.2","52.6","8.3","2.1","1.8","2.9","3.2","34.2","9.1","42.2","8.7","20.7","6.6","1497","149","56.7","8.5","43.3","8.5","19.2","7.3","74.4","8.4","6.4","5.1","466","152","73.8","19.6","73.0","19.4","0.9","2.1","26.2","19.6","20.2","18.4","6.0","9.9","27.4","(X)","26.9","(X)","26.4","(X)","20691","3097","25330","12710","21420","4976","-","**","-","**","-","**","18425","4828","19688","8408","20300","5288","8676","4725","-","**","19350","5069","23348","7769","19254","7679","22515","4188","19935","4017","35025","7791","35469","10039","20860","3797","24167","32700","9970","8380","9516","4288","9477","3876","-","**","25667","26143","12045","28122","-","**","(X)","(X)","(X)","(X)","(X)","(X)"
"1400000US36005046000","Census Tract 460, Bronx County, New York","909","67","4.1","2.9","86.7","6.3","0.0","3.5","0.4","0.6","0.0","3.5","8.8","6.2","0.0","3.5","19.5","7.4","1.4","1.7","5.3","6.1","31.6","9.4","47.7","12.0","15.4","8.0","629","105","52.1","15.5","47.9","15.5","21.6","11.4","62.5","13.1","15.9","10.7","280","93","37.1","18.7","31.8","17.8","5.4","8.4","62.9","18.7","59.3","18.6","3.6","6.2","31.8","(X)","28.8","(X)","38.6","(X)","39448","5486","13438","18109","45040","11050","-","**","-","**","-","**","22500","43350","-","**","14063","20020","-","**","-","**","53068","27603","37903","5523","31833","31214","42125","7125","39250","6894","68472","49005","43889","69449","39602","6475","46630","81069","26964","23891","13846","2440","13885","10991","-","**","32143","50881","30357","47160","-","**","(X)","(X)","(X)","(X)","(X)","(X)"
"1400000US36005046201","Census Tract 462.01, Bronx County, New York","12091","280","23.9","3.2","59.9","4.1","0.1","0.2","1.8","0.9","0.0","0.3","11.9","3.6","2.4","1.5","28.3","4.0","12.6","2.1","0.3","0.5","16.3","3.4","48.0","4.7","35.4","4.0","6413","527","33.8","6.7","66.2","6.7","51.8","7.7","39.7","7.8","8.5","3.8","5678","561","63.0","7.8","60.8","7.8","2.2","2.3","37.0","7.8","34.7","7.5","2.4","2.1","35.3","(X)","40.0","(X)","30.1","(X)","43495","4644","38314","10837","45321","7124","-","**","17458","67857","-","**","36406","12180","46694","60732","47711","12868","35896","4533","-","**","56703","4455","51799","7592","26648","5363","57969","8809","49710","14824","64734","11923","80799","15482","48803","10686","51250","34468","32864","2796","34261","3955","34782","3477","23199","31633","31575","1976","31134","2081","101319","40917","(X)","(X)","(X)","(X)","(X)","(X)"
"1400000US36005046202","Census Tract 462.02, Bronx County, New York","2416","132","3.1","2.6","73.3","6.0","0.0","1.3","3.0","2.7","0.0","1.3","17.2","5.9","3.3","2.4","25.5","6.7","1.2","1.5","2.0","2.3","39.9","7.4","38.2","7.2","19.9","5.5","1740","192","60.9","8.4","39.1","8.4","29.7","9.3","54.4","10.0","15.9","7.6","676","185","39.3","15.3","32.7","13.6","6.7","8.4","60.7","15.3","60.7","15.3","0.0","4.7","44.1","(X)","49.9","(X)","29.0","(X)","32461","9921","41429","174728","35865","12459","-","**","43654","67001","-","**","17283","26015","49464","265447","23696","12260","-","**","-","**","40028","12389","39009","18957","24831","9260","42102","16991","42330","24598","38947","29669","99519","48948","35865","10381","53542","69705","18205","4995","20781","3350","21224","2658","-","**","16765","7649","16765","7649","-","**","(X)","(X)","(X)","(X)","(X)","(X)"
"1400000US36005048400","Census Tract 484, Bronx County, New York","1124","85","8.1","3.7","85.1","5.7","0.0","2.8","0.0","2.8","0.0","2.8","6.8","5.2","0.0","2.8","15.2","5.9","3.5","2.7","3.2","3.7","24.1","8.5","58.8","10.0","13.9","5.7","771","133","44.1","12.4","55.9","12.4","53.0","11.2","39.9","12.1","7.0","7.0","353","109","45.6","18.2","28.0","15.8","17.6","14.4","54.4","18.2","48.2","18.7","6.2","9.7","25.4","(X)","26.7","(X)","16.4","(X)","68370","10761","41094","27168","69511","12016","-","**","-","**","-","**","71739","71069","-","**","70815","45720","36250","31837","-","**","71033","48572","73669","8276","36500","21536","76250","8738","79896","14217","74073","9821","92708","12287","62100","11420","91250","26850","37917","19243","33563","14017","33313","21878","40625","60507","45500","26639","46875","12073","-","**","(X)","(X)","(X)","(X)","(X)","(X)"
"1400000US36005050400","Census Tract 504, Bronx County, New York","10","12","30.0","53.7","70.0","53.7","0.0","93.8","0.0","93.8","0.0","93.8","0.0","93.8","0.0","93.8","0.0","93.8","30.0","53.7","30.0","53.7","0.0","93.8","0.0","93.8","70.0","53.7","10","12","0.0","93.8","100.0","93.8","0.0","93.8","30.0","53.7","70.0","53.7","0","12","-","**","-","**","-","**","-","**","-","**","-","**","70.0","(X)","70.0","(X)","-","(X)","-","**","-","**","-","**","-","**","-","**","-","**","-","**","-","**","-","**","-","**","-","**","-","**","-","**","-","**","-","**","-","**","-","**","-","**","-","**","-","**","-","**","-","**","-","**","-","**","-","**","-","**","-","**","(X)","(X)","(X)","(X)","(X)","(X)"
"1400000US36005051600","Census Tract 516, Bronx County, New York","1997","142","88.5","5.9","0.8","1.3","0.0","1.6","0.0","1.6","0.0","1.6","10.7","5.7","0.0","1.6","14.7","6.0","84.5","6.0","2.4","3.2","21.0","6.0","47.1","7.3","29.5","6.0","1011","200","37.2","13.5","62.8","13.5","69.7","11.8","23.3","10.5","6.9","7.4","986","185","71.0","12.2","64.8","13.6","6.2","5.5","29.0","12.2","25.8","11.9","3.2","3.3","26.3","(X)","28.9","(X)","23.6","(X)","70027","10369","69306","13760","-","**","-","**","-","**","-","**","73882","42942","-","**","73421","24453","69694","15243","-","**","115486","50958","81442","15489","35982","21523","99083","30640","105119","19372","71250","23783","107375","26815","74671","40399","68056","22685","28500","23146","22472","13560","21605","7003","150189","167820","42426","26107","41250","19031","-","**","(X)","(X)","(X)","(X)","(X)","(X)"
"1400000US36047056400","Census Tract 564, Kings County, New York","989","73","88.8","4.6","1.4","1.6","0.0","3.2","7.6","4.2","0.0","3.2","0.0","3.2","2.2","2.6","6.1","3.8","83.6","5.7","0.0","3.2","27.6","8.1","44.6","7.8","27.8","6.0","691","81","41.5","7.8","58.5","7.8","86.4","7.6","8.1","4.8","5.5","6.4","298","80","49.7","14.3","46.6","13.8","3.0","3.9","50.3","14.3","47.0","15.4","3.4","4.4","44.1","(X)","52.5","(X)","24.5","(X)","67344","8570","66979","7791","-","**","-","**","59542","71511","-","**","-","**","-","**","51471","80673","68042","8040","-","**","90469","55078","83375","32159","33750","7495","83977","27585","119135","34835","70870","17905","78393","41610","55000","58751","100673","12007","44773","28373","32059","4316","32132","4290","-","**","58750","4414","58688","5436","-","**","(X)","(X)","(X)","(X)","(X)","(X)"
"1400000US36047056500","Census Tract 565, Kings County, New York","1586","130","85.3","6.0","1.5","2.5","2.6","2.6","4.4","3.8","0.0","2.0","4.3","3.4","2.0","1.8","10.5","4.5","80.2","6.6","9.1","5.6","55.8","7.6","23.3","5.4","11.8","4.4","582","129","32.0","9.3","68.0","9.3","70.6","12.7","21.3","11.7","8.1","6.6","1004","156","46.6","10.9","29.7","8.5","16.9","8.6","53.4","10.9","33.9","9.8","19.5","7.8","45.8","(X)","49.0","(X)","43.9","(X)","69250","17481","73567","19172","-","**","64338","70959","63105","2166","-","**","82946","60875","50625","68599","64706","33328","73841","19935","80677","34870","85043","10462","50450","14112","27458","17707","103387","25132","115278","48834","91591","19855","116806","38386","30278","19277","80052","75999","62244","10733","53036","17715","38190","14030","83438","16737","65288","13229","55682","16852","127813","83862","(X)","(X)","(X)","(X)","(X)","(X)"
"1400000US36047056600","Census Tract 566, Kings County, New York","1082","35","72.7","7.6","2.5","1.9","0.0","3.0","19.3","5.9","0.0","3.0","5.5","5.5","0.0","3.0","10.4","7.9","66.7","8.9","0.6","0.8","30.6","8.8","42.7","9.9","26.2","8.9","685","103","39.3","8.5","60.7","8.5","90.9","5.5","7.2","5.2","1.9","2.0","397","100","60.7","18.2","59.2","18.0","1.5","2.3","39.3","18.2","39.3","18.2","0.0","7.9","42.3","(X)","48.3","(X)","32.0","(X)","55909","12133","47917","16609","34821","134511","-","**","85208","45535","-","**","57169","60574","-","**","55881","46227","49333","19452","-","**","98831","48862","60694","13464","26172","13396","98589","16404","141008","31559","60000","37292","99476","15212","69205","25371","-","**","22111","8824","22063","10631","21688","9176","-","**","22134","53273","22134","53273","-","**","(X)","(X)","(X)","(X)","(X)","(X)"
"1400000US36047056800","Census Tract 568, Kings County, New York","545","42","87.7","5.9","0.0","5.8","0.0","5.8","12.3","5.9","0.0","5.8","0.0","5.8","0.0","5.8","0.7","1.8","87.0","6.1","0.0","5.8","36.9","14.0","47.2","10.6","16.0","9.4","352","64","46.3","13.5","53.7","13.5","76.4","15.5","8.5","9.1","15.1","13.8","193","58","66.8","20.6","66.8","20.6","0.0","15.4","33.2","20.6","31.1","20.4","2.1","3.5","50.1","(X)","43.5","(X)","62.2","(X)","80026","12346","78750","16808","-","**","-","**","80250","48008","-","**","-","**","-","**","-","**","75000","17759","-","**","81831","34359","80750","35324","47578","66264","88750","38495","106397","18028","73990","22984","108083","8971","59286","61434","34938","83877","51719","51910","45469","80096","45469","80096","-","**","53929","67833","53214","59065","-","**","(X)","(X)","(X)","(X)","(X)","(X)"
"1400000US36047056900","Census Tract 569, Kings County, New York","669","63","91.8","4.8","0.0","4.7","0.0","4.7","6.4","4.5","0.0","4.7","0.0","4.7","1.8","1.5","10.2","8.7","81.6","9.6","4.9","4.2","59.0","10.2","27.5","9.5","8.5","4.5","239","75","33.1","15.9","66.9","15.9","69.5","17.9","11.7","8.9","18.8","14.9","430","75","51.2","10.8","22.6","9.2","28.6","9.5","48.8","10.8","37.0","11.2","11.9","7.4","39.6","(X)","56.1","(X)","30.5","(X)","90387","11181","86765","14757","-","**","-","**","133438","29175","-","**","-","**","-","**","85417","59113","88750","14632","91563","27978","86705","24977","91458","9775","36719","35778","86875","26285","102019","19044","78636","32037","94483","10453","54000","24070","44844","117275","83611","19359","88750","22850","82917","25193","113355","35938","66875","30448","45250","22450","119792","48626","(X)","(X)","(X)","(X)","(X)","(X)"
"1400000US36047057000","Census Tract 570, Kings County, New York","1395","75","76.1","5.4","2.5","2.9","0.0","2.3","17.8","4.6","0.0","2.3","3.5","2.7","0.0","2.3","4.1","2.7","74.6","5.6","1.1","1.2","25.4","4.9","42.8","6.1","30.7","4.9","905","88","28.0","7.8","72.0","7.8","83.1","7.9","11.6","5.9","5.3","4.9","490","86","51.8","13.0","48.2","13.2","3.7","4.0","48.2","13.0","40.0","11.9","8.2","6.0","38.4","(X)","45.3","(X)","25.7","(X)","60958","8799","64625","8782","-","**","-","**","56063","12629","-","**","55804","43214","-","**","75417","73672","64000","8732","-","**","75625","19210","64688","17534","47500","15592","69858","10139","76480","22821","67105","9830","71154","10200","108472","45426","47400","1591","46364","8560","30893","17554","29474","14052","-","**","69063","29608","55789","17527","122969","26642","(X)","(X)","(X)","(X)","(X)","(X)"
"1400000US36047057100","Census Tract 571, Kings County, New York","1953","143","96.6","2.6","0.8","1.3","0.0","1.6","1.3","2.0","0.0","1.6","0.0","1.6","1.3","1.7","3.9","3.8","93.5","4.4","6.1","4.5","50.5","8.7","31.3","7.9","12.0","5.0","836","145","31.5","12.4","68.5","12.4","78.3","10.1","9.9","8.0","11.7","9.5","1117","192","58.8","10.3","37.9","11.2","20.9","9.8","41.2","10.3","28.1","9.5","13.1","7.9","44.2","(X)","47.1","(X)","42.0","(X)","72592","20175","72923","18590","-","**","-","**","-","**","-","**","-","**","-","**","91190","42732","72344","21470","44948","56021","76640","9894","61714","40352","24327","20470","77241","18343","72618","13151","86056","7923","76336","17648","52981","116752","195750","126176","49522","26325","44673","14666","30885","15616","77353","45856","61500","28820","41111","30480","87143","126571","(X)","(X)","(X)","(X)","(X)","(X)"
"1400000US36047057200","Census Tract 572, Kings County, New York","2138","100","39.2","8.6","53.3","7.7","0.4","0.9","2.9","2.6","0.0","1.5","4.3","4.0","0.0","1.5","22.9","6.2","23.9","8.5","0.5","1.0","28.1","8.6","45.1","7.3","26.3","6.4","1284","178","50.9","9.1","49.1","9.1","20.2","7.1","66.4","8.8","13.3","9.1","854","161","62.2","13.6","60.5","13.7","1.6","2.7","37.8","13.6","37.8","13.6","0.0","3.7","48.6","(X)","55.9","(X)","37.6","(X)","13111","4108","11809","3989","18193","9481","-","**","10809","13799","-","**","7118","36842","-","**","11972","23076","13008","3494","-","**","18707","10114","11954","8885","12500","2927","19347","6312","9831","16895","21986","4067","21700","6233","18162","14543","18682","18091","11003","1483","10945","1483","11087","1458","-","**","11123","3268","11123","3268","-","**","(X)","(X)","(X)","(X)","(X)","(X)"
"1400000US36047057300","Census Tract 573, Kings County, New York","1090","95","88.9","7.0","2.6","4.0","0.0","2.9","4.8","4.8","0.0","2.9","1.8","2.0","1.9","3.0","6.0","4.6","84.8","6.9","3.0","3.6","53.4","8.4","30.1","7.9","13.5","5.8","479","104","25.7","11.3","74.3","11.3","62.8","14.7","30.3","13.4","6.9","6.6","611","118","49.1","10.6","33.2","10.9","15.9","9.1","50.9","10.6","33.1","9.4","17.8","9.6","50.8","(X)","46.1","(X)","54.5","(X)","59519","12729","58221","14398","-","**","-","**","52381","176723","-","**","-","**","-","**","50365","15298","59231","15606","-","**","71216","10823","72656","49424","21445","7937","70893","20720","68625","37233","73125","28952","84006","11875","57656","43067","35074","38917","52003","7963","50809","20571","33583","25085","78646","47035","56250","29686","51458","16237","74141","18714","(X)","(X)","(X)","(X)","(X)","(X)"
"1400000US36047057400","Census Tract 574, Kings County, New York","996","65","67.8","7.9","0.6","0.9","0.0","3.2","29.5","8.2","0.0","3.2","2.1","3.3","0.0","3.2","3.9","4.4","66.0","8.4","0.6","0.9","32.7","8.7","48.9","9.1","17.8","5.3","805","95","31.8","9.5","68.2","9.5","82.0","8.3","12.9","7.4","5.1","4.2","191","80","73.3","19.1","68.6","19.6","4.7","5.4","26.7","19.1","24.6","19.0","2.1","3.5","54.4","(X)","58.5","(X)","37.2","(X)","97765","13855","98326","11144","-","**","-","**","97857","40148","-","**","-","**","-","**","-","**","98708","11967","-","**","112404","17263","97906","13559","29750","30215","98504","10966","110481","21559","89013","14082","105769","14739","67019","37489","89653","79072","63309","62439","63676","68336","63603","79541","-","**","51250","162369","52250","177683","-","**","(X)","(X)","(X)","(X)","(X)","(X)"
"1400000US36047057500","Census Tract 575, Kings County, New York","1815","213","79.4","8.4","0.0","1.8","0.0","1.8","8.3","4.5","0.0","1.8","9.9","5.4","2.4","3.1","14.2","6.1","75.2","8.9","2.9","3.5","48.5","10.1","36.4","11.5","12.1","6.0","716","208","53.2","16.6","46.8","16.6","67.9","14.7","24.6","13.7","7.5","8.9","1099","221","54.3","12.8","36.1","13.6","18.2","9.0","45.7","12.8","33.5","11.7","12.2","9.2","33.9","(X)","40.2","(X)","29.8","(X)","56109","10968","57218","8576","-","**","-","**","33936","54858","-","**","19090","69240","-","**","63413","91977","55645","8757","-","**","75977","10167","34920","27136","33438","70243","51143","22561","40039","17802","62179","32893","56008","7704","34688","43299","-","**","60071","18464","70491","15224","62461","14741","100250","36302","42361","31996","25811","11282","93750","43696","(X)","(X)","(X)","(X)","(X)","(X)"
"1400000US36047057600","Census Tract 576, Kings County, New York","1060","58","64.7","6.8","1.7","2.5","0.0","3.0","29.2","5.7","0.0","3.0","0.0","3.0","4.4","4.4","0.0","3.0","64.7","6.8","0.9","1.5","34.1","7.5","49.2","8.5","15.8","5.6","805","95","39.5","9.7","60.5","9.7","76.5","10.0","16.9","9.2","6.6","5.8","255","83","68.2","15.4","62.7","16.1","5.5","7.2","31.8","15.4","29.4","15.5","2.4","3.9","45.8","(X)","48.2","(X)","36.5","(X)","60581","6660","61418","6817","-","**","-","**","55114","11082","-","**","-","**","32176","44936","-","**","61418","6817","-","**","61162","3129","60893","14975","50074","32198","61991","12768","53026","9692","75240","12149","62404","16477","102917","107650","61078","19049","38125","32277","28594","47323","29688","58548","-","**","47250","24660","50208","40211","-","**","(X)","(X)","(X)","(X)","(X)","(X)"
"1400000US36047057800","Census Tract 578, Kings County, New York","1118","59","68.9","6.3","3.1","3.6","0.0","2.9","28.0","5.8","0.0","2.9","0.0","2.9","0.0","2.9","4.3","4.7","64.6","8.1","3.8","2.8","31.0","8.2","46.9","9.2","18.3","6.3","840","89","44.8","9.5","55.2","9.5","66.1","9.2","22.5","7.4","11.4","6.9","278","80","57.2","18.5","52.5","18.8","4.7","7.2","42.8","18.5","42.8","18.5","0.0","11.0","48.5","(X)","51.1","(X)","40.6","(X)","55549","13547","56694","18505","-","**","-","**","56375","25407","-","**","-","**","-","**","-","**","56452","20148","38462","54537","74896","19482","54063","16439","16838","11629","67857","17350","68571","18560","67000","31989","83542","11058","29010","14926","86818","67227","24583","26000","20380","8041","17059","7375","-","**","56008","23303","56008","23303","-","**","(X)","(X)","(X)","(X)","(X)","(X)"
"1400000US36047057900","Census Tract 579, Kings County, New York","440","62","88.2","7.0","0.0","7.1","0.0","7.1","3.9","4.0","0.0","7.1","6.8","5.6","1.1","1.6","31.6","12.1","64.5","12.6","5.9","7.1","49.3","13.0","36.8","13.9","8.0","5.6","168","61","29.8","20.5","70.2","20.5","52.4","23.8","22.6","18.7","25.0","23.8","272","69","45.6","17.7","32.0","14.9","13.6","10.1","54.4","17.7","48.5","18.0","5.9","6.2","36.4","(X)","59.5","(X)","22.1","(X)","56964","23336","47188","23581","-","**","-","**","-","**","-","**","119063","38640","-","**","43950","21150","57321","24924","-","**","61719","20101","43000","70572","13750","8816","65556","48704","71250","91368","65556","48439","101029","34267","42625","34559","66389","48870","56607","24230","60313","55079","19583","43812","88977","33772","56429","21122","51250","21932","-","**","(X)","(X)","(X)","(X)","(X)","(X)"
"1400000US36047058000","Census Tract 580, Kings County, New York","1248","58","64.7","7.9","1.0","1.8","0.0","2.6","33.0","8.2","0.0","2.6","0.0","2.6","1.3","1.9","10.3","6.4","54.3","8.0","0.0","2.6","31.5","7.1","43.2","7.6","25.3","5.6","852","98","51.6","10.6","48.4","10.6","76.8","10.1","19.7","9.6","3.5","3.0","396","95","71.0","13.9","61.1","16.3","9.8","8.9","29.0","13.9","18.4","10.4","10.6","11.1","36.9","(X)","38.5","(X)","33.6","(X)","36944","11444","34875","9987","-","**","-","**","40978","25643","-","**","-","**","-","**","60625","44952","31552","8674","-","**","39028","7706","45313","15639","14375","1455","42065","9701","59688","23291","27358","15955","42065","14324","43095","23291","38611","87071","21548","17057","14316","10196","13396","2822","41250","12241","58917","48487","34125","40938","-","**","(X)","(X)","(X)","(X)","(X)","(X)"
"1400000US36047058200","Census Tract 582, Kings County, New York","996","74","66.6","8.3","0.0","3.2","0.0","3.2","31.2","8.5","0.0","3.2","0.0","3.2","2.2","3.5","9.4","6.7","57.1","9.0","2.6","2.9","40.7","10.5","29.6","9.3","27.1","9.1","682","116","53.4","10.6","46.6","10.6","90.0","5.6","4.3","3.5","5.7","4.5","314","110","53.8","17.2","42.0","17.6","11.8","13.6","46.2","17.2","43.0","17.5","3.2","4.8","38.2","(X)","36.4","(X)","42.0","(X)","35500","8177","32096","10962","-","**","-","**","38977","8962","-","**","-","**","-","**","48333","59147","31360","9071","-","**","50417","21120","42708","39717","11563","6814","41959","11436","42241","14401","40938","35639","41284","11326","75417","27078","31750","125036","9846","6741","11953","27596","9348","5409","-","**","9018","8742","8720","6241","-","**","(X)","(X)","(X)","(X)","(X)","(X)"
"1400000US36047058400","Census Tract 584, Kings County, New York","1456","82","86.3","5.6","3.1","3.4","0.0","2.2","9.8","4.7","0.0","2.2","0.0","2.2","0.9","1.4","0.7","1.1","85.6","5.6","1.0","1.4","33.9","8.8","46.2","7.4","19.0","5.5","870","99","43.6","11.4","56.4","11.4","68.3","11.4","19.5","8.6","12.2","10.4","586","101","38.4","14.3","31.6","13.4","6.8","7.9","61.6","14.3","49.8","13.2","11.8","11.4","47.2","(X)","55.2","(X)","34.0","(X)","55441","11476","53500","14738","57009","35327","-","**","67778","70205","-","**","-","**","-","**","-","**","53083","14076","-","**","58611","24953","64207","17901","20250","13478","67727","12573","50438","31202","71726","18115","68523","19585","64573","18560","73750","72843","41029","17070","40368","34792","21917","25217","-","**","45469","22342","30833","16840","90542","60627","(X)","(X)","(X)","(X)","(X)","(X)"
"1400000US36047058600","Census Tract 586, Kings County, New York","826","62","44.7","7.5","4.5","3.1","0.0","3.9","48.9","8.2","0.0","3.9","1.9","3.2","0.0","3.9","11.4","6.4","35.6","7.1","3.1","3.2","36.6","9.1","28.9","8.5","31.4","8.3","630","78","44.9","10.3","55.1","10.3","70.0","9.9","20.5","7.5","9.5","7.1","196","63","55.1","17.2","51.0","18.2","4.1","5.9","44.9","17.2","36.2","16.8","8.7","7.9","51.9","(X)","56.2","(X)","38.3","(X)","53148","15494","49519","17445","40125","9579","-","**","63529","25089","-","**","-","**","-","**","43125","50172","48846","23095","40750","36755","75714","15283","63750","19750","30375","14594","66111","22890","66806","19563","56607","42630","72574","21825","54205","74018","19844","160174","30833","12105","31250","15598","29773","17741","-","**","30417","27130","24375","25556","93750","141112","(X)","(X)","(X)","(X)","(X)","(X)"
"1400000US36047058800","Census Tract 588, Kings County, New York","1367","78","80.1","6.4","4.0","2.7","0.0","2.3","11.0","4.9","0.0","2.3","2.0","3.3","2.9","3.6","7.7","5.7","75.2","7.9","1.9","2.3","32.7","9.5","41.3","9.6","24.1","6.6","901","118","37.8","9.1","62.2","9.1","68.8","11.8","12.5","6.4","18.6","11.4","466","107","60.7","14.7","60.7","14.7","0.0","6.7","39.3","14.7","28.1","12.3","11.2","10.8","41.1","(X)","38.5","(X)","46.1","(X)","56875","17117","61607","14129","22228","120619","-","**","68636","44978","-","**","-","**","-","**","75884","45808","56250","15780","-","**","66771","22479","71875","15477","20585","3468","70750","13492","52292","52640","71705","13602","72071","20792","44883","18746","75938","24608","31127","7420","36875","27567","36875","27567","-","**","30907","3367","27917","23340","32321","130618","(X)","(X)","(X)","(X)","(X)","(X)"
"1400000US36047058900","Census Tract 589, Kings County, New York","785","60","87.1","6.4","0.0","4.1","0.0","4.1","8.9","5.4","0.0","4.1","3.1","3.5","0.9","1.5","4.3","4.3","84.8","7.0","9.8","7.6","41.1","8.8","36.9","8.6","12.1","5.8","471","86","28.9","8.7","71.1","8.7","87.9","8.0","10.6","7.5","1.5","2.2","314","89","60.2","16.1","36.0","14.9","24.2","15.1","39.8","16.1","21.3","13.0","18.5","11.3","45.0","(X)","35.7","(X)","48.4","(X)","88672","8949","88438","11870","-","**","-","**","155833","127237","-","**","13906","72705","-","**","95139","177147","84732","12960","45083","49107","96343","17271","91630","14408","18906","34499","91336","19480","90909","23643","91597","24594","91207","19091","107813","55767","-","**","54333","29806","30685","19275","25547","16453","62500","106519","78482","18609","53523","20711","95556","63939","(X)","(X)","(X)","(X)","(X)","(X)"
"1400000US36047059000","Census Tract 590, Kings County, New York","664","51","41.9","10.3","10.4","6.3","0.0","4.8","45.3","10.1","0.0","4.8","2.4","3.8","0.0","4.8","4.1","4.7","40.2","10.2","3.3","3.7","30.6","10.1","54.1","10.7","12.0","6.0","473","73","40.2","11.0","59.8","11.0","78.4","10.6","18.4","10.2","3.2","3.7","191","60","47.6","20.6","33.5","19.1","14.1","12.2","52.4","20.6","38.2","20.9","14.1","13.7","50.0","(X)","59.8","(X)","22.5","(X)","51429","17566","58750","31049","25313","98636","-","**","52875","29426","-","**","-","**","-","**","40859","36035","63194","33513","-","**","75129","16932","54375","24878","20000","13717","69063","29588","49091","23834","75885","37888","72989","46790","61563","61588","-","**","42540","19454","31544","9650","24167","29883","35375","29201","44348","20744","43315","40033","142589","169400","(X)","(X)","(X)","(X)","(X)","(X)"
"1400000US36047059100","Census Tract 591, Kings County, New York","1810","105","92.9","4.9","0.0","1.8","0.0","1.8","1.5","1.7","0.0","1.8","1.4","2.1","4.2","4.1","10.1","5.4","86.7","5.7","4.3","3.3","54.0","6.8","27.2","5.9","14.5","4.2","750","138","30.5","9.5","69.5","9.5","74.0","11.8","20.0","11.2","6.0","4.7","1060","132","51.0","9.9","33.6","9.5","17.5","6.8","49.0","9.9","33.2","9.5","15.8","7.3","50.1","(X)","45.9","(X)","52.0","(X)","62986","7323","60179","7265","-","**","-","**","-","**","-","**","-","**","125909","8309","76917","75471","60791","6991","31761","9550","87096","14978","47222","12424","20574","5220","85526","31897","85625","46692","85417","42281","95875","15739","30938","6552","112986","111556","56989","9422","40733","20945","22803","6916","84844","47942","65430","13074","59286","12719","76098","31143","(X)","(X)","(X)","(X)","(X)","(X)"
"1400000US36047059200","Census Tract 592, Kings County, New York","1634","64","78.0","6.3","1.8","2.8","0.0","2.0","19.8","5.0","0.0","2.0","0.0","2.0","0.4","0.6","3.4","3.1","74.7","7.1","0.0","2.0","32.7","5.9","34.9","5.8","32.3","5.4","1084","128","38.2","7.5","61.8","7.5","75.4","7.1","14.1","4.6","10.5","6.4","550","111","62.5","12.9","57.6","13.1","4.9","5.8","37.5","12.9","32.9","12.5","4.5","6.8","46.3","(X)","49.4","(X)","40.2","(X)","51214","10675","43669","10807","-","**","-","**","79213","14324","-","**","-","**","-","**","14567","25293","47576","11474","-","**","70888","19972","67083","16207","16444","10114","73000","16647","88641","13444","58611","18428","78657","15284","47969","100843","51083","23476","30481","25132","13750","6590","12813","4778","-","**","52917","34894","34632","32077","-","**","(X)","(X)","(X)","(X)","(X)","(X)"
"1400000US36047059300","Census Tract 593, Kings County, New York","770","91","89.5","5.7","0.0","4.1","0.4","0.9","2.7","2.9","0.0","4.1","7.4","5.4","0.0","4.1","16.5","7.3","80.8","7.7","3.6","3.1","57.3","8.6","22.3","7.3","16.8","7.2","373","96","29.8","14.1","70.2","14.1","77.5","11.8","14.2","10.1","8.3","7.5","397","105","60.5","13.0","31.5","13.7","29.0","14.3","39.5","13.0","19.6","11.6","19.9","10.4","35.3","(X)","23.9","(X)","46.1","(X)","60846","4848","62311","10730","-","**","-","**","31607","44042","-","**","51838","38743","-","**","51063","51358","62800","11311","60313","77517","73125","20830","61210","7933","17264","2382","64792","24746","120592","75116","61771","21245","77802","22927","54583","66684","31042","35347","58371","14492","58561","20182","19050","20452","63750","37250","54479","28313","32054","39191","64732","21383","(X)","(X)","(X)","(X)","(X)","(X)"
"1400000US36047059401","Census Tract 594.01, Kings County, New York","2947","163","78.1","5.2","0.0","1.1","1.0","1.5","20.3","5.3","0.0","1.1","0.6","1.1","0.0","1.1","1.2","1.4","77.5","5.3","4.5","3.8","26.5","6.4","44.9","7.0","24.1","5.3","1932","222","45.0","8.9","55.0","8.9","77.2","8.0","19.3","7.7","3.6","3.6","1015","219","52.3","13.9","52.3","13.9","0.0","3.1","47.7","13.9","47.7","13.9","0.0","3.1","41.7","(X)","42.5","(X)","40.1","(X)","54680","14944","49905","12095","-","**","-","**","91161","30768","-","**","-","**","-","**","-","**","50393","12059","15641","23689","85918","35895","70716","6416","20865","14006","67112","9628","73708","54259","65540","6158","83819","30411","36731","22455","63125","20777","40320","27955","41424","21169","41424","21169","-","**","14483","74209","14483","74209","-","**","(X)","(X)","(X)","(X)","(X)","(X)"
"1400000US36047059402","Census Tract 594.02, Kings County, New York","1926","138","85.4","4.6","1.2","1.8","0.0","1.7","12.5","4.3","0.9","1.4","0.0","1.7","0.0","1.7","3.7","2.6","82.9","4.7","0.0","1.7","23.0","7.1","47.9","7.2","29.1","6.9","1283","167","30.9","9.7","69.1","9.7","80.6","6.5","12.5","6.1","6.9","5.3","643","146","59.9","14.9","59.9","14.9","0.0","4.9","40.1","14.9","35.6","15.5","4.5","4.7","36.3","(X)","38.2","(X)","32.5","(X)","82727","15137","83580","14578","-","**","-","**","61094","89011","-","**","-","**","-","**","31563","97928","83494","14418","-","**","76378","28377","100188","19654","36111","9329","108139","10684","120139","36516","104271","15646","115893","11776","83333","86826","50337","37061","32349","25740","28906","6065","28906","6065","-","**","61719","23240","61641","22329","-","**","(X)","(X)","(X)","(X)","(X)","(X)"
"1400000US36047059600","Census Tract 596, Kings County, New York","1094","57","97.2","2.4","1.1","1.7","0.0","2.9","1.7","1.8","0.0","2.9","0.0","2.9","0.0","2.9","1.1","1.8","96.1","3.0","0.0","2.9","21.6","9.2","36.7","12.0","41.7","8.1","716","80","32.8","14.2","67.2","14.2","73.9","15.2","23.6","15.1","2.5","2.7","378","80","70.9","14.3","61.9","15.2","9.0","7.3","29.1","14.3","29.1","14.3","0.0","8.2","41.7","(X)","39.4","(X)","46.0","(X)","60455","27099","60189","28125","-","**","-","**","-","**","-","**","-","**","-","**","-","**","60644","26168","-","**","80900","50722","65957","2210","23859","3433","65793","6599","81950","83644","65325","4377","71250","19943","36313","7827","-","**","22232","10086","21518","6158","20804","4072","49500","30025","67574","99853","67574","99853","-","**","(X)","(X)","(X)","(X)","(X)","(X)"
"1400000US36047059800","Census Tract 598, Kings County, New York","1247","99","85.3","5.4","9.3","4.8","0.0","2.6","3.9","2.6","0.0","2.6","0.0","2.6","1.4","1.8","1.0","1.3","84.4","5.4","4.7","4.7","31.4","7.5","42.9","8.9","21.0","5.5","874","107","43.1","11.5","56.9","11.5","80.9","8.9","17.2","8.7","1.9","2.5","373","84","75.6","12.7","75.6","12.7","0.0","8.3","24.4","12.7","16.4","9.6","8.0","8.3","29.1","(X)","35.2","(X)","14.7","(X)","60893","14757","51250","28395","62868","13207","-","**","68750","19419","-","**","-","**","-","**","-","**","51250","28342","37026","61672","63163","4949","79023","13452","24750","6001","69079","14393","63504","8856","77386","10449","76250","19475","51176","43088","-","**","26325","6611","24500","6945","24500","6945","-","**","57708","42709","36563","37781","105962","70943","(X)","(X)","(X)","(X)","(X)","(X)"
"1400000US36047060000","Census Tract 600, Kings County, New York","2612","131","92.0","3.4","2.9","3.1","0.0","1.2","5.1","1.7","0.0","1.2","0.0","1.2","0.0","1.2","9.2","4.6","84.3","5.0","1.0","1.2","35.1","5.9","41.4","5.6","22.4","4.1","1546","169","38.2","6.5","61.8","6.5","75.4","9.2","20.1","8.9","4.5","3.2","1066","175","50.2","10.1","45.7","10.2","4.5","4.3","49.8","10.1","40.2","10.0","9.6","7.9","37.0","(X)","28.3","(X)","49.6","(X)","49955","10250","51409","12180","34732","15362","-","**","21125","39774","-","**","-","**","-","**","50469","3998","51835","19190","-","**","43056","13853","85732","15807","19167","10458","76269","17227","63945","38553","82279","19764","86316","17952","62143","40352","48750","64411","29479","9714","23375","10454","23525","10852","2,500-","***","32712","6253","31139","15399","34226","36018","(X)","(X)","(X)","(X)","(X)","(X)"
"1400000US36047060600","Census Tract 606, Kings County, New York","1089","62","82.6","7.3","2.2","2.4","0.0","2.9","13.8","6.0","0.0","2.9","1.4","2.0","0.0","2.9","6.9","6.3","77.1","7.3","0.0","2.9","28.2","7.7","42.2","9.0","29.6","5.9","724","97","28.7","8.7","71.3","8.7","82.5","7.7","9.9","5.5","7.6","5.4","365","90","61.1","13.1","54.5","11.8","6.6","7.2","38.9","13.1","30.4","11.9","8.5","9.4","34.4","(X)","40.6","(X)","22.2","(X)","30286","6581","29655","3886","-","**","-","**","29167","58951","-","**","-","**","-","**","22458","76568","30000","3917","-","**","28798","13711","59130","29954","15400","4160","38438","27362","28125","46210","48889","18428","34250","26556","80208","123003","82708","82725","17417","9940","15750","8442","13897","5529","-","**","21563","36306","22422","48215","-","**","(X)","(X)","(X)","(X)","(X)","(X)"
"1400000US36047060800","Census Tract 608, Kings County, New York","1460","125","91.8","5.1","4.9","4.2","0.0","2.2","2.4","3.0","0.0","2.2","0.0","2.2","1.0","1.1","5.8","4.3","87.7","5.5","2.4","2.5","36.4","6.4","35.9","6.0","25.3","4.9","778","123","43.3","10.3","56.7","10.3","77.5","8.9","18.1","8.1","4.4","4.8","682","136","51.9","10.8","45.3","11.1","6.6","4.7","48.1","10.8","40.5","11.5","7.6","6.3","45.5","(X)","40.2","(X)","51.6","(X)","52885","10750","53813","9841","33702","7036","-","**","-","**","-","**","-","**","-","**","18750","23296","55046","8766","28813","5369","54489","20520","60227","7560","29375","24202","61477","14835","58125","39521","62330","21404","81612","20271","55568","17658","2,500-","***","33631","11813","26833","10560","25625","17718","135188","124707","45313","19356","44643","17686","73056","117758","(X)","(X)","(X)","(X)","(X)","(X)"
"1400000US36047061002","Census Tract 610.02, Kings County, New York","2035","113","95.5","3.7","0.0","1.6","0.0","1.6","0.8","1.3","0.0","1.6","0.0","1.6","3.7","3.4","0.6","1.1","95.5","3.7","0.0","1.6","25.5","7.5","47.0","8.2","27.5","6.3","1273","199","35.5","12.0","64.5","12.0","85.3","7.3","12.9","6.6","1.8","2.5","762","189","66.1","15.8","62.1","16.2","4.1","3.8","33.9","15.8","28.9","15.3","5.0","6.2","41.2","(X)","51.2","(X)","24.5","(X)","61272","15719","60608","19123","-","**","-","**","-","**","-","**","-","**","81170","1156","-","**","60608","19123","-","**","80585","35508","62396","56365","26207","9042","80635","18921","81117","64814","79313","39737","81475","32251","70000","42375","77188","29869","24837","7106","25862","15336","22070","18294","-","**","24293","91711","23261","32595","-","**","(X)","(X)","(X)","(X)","(X)","(X)"
"1400000US36047061003","Census Tract 610.03, Kings County, New York","633","77","59.4","21.2","7.0","10.9","0.0","5.0","19.4","12.1","0.0","5.0","0.0","5.0","14.2","15.5","10.4","10.7","49.0","17.9","2.2","3.7","39.3","15.1","51.7","14.7","6.8","6.6","419","128","60.1","20.0","39.9","20.0","68.7","18.2","11.2","13.9","20.0","16.5","214","109","43.0","31.8","43.0","31.8","0.0","14.1","57.0","31.8","57.0","31.8","0.0","14.1","33.6","(X)","38.9","(X)","23.4","(X)","42893","15106","35588","20812","-","**","-","**","105281","38149","-","**","-","**","-","**","37813","65987","26513","32990","-","**","44179","9630","51641","92879","9219","19008","75710","48033","75455","56603","79375","108578","86563","37048","14179","2065","17969","32041","8397","20962","7895","32033","7895","32033","-","**","8875","31742","8875","31742","-","**","(X)","(X)","(X)","(X)","(X)","(X)"
"1400000US36047061004","Census Tract 610.04, Kings County, New York","2905","184","93.9","3.0","2.5","2.4","0.0","1.1","2.4","1.5","0.0","1.1","0.0","1.1","1.1","1.3","5.9","3.9","90.0","4.5","3.2","2.8","23.5","5.6","31.2","6.4","42.1","7.0","1529","216","34.7","8.2","65.3","8.2","79.5","7.8","14.8","7.4","5.8","4.8","1376","188","65.6","8.9","64.5","8.8","1.1","1.7","34.4","8.9","31.9","8.9","2.5","2.8","37.2","(X)","43.3","(X)","30.5","(X)","22204","3460","21820","3277","90391","191366","-","**","75167","10112","-","**","-","**","-","**","19393","93638","21981","3554","25707","20994","51908","7445","37730","16634","12510","4679","34784","22233","51438","13711","26412","14750","39875","26888","25921","26487","27071","89027","13239","10934","14907","13845","14213","13891","-","**","9856","12407","9661","5401","-","**","(X)","(X)","(X)","(X)","(X)","(X)"
"1400000US36047061200","Census Tract 612, Kings County, New York","392","46","100.0","8.0","0.0","8.0","0.0","8.0","0.0","8.0","0.0","8.0","0.0","8.0","0.0","8.0","0.0","8.0","100.0","8.0","2.0","3.2","37.8","12.1","29.3","10.7","30.9","9.3","290","51","24.5","9.9","75.5","9.9","82.4","13.0","11.4","10.7","6.2","9.5","102","41","37.3","22.6","37.3","22.6","0.0","26.7","62.7","22.6","58.8","22.9","3.9","7.9","56.4","(X)","54.5","(X)","61.8","(X)","61944","13091","61944","13091","-","**","-","**","-","**","-","**","-","**","-","**","-","**","61944","13091","-","**","73021","63125","84205","62399","46953","12645","73646","28011","153125","209395","73490","13937","73490","15718","130208","16346","-","**","6875","30446","26071","15461","26071","15461","-","**","2647","2610","2,500-","***","-","**","(X)","(X)","(X)","(X)","(X)","(X)"
"1400000US36047061600","Census Tract 616, Kings County, New York","528","35","100.0","6.0","0.0","6.0","0.0","6.0","0.0","6.0","0.0","6.0","0.0","6.0","0.0","6.0","0.0","6.0","100.0","6.0","0.0","6.0","24.1","8.9","46.8","9.3","29.2","8.0","415","56","45.5","10.8","54.5","10.8","88.0","8.9","5.8","5.7","6.3","7.8","113","49","70.8","19.6","59.3","22.5","11.5","10.6","29.2","19.6","29.2","19.6","0.0","24.6","60.0","(X)","66.5","(X)","36.3","(X)","84500","33936","84500","33936","-","**","-","**","-","**","-","**","-","**","-","**","-","**","84500","33936","-","**","120536","99202","112109","38056","31136","12955","107014","30794","138523","85127","83750","39609","105250","41448","105962","70759","-","**","29750","16263","26250","30786","9946","34737","111250","146033","85250","91766","85250","91766","-","**","(X)","(X)","(X)","(X)","(X)","(X)"
"1400000US36047062000","Census Tract 620, Kings County, New York","703","42","98.9","1.6","0.0","4.5","0.0","4.5","1.1","1.6","0.0","4.5","0.0","4.5","0.0","4.5","0.9","1.4","98.0","2.1","1.7","2.7","26.9","7.8","40.4","9.9","31.0","6.9","596","55","47.5","10.0","52.5","10.0","93.1","3.7","4.7","3.1","2.2","2.4","107","38","47.7","21.9","40.2","21.2","7.5","7.8","52.3","21.9","41.1","21.7","11.2","16.2","54.6","(X)","58.2","(X)","29.9","(X)","102946","15206","102188","15774","-","**","-","**","242500","112216","-","**","-","**","-","**","-","**","102768","15520","-","**","124688","51012","98889","28210","70694","36755","109833","9835","113578","14146","102589","17553","109625","10056","88571","41004","158750","52019","32604","25225","24205","78798","23295","54786","-","**","33333","28071","31250","68352","-","**","(X)","(X)","(X)","(X)","(X)","(X)"
"1400000US36047062200","Census Tract 622, Kings County, New York","1295","110","97.2","2.5","1.9","2.1","0.0","2.5","0.0","2.5","0.0","2.5","0.0","2.5","0.9","1.5","6.8","4.8","91.4","4.8","0.0","2.5","22.8","6.4","48.6","8.1","28.6","6.9","762","123","39.8","9.9","60.2","9.9","71.9","12.3","19.9","10.7","8.1","6.0","533","107","57.2","14.0","53.3","14.5","3.9","4.2","42.8","14.0","41.3","13.9","1.5","2.2","38.1","(X)","38.1","(X)","38.3","(X)","48350","12339","46420","12639","-","**","-","**","-","**","-","**","-","**","-","**","30313","55937","48550","12254","-","**","69671","20893","65326","22364","29271","9134","70246","7360","70699","29277","68542","20925","71250","6423","33269","66266","70435","20218","29115","10976","14870","24898","14323","14442","-","**","39297","21849","38984","20460","-","**","(X)","(X)","(X)","(X)","(X)","(X)"
"1400000US36047062600","Census Tract 626, Kings County, New York","1070","62","77.8","8.5","3.3","3.2","0.0","3.0","13.6","6.2","0.0","3.0","2.5","4.1","2.9","4.0","8.8","5.0","71.5","7.6","4.0","4.5","29.3","7.3","41.7","7.1","25.0","6.3","683","111","38.4","10.5","61.6","10.5","69.1","11.0","22.4","9.5","8.5","7.7","387","97","61.0","14.3","56.6","15.0","4.4","5.0","39.0","14.3","39.0","14.3","0.0","8.1","43.3","(X)","47.9","(X)","35.1","(X)","42321","11665","40625","23896","45469","75033","-","**","54583","70719","-","**","-","**","-","**","35185","60807","48309","24820","-","**","38472","6718","69783","6718","31696","7310","68940","18100","36739","10903","89350","14930","81538","26945","33313","36876","18226","1929","30057","12082","32576","12693","32538","13210","-","**","22458","14958","22458","14958","-","**","(X)","(X)","(X)","(X)","(X)","(X)"
"1400000US36047062800","Census Tract 628, Kings County, New York","1945","79","97.0","2.3","0.5","0.8","0.0","1.7","0.6","0.9","0.0","1.7","0.5","0.8","1.4","1.8","5.0","4.0","92.5","4.3","0.0","1.7","25.9","5.1","48.1","6.4","26.1","4.4","1434","132","38.6","6.5","61.4","6.5","69.5","8.8","23.9","7.9","6.6","4.5","511","116","56.2","15.0","48.3","14.6","7.8","7.5","43.8","15.0","41.7","15.0","2.2","3.3","52.4","(X)","51.4","(X)","50.1","(X)","65923","12355","65744","13521","-","**","-","**","-","**","-","**","-","**","-","**","62250","92495","65506","13662","-","**","70625","9126","75958","16486","43098","14440","79107","8005","76719","20166","80553","9070","81250","12753","76094","35634","55313","49632","24557","11567","22917","11612","17656","17332","24881","46240","31500","20038","30583","22983","-","**","(X)","(X)","(X)","(X)","(X)","(X)"
"1400000US36047063200","Census Tract 632, Kings County, New York","649","43","94.3","6.2","0.0","4.9","0.0","4.9","2.5","4.0","0.0","4.9","3.2","4.0","0.0","4.9","9.7","7.3","87.8","8.8","0.0","4.9","21.6","12.0","41.6","12.2","36.8","9.4","411","68","31.9","11.0","68.1","11.0","77.6","14.5","13.1","9.3","9.2","10.0","238","68","58.8","16.6","58.8","16.6","0.0","12.7","41.2","16.6","35.3","15.2","5.9","7.7","45.0","(X)","47.7","(X)","40.3","(X)","51813","18673","54211","25429","-","**","-","**","-","**","-","**","-","**","-","**","27063","24476","65104","25211","-","**","65250","64732","79010","4710","24375","7049","68472","21847","77537","24841","61000","47492","70750","48110","65375","8456","-","**","35833","23837","20556","11372","20556","11372","-","**","43807","1331","43409","10367","-","**","(X)","(X)","(X)","(X)","(X)","(X)"
"1400000US36047063600","Census Tract 636, Kings County, New York","480","46","93.1","5.3","0.0","6.5","1.0","1.8","1.0","1.7","0.0","6.5","4.8","4.7","0.0","6.5","9.8","8.2","87.3","7.3","0.0","6.5","31.0","6.3","43.8","7.5","25.2","5.3","334","47","50.9","9.7","49.1","9.7","85.6","7.9","7.8","5.6","6.6","6.0","146","61","56.8","24.6","56.8","24.6","0.0","19.8","43.2","24.6","43.2","24.6","0.0","19.8","37.1","(X)","43.4","(X)","22.6","(X)","90357","37615","82813","45506","-","**","-","**","-","**","-","**","-","**","-","**","52098","71388","97663","36245","-","**","99408","16157","83750","51252","51875","76340","108125","25800","99783","32328","114375","101613","126250","36960","68750","58076","91964","14611","26500","19856","26417","5020","26417","5020","-","**","50045","109725","50045","109725","-","**","(X)","(X)","(X)","(X)","(X)","(X)"
"1400000US36047063800","Census Tract 638, Kings County, New York","687","56","80.5","9.0","0.0","4.6","0.0","4.6","17.5","9.1","0.0","4.6","0.0","4.6","2.0","2.4","3.5","3.0","77.0","9.3","0.0","4.6","29.0","11.7","43.4","9.9","27.7","8.2","512","61","34.6","12.2","65.4","12.2","79.5","9.1","14.5","8.3","6.1","5.4","175","60","48.6","21.3","45.1","19.8","3.4","5.3","51.4","21.3","51.4","21.3","0.0","16.9","39.3","(X)","49.6","(X)","9.1","(X)","70234","18392","69750","26442","-","**","-","**","62500","25760","-","**","-","**","-","**","106250","47680","65625","23301","-","**","105257","60668","79167","35034","32031","12639","73553","24542","105104","25383","50104","20686","73717","23382","50417","8304","105982","6558","59356","15962","98542","62755","89792","86080","-","**","58258","9177","58258","9177","-","**","(X)","(X)","(X)","(X)","(X)","(X)"
"1400000US36047064000","Census Tract 640, Kings County, New York","604","27","90.9","8.7","0.0","5.2","0.0","5.2","9.1","8.7","0.0","5.2","0.0","5.2","0.0","5.2","3.3","3.5","87.6","9.0","4.3","5.6","18.0","4.9","55.1","8.5","22.5","8.0","494","57","39.9","11.6","60.1","11.6","90.5","6.9","8.7","6.6","0.8","1.6","110","49","58.2","29.0","58.2","29.0","0.0","25.2","41.8","29.0","34.5","29.1","7.3","10.9","44.9","(X)","50.4","(X)","20.0","(X)","93333","7821","95430","4640","-","**","-","**","12148","18121","-","**","-","**","-","**","250,000+","***","94962","4508","-","**","99602","40154","95982","23507","26944","45985","96953","11588","109735","11155","90139","50327","98920","16690","95069","187107","-","**","80962","14940","74500","38361","74500","38361","-","**","81058","80793","-","**","-","**","(X)","(X)","(X)","(X)","(X)","(X)"
"1400000US36047064200","Census Tract 642, Kings County, New York","917","56","94.7","3.1","0.0","3.5","0.0","3.5","4.0","2.7","0.0","3.5","0.9","1.3","0.4","0.8","2.1","1.8","93.9","3.5","0.5","0.9","32.7","10.0","42.5","7.2","24.2","7.5","596","100","47.0","10.3","53.0","10.3","92.4","4.5","4.9","3.0","2.7","3.2","321","93","61.7","13.6","61.7","13.6","0.0","9.6","38.3","13.6","24.0","9.9","14.3","10.5","42.9","(X)","52.5","(X)","24.9","(X)","59892","5543","60606","5669","-","**","-","**","41375","121795","-","**","-","**","-","**","59219","65569","60341","5721","-","**","65000","38924","80156","25494","24293","7019","79583","38245","59440","19776","102125","20432","85625","36598","48750","21945","-","**","30114","20189","24293","11981","24293","11981","-","**","63323","26615","26938","79626","-","**","(X)","(X)","(X)","(X)","(X)","(X)"
"1400000US36047064400","Census Tract 644, Kings County, New York","759","90","88.8","5.6","0.7","1.1","0.0","4.2","9.9","5.2","0.0","4.2","0.7","1.0","0.0","4.2","14.8","7.1","74.7","7.0","4.0","3.1","31.0","8.4","50.7","10.6","14.4","6.5","496","87","60.3","11.5","39.7","11.5","80.6","9.6","13.3","8.2","6.0","5.0","263","79","66.2","20.3","66.2","20.3","0.0","11.6","33.8","20.3","24.7","18.7","9.1","11.2","39.1","(X)","38.1","(X)","32.3","(X)","95583","15444","96833","14249","-","**","-","**","71458","92838","-","**","-","**","-","**","79907","43474","100688","16243","18889","1234","104315","20728","96917","23704","32250","54821","112083","18555","121845","11316","102083","17076","124688","9644","43182","57589","18571","18055","44089","3484","43611","31624","43611","31624","-","**","44596","58694","92875","99680","-","**","(X)","(X)","(X)","(X)","(X)","(X)"
"1400000US36047064600","Census Tract 646, Kings County, New York","704","41","87.5","8.1","5.8","6.8","0.0","4.5","4.0","2.9","0.0","4.5","2.1","3.3","0.6","0.9","17.8","9.9","71.9","11.0","1.1","1.8","43.0","9.9","34.1","9.3","21.7","5.0","561","62","49.7","10.4","50.3","10.4","72.0","10.7","9.4","5.9","18.5","9.2","143","62","59.4","26.5","59.4","26.5","0.0","20.2","40.6","26.5","40.6","26.5","0.0","20.2","35.2","(X)","44.2","(X)","0.0","(X)","76429","14657","74605","13938","-","**","-","**","144286","121798","-","**","-","**","-","**","68060","22978","81613","7616","-","**","86685","20363","93077","38943","67614","33516","74803","16762","59219","20249","86250","9864","83125","18557","81806","31978","34196","15911","68594","6524","61544","28353","61544","28353","-","**","77500","30565","77500","30565","-","**","(X)","(X)","(X)","(X)","(X)","(X)"
"1400000US36047064800","Census Tract 648, Kings County, New York","645","55","66.2","13.3","20.3","10.2","0.0","4.9","7.4","6.0","0.0","4.9","6.0","7.7","0.0","4.9","13.8","8.6","62.6","13.0","0.0","4.9","33.3","10.6","33.8","9.7","32.9","10.8","444","73","38.5","10.8","61.5","10.8","67.8","12.9","27.7","13.0","4.5","5.7","201","61","55.2","20.8","55.2","20.8","0.0","14.9","44.8","20.8","44.8","20.8","0.0","14.9","46.8","(X)","48.4","(X)","43.3","(X)","63295","12840","62614","17076","31971","33319","-","**","95167","81798","-","**","-","**","-","**","66991","152518","67569","27494","-","**","61339","37135","98929","54313","42115","16133","67986","5166","60982","30523","69940","42494","97589","50164","55313","58021","-","**","42019","16502","40288","7411","40288","7411","-","**","51875","80491","51875","80491","-","**","(X)","(X)","(X)","(X)","(X)","(X)"
"1400000US36047065000","Census Tract 650, Kings County, New York","530","25","42.1","8.6","45.3","9.5","2.8","3.9","5.8","4.0","0.0","5.9","4.0","6.3","0.0","5.9","7.5","7.8","39.4","9.9","0.0","5.9","20.2","8.5","46.6","7.2","33.2","9.2","439","46","39.0","10.2","61.0","10.2","56.3","14.5","39.9","14.7","3.9","4.3","91","37","58.2","30.4","58.2","30.4","0.0","29.2","41.8","30.4","41.8","30.4","0.0","29.2","27.2","(X)","31.7","(X)","5.5","(X)","59444","17562","47250","33254","62500","49116","-","**","118438","151910","-","**","-","**","-","**","37381","229489","46550","21837","-","**","36726","42874","71417","38613","45786","17747","68229","11108","53603","34024","92632","64015","83750","42209","54485","42531","-","**","33750","13299","32750","25064","32750","25064","-","**","45313","27357","45313","27357","-","**","(X)","(X)","(X)","(X)","(X)","(X)"
"1400000US36047065200","Census Tract 652, Kings County, New York","462","51","83.5","8.2","2.8","4.3","0.0","6.8","11.3","6.7","0.0","6.8","0.0","6.8","2.4","3.6","1.3","2.0","82.3","8.4","0.0","6.8","36.6","12.4","38.1","10.8","25.3","9.4","353","57","48.7","11.3","51.3","11.3","88.4","8.4","9.9","7.9","1.7","2.7","109","46","75.2","16.6","65.1","20.4","10.1","11.2","24.8","16.6","14.7","11.4","10.1","14.4","34.6","(X)","36.8","(X)","27.5","(X)","103289","22148","94600","21512","-","**","-","**","61786","95403","-","**","-","**","-","**","-","**","94300","16789","-","**","131875","61315","110625","29788","51042","22890","121635","36231","111250","41464","141875","41524","137500","26784","38750","28751","-","**","29250","35394","28000","51643","26375","32212","-","**","41042","44994","48750","8035","-","**","(X)","(X)","(X)","(X)","(X)","(X)"
"1400000US36047065400","Census Tract 654, Kings County, New York","589","35","89.6","5.7","0.0","5.4","0.0","5.4","7.8","4.4","0.0","5.4","2.5","4.1","0.0","5.4","5.1","5.3","84.6","6.5","0.0","5.4","18.3","6.1","54.2","7.2","27.5","6.8","438","51","48.2","9.4","51.8","9.4","83.6","9.7","11.4","8.8","5.0","4.6","151","47","82.1","12.7","65.6","20.6","16.6","17.5","17.9","12.7","14.6","11.3","3.3","5.7","37.0","(X)","38.1","(X)","33.8","(X)","89063","42166","69032","34760","-","**","-","**","117000","84508","-","**","-","**","-","**","-","**","81250","36417","-","**","101923","14937","97734","18595","43088","5294","97969","7682","100492","6580","92589","32831","101026","6766","46250","75570","48750","150913","43750","7954","42500","12925","31719","25614","-","**","48472","82929","47778","10970","-","**","(X)","(X)","(X)","(X)","(X)","(X)"
"1400000US36047065600","Census Tract 656, Kings County, New York","632","18","88.4","7.9","1.1","1.8","0.0","5.0","6.6","6.0","0.0","5.0","3.2","4.5","0.6","1.2","9.5","6.4","82.8","8.6","3.2","4.7","22.0","7.3","54.0","8.7","20.9","5.3","491","64","45.2","10.5","54.8","10.5","84.9","8.7","13.4","8.4","1.6","2.3","141","68","73.8","19.2","46.8","24.0","27.0","25.4","26.2","19.2","26.2","19.2","0.0","20.4","23.7","(X)","24.6","(X)","20.6","(X)","90658","18645","85078","23710","-","**","-","**","100781","109584","-","**","-","**","-","**","96125","31094","85547","21056","-","**","127708","83808","96313","7198","42000","8046","98536","4748","101731","23861","92434","10190","101375","9507","95250","17509","-","**","19609","18680","30227","22539","18438","11371","-","**","2,500-","***","2,500-","***","-","**","(X)","(X)","(X)","(X)","(X)","(X)"
"1400000US36047065800","Census Tract 658, Kings County, New York","719","40","90.5","5.1","0.6","0.8","0.0","4.4","7.8","4.9","0.0","4.4","1.1","1.6","0.0","4.4","2.6","2.7","89.0","5.6","1.8","2.3","33.0","7.6","37.6","7.2","27.7","7.9","561","65","49.2","11.5","50.8","11.5","75.6","9.3","16.4","7.4","8.0","6.6","158","53","77.2","15.7","65.8","20.8","11.4","17.0","22.8","15.7","22.8","15.7","0.0","18.5","31.3","(X)","35.5","(X)","16.5","(X)","81250","18801","80216","24631","-","**","-","**","126250","40781","-","**","-","**","-","**","-","**","80690","20903","-","**","90954","20958","103409","45565","45515","5754","92138","22299","90789","26406","110469","27201","117083","45004","81563","55113","33813","22033","35000","19206","43194","14667","35000","27268","-","**","9722","54023","9722","54023","-","**","(X)","(X)","(X)","(X)","(X)","(X)"
"1400000US36047066000","Census Tract 660, Kings County, New York","657","44","93.5","4.1","0.0","4.8","0.8","1.3","5.8","3.9","0.0","4.8","0.0","4.8","0.0","4.8","11.4","7.8","82.8","7.6","0.0","4.8","34.6","10.1","39.4","8.9","26.0","6.4","504","62","38.5","9.5","61.5","9.5","81.2","8.0","12.5","7.5","6.3","6.3","153","50","64.7","25.5","60.1","24.3","4.6","7.0","35.3","25.5","35.3","25.5","0.0","19.0","34.1","(X)","41.7","(X)","9.2","(X)","81865","3766","81516","5137","-","**","-","**","131364","68296","-","**","-","**","-","**","85231","6689","80565","15085","-","**","83208","2870","119531","23677","30208","23386","86554","15470","87500","47967","86371","14717","88125","42901","81938","18899","54239","32654","24904","34287","43125","48564","24615","40164","-","**","17328","63928","17328","63928","-","**","(X)","(X)","(X)","(X)","(X)","(X)"
"1400000US36047066200","Census Tract 662, Kings County, New York","592","58","76.5","9.5","0.0","5.3","0.0","5.3","10.6","5.5","4.9","6.5","4.6","5.9","3.4","4.9","9.1","8.0","72.0","9.7","0.0","5.3","28.9","9.0","46.6","9.1","24.5","8.6","458","71","43.0","11.1","57.0","11.1","63.5","13.8","26.4","10.3","10.0","7.6","134","66","29.9","24.5","29.9","24.5","0.0","21.3","70.1","24.5","70.1","24.5","0.0","21.3","42.4","(X)","42.1","(X)","32.8","(X)","71579","18656","72171","26501","-","**","-","**","104464","60686","-","**","-","**","-","**","42500","97250","71184","24183","-","**","92083","51067","83750","20410","34148","16846","85625","34396","69432","10834","105417","41017","79464","43605","87031","80641","71429","96091","35000","38747","30313","20053","30313","20053","-","**","60833","64719","60833","64719","-","**","(X)","(X)","(X)","(X)","(X)","(X)"
"1400000US36047066600","Census Tract 666, Kings County, New York","0","12","-","**","-","**","-","**","-","**","-","**","-","**","-","**","-","**","-","**","-","**","-","**","-","**","-","**","0","12","-","**","-","**","-","**","-","**","-","**","0","12","-","**","-","**","-","**","-","**","-","**","-","**","-","(X)","-","(X)","-","(X)","-","**","-","**","-","**","-","**","-","**","-","**","-","**","-","**","-","**","-","**","-","**","-","**","-","**","-","**","-","**","-","**","-","**","-","**","-","**","-","**","-","**","-","**","-","**","-","**","-","**","-","**","-","**","(X)","(X)","(X)","(X)","(X)","(X)"
"1400000US36047067000","Census Tract 670, Kings County, New York","1024","52","36.8","8.7","53.6","8.8","0.0","3.1","2.4","1.6","0.0","3.1","6.3","3.6","0.9","1.4","11.2","4.6","31.7","7.7","0.0","3.1","37.6","9.8","42.0","9.0","20.4","6.3","780","92","49.7","11.1","50.3","11.1","68.8","7.8","28.1","7.3","3.1","3.5","244","80","71.7","19.0","68.9","19.1","2.9","5.2","28.3","19.0","28.3","19.0","0.0","12.5","47.1","(X)","49.1","(X)","40.6","(X)","61304","17564","41438","11947","77760","31739","-","**","86750","120656","-","**","113000","194683","-","**","59861","27851","42639","17601","-","**","70739","19089","77660","10336","29125","9372","72857","13854","93889","40704","62500","23051","78393","33072","43990","28876","-","**","32000","9496","31188","26395","30750","24690","-","**","35524","14386","35524","14386","-","**","(X)","(X)","(X)","(X)","(X)","(X)"
"1400000US36047067200","Census Tract 672, Kings County, New York","434","35","18.0","4.9","73.7","8.1","0.0","7.2","3.9","3.4","0.0","7.2","4.4","6.0","0.0","7.2","6.5","6.6","14.7","4.2","0.0","7.2","35.7","15.3","59.7","15.7","4.6","3.5","381","47","66.9","14.8","33.1","14.8","39.6","15.4","41.2","15.1","19.2","10.6","53","43","30.2","37.7","30.2","37.7","0.0","40.7","69.8","37.7","50.9","42.9","18.9","26.4","56.9","(X)","59.6","(X)","37.7","(X)","54559","11729","73654","66629","58750","15673","-","**","-","**","-","**","-","**","-","**","73250","158320","92500","106358","-","**","28942","11493","64044","6739","51786","119623","53750","11401","48011","24502","75250","42167","69917","15680","42841","39834","48580","5547","68125","28584","37000","25668","37000","25668","-","**","69034","3231","-","**","-","**","(X)","(X)","(X)","(X)","(X)","(X)"
"1400000US36047067400","Census Tract 674, Kings County, New York","642","35","37.1","9.9","45.0","10.2","0.0","4.9","11.5","6.4","0.0","4.9","5.0","7.5","1.4","2.4","15.4","7.2","29.1","9.9","4.8","5.3","29.9","10.9","52.8","11.2","12.5","4.7","466","71","36.3","11.2","63.7","11.2","57.7","13.0","35.6","12.0","6.7","6.9","176","72","52.8","23.0","47.2","21.8","5.7","8.5","47.2","23.0","31.8","25.0","15.3","15.3","37.1","(X)","43.6","(X)","19.9","(X)","69342","33910","98750","23595","60433","28829","-","**","108750","80280","-","**","-","**","-","**","68984","71760","93750","42330","-","**","47857","187151","81328","36098","40000","69399","88077","25820","83250","100233","99688","34429","116550","25871","42941","13972","-","**","39091","23656","31181","19695","30486","14596","-","**","39811","59689","38788","3842","-","**","(X)","(X)","(X)","(X)","(X)","(X)"
"1400000US36047067600","Census Tract 676, Kings County, New York","624","34","25.6","10.9","72.8","11.4","0.0","5.1","1.6","2.1","0.0","5.1","0.0","5.1","0.0","5.1","10.7","5.3","15.2","9.7","0.0","5.1","20.8","10.9","56.4","11.0","22.8","9.6","474","83","41.4","14.1","58.6","14.1","64.1","11.0","23.4","10.7","12.4","8.3","150","70","38.7","24.7","38.7","24.7","0.0","19.3","61.3","24.7","56.0","26.1","5.3","8.1","44.7","(X)","41.6","(X)","42.7","(X)","65588","6738","61190","9419","71375","24221","-","**","-","**","-","**","-","**","-","**","66033","36639","60685","36356","-","**","131354","113278","65690","8960","63816","10226","71250","9813","130208","155660","70833","6729","73214","70733","67216","13910","72438","134951","59545","19125","28250","33613","28250","33613","-","**","60291","2301","60071","12213","-","**","(X)","(X)","(X)","(X)","(X)","(X)"
"1400000US36047067800","Census Tract 678, Kings County, New York","887","62","16.0","7.2","82.9","7.4","0.0","3.6","0.0","3.6","0.0","3.6","1.1","1.8","0.0","3.6","2.1","2.8","15.0","6.9","0.0","3.6","27.4","7.5","55.4","8.9","17.2","6.1","713","85","38.1","9.6","61.9","9.6","58.5","9.9","39.0","10.1","2.5","3.8","174","72","43.1","23.2","43.1","23.2","0.0","17.0","56.9","23.2","48.3","23.0","8.6","13.5","40.2","(X)","40.7","(X)","38.5","(X)","81309","5126","61731","27114","82402","19674","-","**","-","**","-","**","-","**","-","**","-","**","60865","35373","-","**","81719","21416","82102","12959","74583","18818","84659","12624","92667","25647","83977","12934","88798","9283","79559","26233","-","**","50294","46919","56979","30056","56979","30056","-","**","16366","18085","15930","2609","-","**","(X)","(X)","(X)","(X)","(X)","(X)"
"1400000US36047068000","Census Tract 680, Kings County, New York","556","60","23.7","7.7","62.6","9.3","0.0","5.7","1.6","3.0","0.0","5.7","12.1","10.8","0.0","5.7","19.4","11.3","19.2","6.4","5.0","4.5","34.5","11.1","43.2","10.1","17.3","5.5","432","77","66.4","10.5","33.6","10.5","62.5","13.3","35.6","13.4","1.9","2.3","124","59","51.6","28.3","49.2","27.5","2.4","4.4","48.4","28.3","25.0","21.6","23.4","28.7","37.6","(X)","40.0","(X)","15.3","(X)","69643","11422","65833","42258","76163","4844","-","**","-","**","-","**","19963","100873","-","**","65435","80392","34750","31851","-","**","39792","50607","100000","24842","34000","34432","64375","20112","65272","39811","64063","13745","71364","26187","53864","28965","-","**","77031","25340","76094","24776","75859","31474","-","**","94643","129543","16172","34693","-","**","(X)","(X)","(X)","(X)","(X)","(X)"
"1400000US36047068200","Census Tract 682, Kings County, New York","875","56","29.0","8.6","64.5","9.0","0.0","3.6","2.1","1.8","0.0","3.6","4.5","5.3","0.0","3.6","9.0","6.2","24.5","8.3","0.0","3.6","24.3","10.1","62.5","10.7","13.1","6.8","694","82","37.0","15.1","63.0","15.1","65.9","12.5","18.4","11.0","15.7","12.7","181","69","55.8","27.2","55.8","27.2","0.0","16.4","44.2","27.2","44.2","27.2","0.0","16.4","40.7","(X)","41.2","(X)","34.3","(X)","76567","18524","75294","41318","87500","28800","-","**","91071","74692","-","**","-","**","-","**","76078","37889","56667","31562","-","**","74511","26620","92109","19023","61797","24691","94327","19494","102841","22611","88603","28955","89926","32006","97717","36431","133393","143064","42228","37345","22361","76656","22361","76656","-","**","44167","58173","44167","58173","-","**","(X)","(X)","(X)","(X)","(X)","(X)"
"1400000US36047068600","Census Tract 686, Kings County, New York","683","64","61.3","9.3","25.2","10.0","0.0","4.6","8.3","5.6","0.0","4.6","0.0","4.6","5.1","8.0","4.8","4.8","56.5","9.9","0.0","4.6","31.8","7.9","29.1","10.1","39.1","8.6","378","75","42.6","15.0","57.4","15.0","66.1","15.7","28.0","14.7","5.8","7.0","305","68","56.4","14.6","54.8","14.8","1.6","3.1","43.6","14.6","43.6","14.6","0.0","10.1","47.4","(X)","41.8","(X)","52.5","(X)","63858","4675","61607","12371","70469","26351","-","**","27279","42472","-","**","-","**","-","**","-","**","60357","12836","-","**","75563","25538","72422","15500","36250","13088","70000","16936","78393","27387","67917","21808","88000","45151","39605","60700","-","**","44750","36457","30417","18259","30069","17302","-","**","63717","24835","63717","24835","-","**","(X)","(X)","(X)","(X)","(X)","(X)"
"1400000US36047068800","Census Tract 688, Kings County, New York","596","36","43.5","9.5","55.9","9.7","0.0","5.3","0.0","5.3","0.0","5.3","0.0","5.3","0.7","1.1","15.4","9.8","37.4","9.2","0.5","0.9","28.4","8.8","51.5","10.8","19.6","7.7","485","56","41.0","13.4","59.0","13.4","58.4","11.8","33.8","12.1","7.8","5.9","111","46","59.5","20.8","59.5","20.8","0.0","25.0","40.5","20.8","35.1","20.7","5.4","11.9","41.8","(X)","48.7","(X)","11.7","(X)","75938","14599","52083","26493","78438","23330","-","**","-","**","-","**","-","**","-","**","75391","20279","43750","31469","-","**","48438","45085","89271","42503","46328","30314","79531","20489","75820","34196","98846","25365","79803","34430","48750","74492","106250","76567","26750","12145","29063","27817","29063","27817","-","**","21750","17847","20250","9860","-","**","(X)","(X)","(X)","(X)","(X)","(X)"
"1400000US36047069000","Census Tract 690, Kings County, New York","572","69","31.8","11.2","66.4","11.3","0.0","5.5","0.7","1.4","0.0","5.5","1.0","1.8","0.0","5.5","11.2","9.8","22.4","8.6","0.0","5.5","26.9","10.7","54.7","11.9","18.4","8.0","468","72","46.2","10.1","53.8","10.1","71.8","12.0","22.0","11.9","6.2","5.2","104","42","57.7","22.4","53.8","22.5","3.8","7.8","42.3","22.4","27.9","20.2","14.4","14.0","28.8","(X)","27.4","(X)","35.6","(X)","75709","6233","47209","26065","76397","7374","-","**","-","**","-","**","-","**","-","**","46279","1067","97500","66978","-","**","63409","63844","75938","5833","80329","40849","76250","8412","47500","51622","96591","25831","75541","17842","77303","66519","147750","178738","38929","52154","19722","87248","19167","71260","-","**","39286","97867","20938","148052","-","**","(X)","(X)","(X)","(X)","(X)","(X)"
"1400000US36047069200","Census Tract 692, Kings County, New York","793","54","20.6","6.4","73.4","6.9","0.0","4.0","2.3","2.1","0.0","4.0","2.6","2.8","1.1","1.7","10.8","6.7","15.6","5.6","0.0","4.0","25.5","8.8","61.0","10.2","13.5","4.8","664","72","43.2","8.9","56.8","8.9","53.6","13.0","42.0","12.0","4.4","4.1","129","52","63.6","22.2","58.1","22.4","5.4","9.4","36.4","22.2","20.2","18.0","16.3","17.2","47.3","(X)","50.5","(X)","31.0","(X)","70598","18621","63036","7027","80652","23089","-","**","95625","109197","-","**","81023","71506","-","**","82283","27595","61429","11873","-","**","45250","29681","95192","16390","67083","37283","81875","24892","92750","50355","81771","31532","90208","28292","68750","21592","104083","9288","34028","47718","21607","22415","20982","27389","-","**","62279","32119","61786","148715","-","**","(X)","(X)","(X)","(X)","(X)","(X)"
"1400000US36047069601","Census Tract 696.01, Kings County, New York","1438","87","63.1","7.2","32.5","7.2","0.0","2.2","0.9","1.4","0.0","2.2","1.2","2.0","2.3","2.5","6.6","4.0","60.1","7.5","0.5","0.8","35.7","8.8","40.1","9.4","23.6","7.4","1012","144","49.8","10.8","50.2","10.8","64.4","9.5","26.8","9.8","8.8","6.6","426","137","59.2","16.9","56.3","17.1","2.8","4.5","40.8","16.9","40.8","16.9","0.0","7.3","40.2","(X)","46.5","(X)","25.1","(X)","55233","9985","55152","19304","55956","32360","-","**","-","**","-","**","-","**","14293","48577","40809","20508","55366","16225","-","**","81700","25847","59107","27869","24545","13702","67143","30021","88077","24144","55900","13081","91354","22456","44441","18676","39154","7902","24949","11446","23163","3321","22857","3954","-","**","55100","47643","55100","47643","-","**","(X)","(X)","(X)","(X)","(X)","(X)"
"1400000US36047069602","Census Tract 696.02, Kings County, New York","2100","122","77.9","5.2","18.4","5.6","0.0","1.5","2.9","1.9","0.0","1.5","0.8","1.5","0.0","1.5","7.0","4.5","74.2","5.9","0.0","1.5","48.2","6.8","36.5","6.2","15.3","5.8","1609","146","53.4","8.3","46.6","8.3","69.3","8.4","23.9","8.8","6.8","3.8","491","136","50.1","16.3","38.5","16.8","11.6","12.4","49.9","16.3","49.9","16.3","0.0","6.4","32.9","(X)","28.6","(X)","38.9","(X)","88043","14329","81543","9971","109423","41813","-","**","-","**","-","**","-","**","-","**","92647","92523","81383","9846","-","**","84528","34533","110139","32504","49844","24215","96875","18328","96298","21142","98750","34809","118477","19813","57813","39827","105734","17580","54023","9843","57188","39042","49414","50865","-","**","53068","12998","53068","12998","-","**","(X)","(X)","(X)","(X)","(X)","(X)"
"1400000US36047069800","Census Tract 698, Kings County, New York","501","12","91.4","7.1","0.0","6.3","0.0","6.3","6.4","5.7","0.0","6.3","0.0","6.3","2.2","3.4","5.2","4.3","87.6","8.3","0.0","6.3","25.9","9.0","42.3","11.8","31.7","8.6","395","44","57.2","9.7","42.8","9.7","83.8","10.9","9.9","7.7","6.3","7.2","106","42","90.6","10.7","90.6","10.7","0.0","25.9","9.4","10.7","9.4","10.7","0.0","25.9","48.3","(X)","47.8","(X)","50.0","(X)","67287","12896","66280","7630","-","**","-","**","87500","52043","-","**","-","**","-","**","85357","99862","66433","7765","-","**","133594","103589","66957","34585","39188","30803","90804","42550","133281","80127","70568","15762","97708","63473","44583","96955","120536","91354","8125","19415","7000","14371","7000","14371","-","**","-","**","-","**","-","**","(X)","(X)","(X)","(X)","(X)","(X)"
"1400000US36047070000","Census Tract 700, Kings County, New York","668","42","100.0","4.7","0.0","4.7","0.0","4.7","0.0","4.7","0.0","4.7","0.0","4.7","0.0","4.7","2.7","4.4","97.3","4.4","1.8","2.6","25.6","8.6","48.1","11.3","24.6","8.3","500","67","50.0","9.9","50.0","9.9","79.8","11.2","13.4","10.3","6.8","6.0","168","61","91.1","10.9","91.1","10.9","0.0","17.5","8.9","10.9","8.9","10.9","0.0","17.5","37.7","(X)","38.6","(X)","35.1","(X)","80417","46382","80417","46382","-","**","-","**","-","**","-","**","-","**","-","**","-","**","81667","47669","-","**","59432","81931","109455","8684","39318","4601","99286","44417","108205","43032","69643","44842","105208","19557","59886","42320","40568","6398","34750","39890","34875","41757","34875","41757","-","**","-","**","-","**","-","**","(X)","(X)","(X)","(X)","(X)","(X)"
"1400000US36047070201","Census Tract 702.01, Kings County, New York","2335","114","97.1","2.6","1.8","2.2","0.0","1.4","0.6","1.0","0.0","1.4","0.5","0.8","0.0","1.4","4.4","3.3","95.0","3.6","1.5","2.4","18.7","6.1","45.2","6.8","34.6","6.2","1756","177","45.4","10.9","54.6","10.9","89.2","5.9","10.3","5.8","0.6","1.0","579","153","81.0","12.3","73.1","15.4","7.9","9.9","19.0","12.3","19.0","12.3","0.0","5.5","45.6","(X)","47.6","(X)","39.6","(X)","66146","24140","62310","21667","-","**","-","**","-","**","-","**","-","**","-","**","163988","101074","61005","19470","-","**","102821","25932","93281","38271","42550","11315","94643","24832","94209","28742","96518","48407","95179","29643","72679","49514","-","**","27344","4728","26228","6789","25201","10179","-","**","29063","20395","29063","20395","-","**","(X)","(X)","(X)","(X)","(X)","(X)"
"1400000US36047070202","Census Tract 702.02, Kings County, New York","27","43","100.0","57.1","0.0","57.1","0.0","57.1","0.0","57.1","0.0","57.1","0.0","57.1","0.0","57.1","0.0","57.1","100.0","57.1","0.0","57.1","0.0","57.1","100.0","57.1","0.0","57.1","27","43","100.0","57.1","0.0","57.1","0.0","57.1","0.0","57.1","100.0","57.1","0","12","-","**","-","**","-","**","-","**","-","**","-","**","100.0","(X)","0.0","(X)","-","(X)","-","**","-","**","-","**","-","**","-","**","-","**","-","**","-","**","-","**","-","**","-","**","-","**","-","**","-","**","-","**","-","**","-","**","-","**","-","**","-","**","-","**","-","**","-","**","-","**","-","**","-","**","-","**","(X)","(X)","(X)","(X)","(X)","(X)"
"1400000US36047070203","Census Tract 702.03, Kings County, New York","0","12","-","**","-","**","-","**","-","**","-","**","-","**","-","**","-","**","-","**","-","**","-","**","-","**","-","**","0","12","-","**","-","**","-","**","-","**","-","**","0","12","-","**","-","**","-","**","-","**","-","**","-","**","-","(X)","-","(X)","-","(X)","-","**","-","**","-","**","-","**","-","**","-","**","-","**","-","**","-","**","-","**","-","**","-","**","-","**","-","**","-","**","-","**","-","**","-","**","-","**","-","**","-","**","-","**","-","**","-","**","-","**","-","**","-","**","(X)","(X)","(X)","(X)","(X)","(X)"
"1400000US36047070600","Census Tract 706, Kings County, New York","1031","48","97.8","3.5","2.2","3.5","0.0","3.1","0.0","3.1","0.0","3.1","0.0","3.1","0.0","3.1","3.6","3.1","94.2","4.6","0.0","3.1","22.4","7.0","47.4","8.3","30.2","6.9","794","87","31.4","8.6","68.6","8.6","83.4","7.4","10.2","6.6","6.4","4.8","237","81","61.6","19.3","59.1","19.5","2.5","4.3","38.4","19.3","34.6","18.7","3.8","5.8","44.0","(X)","50.0","(X)","24.1","(X)","76607","15300","78929","14945","-","**","-","**","-","**","-","**","-","**","-","**","75469","37500","80875","15565","-","**","86761","47374","86754","9840","37031","11286","86250","14881","105221","43725","84018","17675","88571","24180","61106","35909","62452","86802","36750","20798","33214","5233","32679","5409","-","**","47440","52127","46905","40872","-","**","(X)","(X)","(X)","(X)","(X)","(X)"
"1400000US36047072000","Census Tract 720, Kings County, New York","640","47","9.5","7.8","87.0","8.5","0.0","4.9","3.4","3.9","0.0","4.9","0.0","4.9","0.0","4.9","1.1","2.0","9.5","7.8","1.9","2.9","29.7","10.9","56.6","12.0","11.9","5.9","585","64","46.0","11.1","54.0","11.1","34.0","11.2","53.5","11.8","12.5","9.4","55","47","76.4","33.9","76.4","33.9","0.0","40.0","23.6","33.9","3.6","14.8","20.0","32.6","54.4","(X)","55.2","(X)","45.5","(X)","62759","19448","79844","78767","54720","17459","-","**","-","**","-","**","-","**","-","**","-","**","79844","78767","-","**","40326","35385","64741","17838","65625","31725","65313","9617","42337","38227","71500","23201","80875","55009","54646","14236","68606","41689","9922","45969","32900","46174","32900","46174","-","**","-","**","-","**","-","**","(X)","(X)","(X)","(X)","(X)","(X)"
"1400000US36047072200","Census Tract 722, Kings County, New York","996","72","2.0","1.8","93.6","3.3","0.0","3.2","1.7","1.7","0.0","3.2","1.2","1.9","1.5","1.7","2.8","2.4","2.0","1.8","1.8","2.0","26.0","7.2","45.6","9.1","26.6","7.6","818","89","33.6","8.3","66.4","8.3","54.2","9.1","32.6","8.7","13.2","7.7","178","72","66.9","19.3","49.4","19.6","17.4","18.6","33.1","19.3","22.5","19.0","10.7","10.9","52.7","(X)","53.7","(X)","43.8","(X)","66484","6993","101250","97979","66875","7968","-","**","23750","59991","-","**","-","**","-","**","36667","303028","101250","97979","-","**","56875","24746","79211","22518","62125","9740","68278","7375","65054","19939","78162","21731","88125","24369","61750","24057","49896","9287","28900","17813","24028","13726","22917","22693","-","**","40865","42130","29375","98709","-","**","(X)","(X)","(X)","(X)","(X)","(X)"
"1400000US36047072400","Census Tract 724, Kings County, New York","627","63","7.2","5.0","91.4","5.1","0.0","5.0","0.0","5.0","0.0","5.0","0.8","1.2","0.6","1.5","4.0","3.4","4.6","4.2","0.0","5.0","25.0","10.5","49.1","10.9","25.8","7.5","522","62","36.4","10.4","63.6","10.4","42.0","10.6","47.1","12.3","10.9","8.4","105","54","54.3","26.0","54.3","26.0","0.0","26.1","45.7","26.0","35.2","24.1","10.5","16.6","35.4","(X)","37.4","(X)","25.7","(X)","86677","10724","9531","150693","87043","11682","-","**","-","**","-","**","-","**","-","**","133472","92595","4766","7295","-","**","105104","33108","89318","45331","37500","23475","89688","23432","89091","23848","95455","45264","120521","36422","86111","29768","46932","91695","32292","53975","22813","159207","22813","159207","-","**","35682","37401","31458","98535","-","**","(X)","(X)","(X)","(X)","(X)","(X)"
"1400000US36047072600","Census Tract 726, Kings County, New York","771","56","7.5","4.5","92.5","4.5","0.0","4.1","0.0","4.1","0.0","4.1","0.0","4.1","0.0","4.1","2.2","2.6","6.9","4.3","0.0","4.1","26.8","7.7","51.1","9.6","22.0","7.3","645","73","32.6","10.2","67.4","10.2","54.1","12.0","40.9","11.1","5.0","4.6","126","52","67.5","21.3","53.2","20.5","14.3","19.2","32.5","21.3","32.5","21.3","0.0","22.5","49.3","(X)","49.8","(X)","34.1","(X)","79740","25944","34750","8346","85365","18699","-","**","-","**","-","**","-","**","-","**","-","**","37813","6894","-","**","56875","30869","106071","26293","60000","33005","87750","16262","58333","18443","101806","13681","102614","13461","64038","31737","110833","78388","31100","4542","30350","7043","24931","11098","-","**","34375","34270","34375","34270","-","**","(X)","(X)","(X)","(X)","(X)","(X)"
"1400000US36047072800","Census Tract 728, Kings County, New York","1429","86","14.4","5.7","78.7","6.7","0.0","2.2","1.7","1.9","0.0","2.2","0.4","0.6","4.8","4.2","4.6","2.6","14.4","5.7","1.5","1.4","23.3","6.6","46.7","8.2","28.4","6.9","880","123","27.2","8.2","72.8","8.2","56.8","11.0","38.8","11.5","4.4","5.2","549","127","55.7","16.0","48.3","14.4","7.5","8.7","44.3","16.0","42.1","15.7","2.2","3.3","42.7","(X)","53.2","(X)","25.9","(X)","63973","10682","36875","28957","66775","12080","-","**","-","**","-","**","-","**","111736","5997","92292","49620","36875","28957","-","**","49734","39147","85611","27773","35515","11873","86389","13575","71250","24817","87841","18945","110000","25667","72026","9310","-","**","44625","11667","39500","8131","37792","7052","-","**","49410","9845","48993","11557","-","**","(X)","(X)","(X)","(X)","(X)","(X)"
"1400000US36047073000","Census Tract 730, Kings County, New York","825","43","9.9","4.9","80.8","7.9","0.0","3.9","2.5","2.9","0.0","3.9","5.8","4.9","0.8","1.3","4.8","4.3","8.6","4.6","3.2","3.9","18.9","8.1","57.1","9.0","20.8","7.1","669","65","27.4","7.4","72.6","7.4","50.8","12.1","40.1","13.2","9.1","8.9","156","66","59.0","18.1","59.0","18.1","0.0","18.7","41.0","18.1","41.0","18.1","0.0","18.7","53.6","(X)","59.3","(X)","28.8","(X)","83516","33343","36875","21582","102321","39686","-","**","-","**","-","**","42069","165041","-","**","41724","146892","28958","21882","-","**","75417","35382","109297","58995","41023","21263","106792","38047","125066","112386","106750","43483","152321","28853","64750","55813","59020","23156","35909","16692","29722","20622","29722","20622","-","**","36786","32345","36786","32345","-","**","(X)","(X)","(X)","(X)","(X)","(X)"
"1400000US36047073200","Census Tract 732, Kings County, New York","827","55","11.0","5.6","88.4","5.6","0.6","0.9","0.0","3.9","0.0","3.9","0.0","3.9","0.0","3.9","5.3","3.2","7.0","4.6","0.6","0.8","33.6","9.6","48.4","10.7","17.4","6.7","694","79","45.2","9.5","54.8","9.5","55.3","11.1","36.7","11.9","7.9","5.2","133","65","69.9","21.8","69.9","21.8","0.0","21.5","30.1","21.8","30.1","21.8","0.0","21.5","61.8","(X)","62.5","(X)","57.9","(X)","65250","20569","57875","21275","70139","23035","-","**","-","**","-","**","-","**","-","**","24861","57566","77841","35881","-","**","45781","39513","78311","17657","58000","18075","72344","25934","48173","4701","101818","16433","97300","26282","63802","26202","51023","26652","47375","39094","22232","56771","22232","56771","-","**","78750","59866","78750","59866","-","**","(X)","(X)","(X)","(X)","(X)","(X)"
"1400000US36047073400","Census Tract 734, Kings County, New York","646","53","7.4","4.4","82.7","7.9","0.0","4.9","0.0","4.9","0.0","4.9","7.0","6.4","2.9","3.3","11.1","7.7","5.9","4.2","0.0","4.9","20.7","10.1","61.3","9.4","18.0","7.8","557","68","41.8","11.2","58.2","11.2","61.4","12.6","35.2","12.0","3.4","4.7","89","44","64.0","23.5","64.0","23.5","0.0","29.7","36.0","23.5","36.0","23.5","0.0","29.7","64.7","(X)","67.1","(X)","49.4","(X)","73309","12458","37250","17532","80250","20911","-","**","-","**","-","**","51793","73730","-","**","52174","39930","37000","19269","-","**","106842","8568","70000","26691","37857","49298","81438","16605","71125","29757","88438","29795","100000","21686","54659","34802","-","**","33295","15879","34659","4245","34659","4245","-","**","21000","51814","21000","51814","-","**","(X)","(X)","(X)","(X)","(X)","(X)"
"1400000US36047073600","Census Tract 736, Kings County, New York","1263","62","16.4","5.4","72.8","6.5","0.0","2.5","9.3","3.8","0.0","2.5","0.0","2.5","1.6","1.9","9.3","4.7","13.1","5.3","0.8","1.2","24.1","7.0","60.1","7.4","15.0","5.3","863","115","38.0","9.5","62.0","9.5","48.6","10.7","42.8","9.9","8.7","5.8","400","114","50.8","15.9","50.8","15.9","0.0","7.8","49.3","15.9","31.8","15.4","17.5","12.1","57.6","(X)","64.4","(X)","43.0","(X)","48267","14275","55139","24174","49728","17995","-","**","40188","30731","-","**","-","**","-","**","59583","38874","60278","40934","-","**","38400","8020","57604","19604","59000","33779","56729","10551","41000","8615","66875","28024","90239","59920","49228","14654","27109","40275","21250","11388","18385","4025","18385","4025","-","**","29837","18400","21375","14985","76125","20390","(X)","(X)","(X)","(X)","(X)","(X)"
"1400000US36047073800","Census Tract 738, Kings County, New York","1190","55","40.6","9.4","51.9","7.3","0.0","2.7","0.8","1.2","0.0","2.7","6.7","6.3","0.0","2.7","12.6","6.8","37.1","9.6","1.3","2.2","36.0","8.8","45.6","9.5","17.1","6.5","853","109","44.9","12.1","55.1","12.1","76.3","10.0","22.4","9.8","1.3","2.1","337","100","46.6","18.5","46.6","18.5","0.0","9.2","53.4","18.5","48.7","18.8","4.7","6.3","51.7","(X)","55.5","(X)","42.1","(X)","63043","12516","70344","32581","65143","22108","-","**","-","**","-","**","62826","60410","-","**","44000","38945","71031","21748","-","**","63967","19020","71995","25089","38036","11239","70094","14763","66679","21525","71477","20257","67179","12356","88073","60281","-","**","31058","11228","26302","6184","26302","6184","-","**","41848","59799","40978","42119","-","**","(X)","(X)","(X)","(X)","(X)","(X)"
"1400000US36047074000","Census Tract 740, Kings County, New York","1153","64","16.5","6.8","70.3","7.0","0.0","2.8","7.0","4.2","0.0","2.8","2.3","2.6","3.9","3.6","13.0","6.7","10.1","5.2","0.0","2.8","32.4","7.2","52.9","7.0","14.7","6.0","867","97","43.7","10.0","56.3","10.0","50.1","13.0","35.8","11.3","14.2","10.5","286","87","49.0","16.1","44.8","17.8","4.2","7.0","51.0","16.1","40.9","17.1","10.1","10.8","65.4","(X)","67.9","(X)","57.7","(X)","52669","10406","33929","57961","54932","11867","-","**","31776","70538","-","**","-","**","49009","5516","80585","39509","34643","57984","-","**","42704","8855","65588","21192","40694","47089","61326","11179","55313","15964","75714","35185","49828","11660","65147","23303","64199","18711","21146","12270","15625","18559","11818","19055","-","**","42222","26330","31688","20022","-","**","(X)","(X)","(X)","(X)","(X)","(X)"
"1400000US36047074200","Census Tract 742, Kings County, New York","1000","42","44.1","6.0","48.0","6.3","0.0","3.2","4.5","2.6","0.0","3.2","2.9","2.6","0.5","0.8","9.4","4.7","38.0","6.3","2.4","2.5","34.6","6.8","49.2","6.6","13.8","5.2","794","68","48.1","8.5","51.9","8.5","67.4","7.8","30.5","7.1","2.1","2.6","206","64","60.7","16.4","53.9","16.6","6.8","8.3","39.3","16.4","25.7","14.0","13.6","11.8","61.7","(X)","67.5","(X)","37.9","(X)","76053","11374","71875","24952","86818","13493","-","**","39375","30117","-","**","49583","149202","-","**","24583","32186","79038","10394","39444","74451","56458","25224","84659","9769","75556","46291","84940","7658","58750","41852","92708","5643","87625","9964","83500","20188","-","**","29583","21774","14866","36641","14241","19643","-","**","43625","21370","44375","13404","28750","93795","(X)","(X)","(X)","(X)","(X)","(X)"
"1400000US36047074400","Census Tract 744, Kings County, New York","636","51","84.1","7.6","5.3","5.2","0.0","5.0","5.0","3.7","0.0","5.0","3.0","4.6","2.5","2.4","3.6","4.7","84.1","7.6","0.0","5.0","42.8","7.8","40.9","6.7","16.4","4.5","538","66","66.0","7.3","34.0","7.3","90.7","6.2","6.3","5.9","3.0","3.3","98","41","52.0","21.3","52.0","21.3","0.0","27.6","48.0","21.3","48.0","21.3","0.0","27.6","37.3","(X)","38.8","(X)","28.6","(X)","83750","37749","94625","37607","17237","29787","-","**","97857","72664","-","**","-","**","104167","23375","-","**","94625","37607","-","**","110000","42141","72115","48000","56111","10557","93500","39130","106875","45589","62917","31138","95833","37041","24167","89638","96250","47613","54167","58916","47031","29314","47031","29314","-","**","104792","123503","104792","123503","-","**","(X)","(X)","(X)","(X)","(X)","(X)"
"1400000US36047074600","Census Tract 746, Kings County, New York","639","59","65.1","9.8","27.5","10.3","0.0","5.0","5.0","3.8","0.0","5.0","1.4","2.1","0.9","1.3","7.0","4.9","63.8","9.8","3.1","3.6","29.9","8.5","46.0","9.3","21.0","5.8","429","60","60.1","8.9","39.9","8.9","71.8","10.5","23.1","9.6","5.1","5.2","210","69","33.3","16.2","31.4","15.9","1.9","3.3","66.7","16.2","56.7","18.4","10.0","11.2","36.5","(X)","37.3","(X)","34.8","(X)","56932","19370","49545","26046","91364","57925","-","**","60938","55440","-","**","-","**","-","**","55795","41646","49545","27200","-","**","101563","32797","49038","56343","37143","16113","92642","23141","94250","34792","84063","28972","93788","6319","51250","35254","83750","109934","26000","8594","23750","12714","21250","12745","-","**","27222","9366","26806","9305","-","**","(X)","(X)","(X)","(X)","(X)","(X)"
"1400000US36047074800","Census Tract 748, Kings County, New York","639","50","64.6","8.2","33.3","8.1","0.0","5.0","0.0","5.0","0.0","5.0","2.0","3.5","0.0","5.0","3.6","3.9","63.1","8.1","4.7","4.2","35.5","7.3","39.1","6.3","20.7","5.6","465","68","51.6","9.5","48.4","9.5","73.3","10.5","23.4","11.1","3.2","3.5","174","55","64.4","16.4","53.4","16.5","10.9","13.4","35.6","16.4","31.6","15.8","4.0","6.6","37.2","(X)","43.0","(X)","21.8","(X)","52396","21433","72917","36463","39917","27816","-","**","-","**","-","**","-","**","-","**","18938","563","73958","35568","2,500-","***","61563","38024","76964","20921","38667","8013","77054","15552","33333","51367","115750","79157","115250","68848","21331","13334","-","**","35938","10122","31250","22581","33750","18363","-","**","37353","37153","36838","24057","-","**","(X)","(X)","(X)","(X)","(X)","(X)"
"1400000US36047075000","Census Tract 750, Kings County, New York","973","67","75.1","8.6","20.6","8.0","0.0","3.3","2.5","2.6","0.0","3.3","0.0","3.3","1.8","2.1","5.3","6.0","71.6","8.6","4.3","4.0","40.5","8.0","35.0","7.6","20.1","4.3","729","96","47.7","9.7","52.3","9.7","74.5","8.4","20.9","7.9","4.7","7.4","244","84","46.7","18.2","44.3","17.9","2.5","3.7","53.3","18.2","35.2","16.0","18.0","18.3","62.9","(X)","63.2","(X)","61.9","(X)","43350","14285","43984","19858","39583","27792","-","**","-","**","-","**","-","**","-","**","39412","51720","52540","22248","54333","51153","39265","13226","58854","43392","26250","18660","48125","18837","44700","23266","48875","28448","54315","18074","31333","33799","-","**","36094","14838","32115","12112","35250","12464","-","**","65259","60417","35833","93466","-","**","(X)","(X)","(X)","(X)","(X)","(X)"
"1400000US36047075200","Census Tract 752, Kings County, New York","297","27","96.6","5.1","3.4","5.1","0.0","10.4","0.0","10.4","0.0","10.4","0.0","10.4","0.0","10.4","0.0","10.4","96.6","5.1","3.4","4.4","13.5","7.8","31.6","10.7","51.5","10.7","246","34","37.0","10.3","63.0","10.3","87.8","8.1","11.0","7.6","1.2","2.3","51","28","72.5","23.8","52.9","30.1","19.6","22.7","27.5","23.8","17.6","18.7","9.8","13.7","59.9","(X)","67.1","(X)","25.5","(X)","62188","22709","64107","24490","-","**","-","**","-","**","-","**","-","**","-","**","-","**","64107","24490","-","**","158333","204849","131000","90651","49899","8679","62500","27063","158750","194472","54097","17703","57222","27266","102917","136041","-","**","44583","66386","14861","101510","68750","149512","-","**","91500","72397","-","**","-","**","(X)","(X)","(X)","(X)","(X)","(X)"
"1400000US36047075400","Census Tract 754, Kings County, New York","446","30","100.0","7.0","0.0","7.0","0.0","7.0","0.0","7.0","0.0","7.0","0.0","7.0","0.0","7.0","0.0","7.0","100.0","7.0","0.9","1.4","30.9","13.0","43.5","13.5","24.7","11.0","383","51","49.3","13.8","50.7","13.8","100.0","8.1","0.0","8.1","0.0","8.1","63","41","87.3","21.4","87.3","21.4","0.0","37.3","12.7","21.4","12.7","21.4","0.0","37.3","55.4","(X)","56.1","(X)","50.8","(X)","93500","21434","93500","21434","-","**","-","**","-","**","-","**","-","**","-","**","-","**","93500","21434","-","**","109630","19494","73929","21250","100313","55908","102344","21734","94917","20327","120385","40698","102344","21734","-","**","-","**","34750","51845","32750","44659","32750","44659","-","**","-","**","-","**","-","**","(X)","(X)","(X)","(X)","(X)","(X)"
"1400000US36047075600","Census Tract 756, Kings County, New York","648","58","82.6","8.8","6.5","6.1","0.0","4.9","10.3","5.7","0.0","4.9","0.0","4.9","0.6","1.0","4.5","3.1","78.1","9.1","0.0","4.9","34.4","8.8","44.9","9.2","20.7","4.3","443","66","55.8","9.8","44.2","9.8","77.7","10.8","20.1","10.9","2.3","2.5","205","65","54.1","19.8","54.1","19.8","0.0","14.6","45.9","19.8","40.5","20.9","5.4","8.4","35.3","(X)","43.6","(X)","17.6","(X)","70000","16054","72083","28166","15156","24183","-","**","77212","26610","-","**","-","**","-","**","37813","51822","76500","35086","-","**","72361","27577","77212","40154","31136","7621","103281","26912","77431","59310","118750","15814","118036","10202","30250","38763","-","**","32159","13607","27386","9964","27386","9964","-","**","63750","7885","63406","17705","-","**","(X)","(X)","(X)","(X)","(X)","(X)"
"1400000US36047075800","Census Tract 758, Kings County, New York","661","34","90.5","5.8","0.0","4.8","0.0","4.8","2.3","2.4","0.0","4.8","4.1","4.3","3.2","3.5","5.7","4.8","89.6","6.0","0.9","1.6","24.2","6.1","47.0","9.5","27.8","6.8","504","57","44.2","7.8","55.8","7.8","82.3","10.3","15.1","10.2","2.6","3.8","157","50","51.6","19.9","51.6","19.9","0.0","18.6","48.4","19.9","41.4","19.1","7.0","8.4","40.2","(X)","44.2","(X)","27.4","(X)","81645","24223","81447","25723","-","**","-","**","122250","313087","-","**","96442","121575","-","**","66250","96919","81053","24213","-","**","82143","28466","105250","54721","63214","68813","102955","38637","95673","46104","106917","51947","106750","32861","23611","5569","-","**","35208","41624","34327","72322","34327","72322","-","**","44500","75600","79750","82296","-","**","(X)","(X)","(X)","(X)","(X)","(X)"
"1400000US36047076000","Census Tract 760, Kings County, New York","1005","63","85.1","7.7","2.5","2.3","0.0","3.2","6.4","4.8","0.0","3.2","5.4","5.6","0.7","1.2","10.3","5.8","80.8","7.3","2.6","3.3","27.1","9.4","43.8","8.2","26.6","7.7","560","86","48.8","12.9","51.3","12.9","74.3","12.7","19.1","12.1","6.6","6.8","445","88","67.4","12.2","62.0","13.5","5.4","8.4","32.6","12.2","31.0","12.8","1.6","2.5","38.0","(X)","43.4","(X)","29.9","(X)","34641","8526","34882","35586","58906","39991","-","**","23750","24895","-","**","-","**","-","**","38611","41133","34151","25685","-","**","34135","33761","64375","38926","31719","22867","63333","29332","54087","39270","67875","40761","75139","22549","19375","7818","-","**","16607","20183","24063","22505","14628","23807","-","**","14844","13930","13750","12701","-","**","(X)","(X)","(X)","(X)","(X)","(X)"
"1400000US36047076200","Census Tract 762, Kings County, New York","1599","74","66.4","6.1","11.9","4.8","0.0","2.0","12.7","4.1","0.0","2.0","7.5","4.2","1.5","2.1","12.1","4.8","62.6","6.3","7.1","4.8","31.6","6.9","34.6","6.7","26.7","5.4","1058","142","42.3","7.2","57.7","7.2","68.0","8.4","16.5","7.0","15.5","8.2","541","121","71.9","13.1","61.6","14.0","10.4","8.9","28.1","13.1","20.3","11.5","7.8","8.5","44.5","(X)","50.6","(X)","32.7","(X)","46917","8739","37903","11382","59000","10748","-","**","44904","35583","-","**","53750","16590","-","**","57845","17100","37408","9865","47843","21586","58079","13488","51094","25026","24821","22984","50726","13517","49355","22156","57500","24143","60505","16703","65040","86245","35625","10719","19728","21375","33641","22311","18977","31135","38778","414","12125","13472","9500","6959","58793","25674","(X)","(X)","(X)","(X)","(X)","(X)"
"1400000US36047000100","Census Tract 1, Kings County, New York","2106","147","76.5","7.7","5.9","3.3","0.8","1.3","10.2","5.4","0.0","1.5","4.2","4.6","2.4","3.8","10.9","6.3","71.5","8.1","2.1","1.8","41.8","7.0","30.5","6.0","25.6","6.7","894","156","36.4","8.4","63.6","8.4","78.2","10.8","15.3","9.6","6.5","6.5","1212","168","58.3","9.9","52.0","9.3","6.4","5.7","41.7","9.9","36.5","10.0","5.2","4.9","20.9","(X)","21.9","(X)","20.2","(X)","86210","14971","97105","17643","30278","23233","-","**","49063","76204","-","**","-","**","-","**","51250","38598","98547","22252","28846","44957","100972","26055","87857","12206","50609","26369","137143","66846","172212","104402","123412","33965","170873","19016","69505","117739","59111","17104","41360","13288","39406","19035","37813","15319","51635","107082","42250","71633","40500","16452","97898","48017","(X)","(X)","(X)","(X)","(X)","(X)"
"1400000US36047000200","Census Tract 2, Kings County, New York","371","51","32.6","12.8","7.8","6.8","0.0","8.4","0.0","8.4","0.0","8.4","57.1","14.2","2.4","2.7","89.2","7.7","4.3","5.1","6.7","6.7","44.5","12.2","37.5","14.6","11.3","8.9","262","57","60.7","16.1","39.3","16.1","43.5","17.1","38.2","17.7","18.3","13.1","109","47","25.7","21.5","25.7","21.5","0.0","25.3","74.3","21.5","33.0","31.2","41.3","30.7","56.6","(X)","58.4","(X)","47.7","(X)","33906","5772","32969","10955","50875","79880","-","**","-","**","-","**","46250","28456","-","**","34635","6947","-","**","-","**","38750","20199","33594","9688","22955","12287","36591","17026","32083","7690","51339","17838","37500","34625","43750","34015","27031","6793","15868","5916","11000","6957","11000","6957","-","**","16550","12554","-","**","17250","36105","(X)","(X)","(X)","(X)","(X)","(X)"
"1400000US36047000301","Census Tract 3.01, Kings County, New York","1946","187","86.3","6.2","2.9","2.5","0.9","1.5","4.9","4.1","0.0","1.7","2.3","2.7","2.6","2.3","7.0","3.8","83.1","6.2","0.0","1.7","43.5","7.8","31.1","8.1","25.4","6.1","808","192","40.5","11.1","59.5","11.1","96.4","4.1","1.9","3.0","1.7","2.9","1138","211","63.8","10.0","57.3","11.4","6.5","4.3","36.2","10.0","32.7","9.9","3.5","3.2","22.8","(X)","27.8","(X)","19.2","(X)","109375","23418","113571","26618","85250","129371","-","**","56250","91026","-","**","-","**","203618","207800","65288","45586","119500","30424","-","**","132375","83139","163958","110114","36168","6751","236364","58565","250,000+","***","212396","57982","221528","59060","-","**","-","**","57250","24462","47188","30452","37337","17496","121000","29065","70089","23057","62250","21843","173611","216626","(X)","(X)","(X)","(X)","(X)","(X)"
"1400000US36047000501","Census Tract 5.01, Kings County, New York","1781","149","85.9","5.4","5.0","3.7","0.0","1.8","7.4","3.8","0.0","1.8","1.7","2.8","0.0","1.8","5.2","3.8","82.4","5.9","1.1","1.8","44.5","6.5","38.7","6.8","15.7","4.3","775","123","43.9","10.4","56.1","10.4","89.0","9.0","2.2","3.6","8.8","8.4","1006","157","47.2","9.9","38.3","9.0","8.9","5.3","52.8","9.9","41.2","10.3","11.6","6.8","24.3","(X)","28.0","(X)","21.5","(X)","98073","19143","101217","13152","54107","2484","-","**","101364","112112","-","**","-","**","-","**","9922","6649","102813","15892","-","**","129259","19303","79688","38253","29231","19562","192188","51260","217125","107689","155375","69609","193000","35361","-","**","54929","403113","77625","9275","77642","14345","68239","41266","152500","21848","77578","18764","71250","20522","143821","43290","(X)","(X)","(X)","(X)","(X)","(X)"
"1400000US36047000502","Census Tract 5.02, Kings County, New York","1439","122","84.8","6.3","2.3","2.2","0.0","2.2","8.5","4.3","0.0","2.2","0.6","1.0","3.9","4.8","2.6","3.5","82.7","6.8","1.5","1.7","54.6","6.3","22.4","5.9","21.6","4.2","540","126","32.4","9.7","67.6","9.7","91.5","7.6","7.0","7.3","1.5","2.3","899","144","59.2","10.7","53.9","11.4","5.2","4.2","40.8","10.7","30.5","9.7","10.3","7.4","14.8","(X)","6.7","(X)","19.7","(X)","92219","9826","91563","11132","19671","134686","-","**","78438","59981","-","**","-","**","-","**","-","**","90625","13502","-","**","94201","24056","79813","30007","92422","15328","141125","44562","158194","181306","140813","56590","158611","43684","67708","109942","-","**","76321","24094","69545","28507","65156","31500","124821","82811","91125","25523","73750","41363","108640","11648","(X)","(X)","(X)","(X)","(X)","(X)"
"1400000US36047000700","Census Tract 7, Kings County, New York","1900","152","90.9","4.6","2.4","1.9","0.0","1.7","3.3","2.2","0.0","1.7","0.7","0.9","2.6","4.2","7.8","3.8","83.4","5.6","1.7","1.7","52.9","7.3","29.9","5.5","15.5","4.3","847","139","46.6","9.7","53.4","9.7","85.8","6.7","5.4","3.8","8.7","5.3","1053","169","53.5","9.8","48.3","9.8","5.1","3.4","46.5","9.8","30.9","8.5","15.7","8.1","16.1","(X)","13.2","(X)","17.5","(X)","136515","17576","136023","18187","77000","373588","-","**","99297","61463","-","**","-","**","-","**","185508","86205","133073","20716","25208","46385","123714","14986","201500","40616","114360","48994","187305","28963","188523","67146","186953","29378","208125","44383","26944","63171","120811","12192","94107","29156","73734","9235","73266","6617","121111","77036","130682","31199","113427","61446","170125","122518","(X)","(X)","(X)","(X)","(X)","(X)"
"1400000US36047000900","Census Tract 9, Kings County, New York","2050","95","84.6","5.1","3.4","2.6","0.0","1.6","7.4","3.7","0.0","1.6","1.2","1.8","3.4","2.7","3.3","2.2","83.0","5.2","3.2","3.2","65.6","5.4","22.9","5.7","8.4","3.5","897","146","39.9","10.6","60.1","10.6","88.9","6.6","9.1","6.4","2.0","2.1","1153","146","45.2","9.7","37.0","8.7","8.2","5.1","54.8","9.7","38.2","10.7","16.6","6.5","16.6","(X)","11.7","(X)","20.5","(X)","115952","22666","122094","42831","112759","142618","-","**","60595","80627","-","**","-","**","165893","94291","29531","98821","125074","42128","2,500-","***","146477","40604","87321","66787","80769","83436","200391","18454","207500","31895","187219","22047","202057","23465","113017","105939","-","**","69125","21628","60625","9697","53523","10706","101389","56066","101923","33894","54901","51949","183288","57016","(X)","(X)","(X)","(X)","(X)","(X)"
"1400000US36047001100","Census Tract 11, Kings County, New York","313","31","64.5","13.9","16.3","9.1","0.0","9.9","15.3","8.7","0.0","9.9","3.8","6.1","0.0","9.9","1.3","2.2","63.3","13.8","10.5","6.8","80.8","8.6","7.3","5.4","1.3","2.4","136","35","0.0","21.1","100.0","21.1","84.6","13.0","8.8","14.0","6.6","10.3","177","36","42.4","15.6","19.2","13.2","23.2","12.1","57.6","15.6","33.3","12.3","24.3","12.2","21.7","(X)","22.8","(X)","20.9","(X)","120208","37036","105875","12408","175679","35703","-","**","139750","40029","-","**","-","**","-","**","-","**","105625","10535","84583","38416","135221","47693","106875","36633","-","**","136979","31976","-","**","136979","31976","137135","31700","-","**","-","**","105188","16425","105563","35620","87000","48609","106375","59306","101000","51508","96750","69407","101750","90882","(X)","(X)","(X)","(X)","(X)","(X)"
"1400000US36047001300","Census Tract 13, Kings County, New York","883","70","73.8","7.2","10.9","5.4","0.0","3.6","11.2","4.4","0.0","3.6","1.5","2.7","2.6","2.3","9.6","5.1","66.8","7.8","1.0","1.6","34.0","6.8","43.5","7.0","21.5","4.6","374","62","31.3","8.8","68.7","8.8","81.6","9.8","5.1","4.1","13.4","9.2","509","79","52.8","9.4","45.0","8.9","7.9","7.0","47.2","9.4","35.2","10.2","12.0","8.6","18.7","(X)","24.3","(X)","14.5","(X)","108170","10300","107500","15376","134091","41742","-","**","74943","33684","-","**","-","**","49306","106604","84250","29426","116250","19578","-","**","116667","20316","114250","30967","74375","54337","134239","24547","168068","98174","133533","30246","146250","28585","46406","126032","90500","31374","98641","19003","85750","25269","64271","33170","118750","29554","99891","44121","89583","21146","151141","85625","(X)","(X)","(X)","(X)","(X)","(X)"
"1400000US36047001500","Census Tract 15, Kings County, New York","2075","157","42.2","5.2","25.5","4.7","0.0","1.6","24.0","4.6","0.0","1.6","6.8","3.4","1.4","1.3","12.8","4.4","37.0","5.0","4.8","2.7","66.2","5.8","17.8","4.9","11.2","3.3","888","140","40.8","8.4","59.2","8.4","62.5","9.3","32.7","8.9","4.8","5.0","1187","182","43.0","9.1","31.4","8.5","11.6","4.9","57.0","9.1","36.6","9.0","20.4","6.9","18.0","(X)","18.6","(X)","16.7","(X)","80203","14624","119186","21762","31793","7268","-","**","76875","21955","-","**","20682","25541","91625","144188","21477","23982","124766","46593","42000","51915","101146","15837","28750","17531","17619","11386","81875","28946","32083","71032","108250","51978","150341","60648","27500","7305","2,500-","***","80032","14085","65074","22725","46164","19840","96136","97907","100069","16901","90288","41133","119773","47518","(X)","(X)","(X)","(X)","(X)","(X)"
"1400000US36047001800","Census Tract 18, Kings County, New York","0","12","-","**","-","**","-","**","-","**","-","**","-","**","-","**","-","**","-","**","-","**","-","**","-","**","-","**","0","12","-","**","-","**","-","**","-","**","-","**","0","12","-","**","-","**","-","**","-","**","-","**","-","**","-","(X)","-","(X)","-","(X)","-","**","-","**","-","**","-","**","-","**","-","**","-","**","-","**","-","**","-","**","-","**","-","**","-","**","-","**","-","**","-","**","-","**","-","**","-","**","-","**","-","**","-","**","-","**","-","**","-","**","-","**","-","**","(X)","(X)","(X)","(X)","(X)","(X)"
"1400000US36047002000","Census Tract 20, Kings County, New York","424","59","41.7","11.2","5.9","5.0","0.0","7.4","6.6","4.9","0.0","7.4","42.9","11.6","2.8","4.2","77.8","9.6","11.8","7.5","3.5","4.1","42.0","11.8","41.0","11.5","13.4","8.0","294","67","64.6","14.6","35.4","14.6","47.3","14.0","27.2","13.8","25.5","12.8","130","51","24.6","25.3","24.6","25.3","0.0","21.9","75.4","25.3","64.6","27.1","10.8","16.5","39.9","(X)","43.5","(X)","23.8","(X)","72500","24752","72552","23134","130972","122287","-","**","95625","161232","-","**","55556","37776","-","**","63750","36006","80556","47087","-","**","72708","55876","71500","28065","75568","120569","75714","24684","34500","68903","78000","10215","76607","43041","33333","23720","81719","63246","51818","40214","-","**","-","**","-","**","47500","28337","43250","22085","-","**","(X)","(X)","(X)","(X)","(X)","(X)"
"1400000US36047002100","Census Tract 21, Kings County, New York","1557","119","83.1","5.7","4.5","3.4","0.0","2.1","7.8","3.6","0.0","2.1","3.5","3.9","1.1","1.2","10.2","6.6","76.4","7.3","0.0","2.1","80.7","6.3","18.2","6.2","1.1","1.4","925","134","63.0","9.3","37.0","9.3","94.5","4.0","3.6","3.4","1.9","2.2","632","132","28.0","11.0","16.6","8.5","11.4","7.4","72.0","11.0","32.0","11.9","40.0","12.1","18.0","(X)","16.9","(X)","19.8","(X)","193942","33440","199839","63614","231250","240324","-","**","175179","153825","-","**","-","**","-","**","119866","106068","230000","66611","-","**","207375","76309","118884","38798","-","**","240878","62305","240781","116806","240897","49534","241330","53654","146417","136915","-","**","137364","49329","112361","28004","109271","44412","133438","51805","198618","112982","95500","133644","243371","70805","(X)","(X)","(X)","(X)","(X)","(X)"
"1400000US36047002200","Census Tract 22, Kings County, New York","1576","80","49.3","7.5","2.1","2.0","2.3","2.7","18.0","5.2","0.0","2.0","26.2","7.3","2.0","1.6","62.6","7.1","18.8","4.5","2.1","2.4","33.7","6.6","44.0","7.2","20.2","5.2","1066","113","37.1","8.3","62.9","8.3","54.9","9.5","38.7","9.8","6.4","4.0","510","118","46.3","13.4","40.6","12.5","5.7","6.3","53.7","13.4","32.7","11.2","21.0","11.6","32.2","(X)","39.8","(X)","16.5","(X)","38325","5060","40040","8523","19141","159418","-","**","54545","13524","-","**","24759","10544","65278","76982","37516","15619","36875","10672","-","**","39256","11273","43603","26398","18299","4245","39500","10149","30167","18479","48654","8786","53094","12668","23778","8058","48594","40641","26875","5827","16250","12321","12734","7446","-","**","30357","14275","25531","6973","86827","96848","(X)","(X)","(X)","(X)","(X)","(X)"
"1400000US36047002300","Census Tract 23, Kings County, New York","1561","58","9.6","3.8","56.5","7.1","0.6","1.2","6.8","3.3","0.5","0.8","17.2","6.8","8.8","4.3","36.5","7.2","1.7","2.2","4.7","4.2","31.1","7.6","48.1","8.3","16.0","4.8","1098","111","37.4","9.1","62.6","9.1","16.2","5.9","73.3","7.5","10.5","7.5","463","110","57.2","12.7","51.8","12.1","5.4","5.3","42.8","12.7","40.4","13.0","2.4","3.5","39.7","(X)","45.2","(X)","26.6","(X)","16795","3201","20208","20301","16944","4337","-","**","25385","10034","-","**","14063","12273","16625","18877","15292","4369","-","**","6154","17407","13904","3816","22602","7885","19306","5529","17606","4589","13048","9790","19173","4985","23889","12784","15446","6365","19291","23511","13542","5072","16033","5330","14674","4227","-","**","9959","8579","9734","3111","-","**","(X)","(X)","(X)","(X)","(X)","(X)"
"1400000US36047002901","Census Tract 29.01, Kings County, New York","1252","59","8.1","4.3","66.6","6.7","0.0","2.6","8.1","4.2","0.0","2.6","13.0","6.1","4.2","3.6","29.6","7.4","0.0","2.6","4.9","4.2","33.1","7.1","41.5","7.0","20.5","4.5","803","111","59.8","10.7","40.2","10.7","30.9","9.3","65.3","10.6","3.9","4.8","449","108","83.5","11.2","83.5","11.2","0.0","7.0","16.5","11.2","16.5","11.2","0.0","7.0","42.0","(X)","45.6","(X)","35.6","(X)","12645","3935","8772","875","13159","3572","-","**","13708","2139","-","**","19760","11120","7716","1670","9622","7238","-","**","2,500-","***","8096","2007","18922","6391","9962","4068","15063","5553","12616","5696","29543","2487","18512","6007","13214","5624","-","**","8802","668","8964","1064","8964","1064","-","**","8532","439","8532","439","-","**","(X)","(X)","(X)","(X)","(X)","(X)"
"1400000US36047003000","Census Tract 30, Kings County, New York","751","49","82.2","6.4","3.5","4.1","0.0","4.2","7.3","4.7","0.0","4.2","6.3","5.4","0.8","1.3","12.3","7.7","76.7","7.7","2.0","2.4","35.3","9.9","49.5","12.1","13.2","5.0","517","87","43.1","10.1","56.9","10.1","80.7","10.9","16.4","10.3","2.9","3.1","234","84","32.1","17.0","32.1","17.0","0.0","12.9","67.9","17.0","41.0","19.6","26.9","17.4","29.7","(X)","36.2","(X)","12.8","(X)","56942","11705","56863","21946","-","**","-","**","72656","16224","-","**","63313","57443","-","**","64625","108331","56274","12304","-","**","56678","11125","73229","36875","40250","7214","73802","24204","58295","8946","88000","21702","73490","23153","93750","86469","-","**","43611","10042","12264","23964","12264","23964","-","**","46691","12978","43611","15574","54866","158112","(X)","(X)","(X)","(X)","(X)","(X)"
"1400000US36047003100","Census Tract 31, Kings County, New York","907","77","24.8","6.9","46.1","10.2","0.0","3.5","19.5","6.8","0.0","3.5","6.2","6.5","3.4","2.6","8.3","6.8","23.3","6.6","0.0","3.5","42.6","7.8","36.8","8.2","20.6","4.7","322","67","35.7","13.0","64.3","13.0","55.3","14.2","22.4","13.4","22.4","12.5","585","83","44.8","12.2","43.8","12.2","1.0","1.4","55.2","12.2","46.5","13.0","8.7","5.5","31.0","(X)","22.0","(X)","35.9","(X)","64668","7273","82446","13110","62627","4231","-","**","73140","18105","-","**","12059","144213","69531","55346","12131","121215","83393","14556","-","**","78125","7454","61667","7600","47404","14310","78021","11729","87813","34594","66080","13896","99167","16114","63667","30530","65114","10058","59805","6360","63250","5073","63063","6374","-","**","57837","6861","56014","9578","92083","25154","(X)","(X)","(X)","(X)","(X)","(X)"
"1400000US36047003300","Census Tract 33, Kings County, New York","1498","89","67.4","8.0","11.8","4.7","0.0","2.1","9.7","5.2","0.0","2.1","5.4","3.5","5.7","4.9","13.8","6.4","64.0","7.9","6.1","3.5","70.8","5.7","16.8","4.5","6.3","2.4","411","99","35.0","14.4","65.0","14.4","73.7","15.7","26.3","15.7","0.0","7.6","1087","119","49.1","10.1","31.2","10.2","17.9","6.6","50.9","10.1","32.1","10.1","18.8","7.8","23.2","(X)","26.0","(X)","22.2","(X)","82381","19790","106458","19755","55568","26528","-","**","24867","58848","-","**","56012","9330","108594","139654","39063","24718","113250","14876","105833","122367","96300","28570","31000","56775","78182","138968","108802","38644","121111","153804","108385","50454","157292","57461","26923","87533","-","**","81414","11009","68750","53847","26075","18160","114844","23669","82188","19764","80662","23132","116447","66518","(X)","(X)","(X)","(X)","(X)","(X)"
"1400000US36047003400","Census Tract 34, Kings County, New York","1468","65","84.2","7.3","0.0","2.2","3.9","5.4","9.6","5.0","0.0","2.2","0.0","2.2","2.3","2.6","10.4","6.0","78.5","7.2","0.7","1.0","46.0","7.4","27.6","8.2","25.7","6.3","808","134","47.9","13.6","52.1","13.6","75.6","13.0","16.3","12.3","8.0","8.5","660","125","71.8","12.0","68.8","12.3","3.0","3.3","28.2","12.0","24.7","10.9","3.5","4.0","31.5","(X)","30.2","(X)","33.0","(X)","88409","11781","77500","33170","-","**","-","**","143618","66347","-","**","-","**","-","**","89035","28247","71632","36050","-","**","105118","19501","70590","35487","28611","8835","96830","17531","106182","25703","95378","20001","107114","21815","87632","33102","44390","21805","43864","18793","39868","19106","38553","17045","-","**","58438","70098","57969","61563","-","**","(X)","(X)","(X)","(X)","(X)","(X)"
"1400000US36047003500","Census Tract 35, Kings County, New York","786","60","28.6","6.7","46.7","7.1","0.0","4.0","10.7","5.2","0.0","4.0","6.5","6.6","7.5","4.9","13.7","7.8","23.7","6.5","1.7","2.3","46.8","7.7","27.6","8.1","23.9","5.0","363","60","29.8","13.7","70.2","13.7","52.9","11.7","47.1","11.7","0.0","8.6","423","76","48.5","11.5","40.7","11.3","7.8","6.9","51.5","11.5","46.6","11.3","5.0","7.7","31.8","(X)","36.6","(X)","26.5","(X)","50244","7023","90938","72689","28594","12717","-","**","58333","23795","-","**","-","**","110774","84523","31951","18128","67143","78653","-","**","58571","10873","57604","42770","24375","12600","78015","28854","62237","185258","78309","25010","118750","57104","49018","15210","-","**","32760","7436","22396","19878","18864","8870","51875","5718","46172","11744","45352","15708","-","**","(X)","(X)","(X)","(X)","(X)","(X)"
"1400000US36047003600","Census Tract 36, Kings County, New York","1802","88","79.8","5.8","2.9","2.1","0.0","1.8","13.3","4.5","0.0","1.8","1.3","1.4","2.7","2.2","14.0","6.4","68.2","6.7","1.6","2.6","41.6","6.9","31.1","6.0","25.8","5.8","1023","153","44.2","8.7","55.8","8.7","71.8","9.6","24.2","9.2","3.9","3.6","779","150","59.2","9.4","53.4","10.0","5.8","4.8","40.8","9.4","30.4","8.1","10.4","8.1","29.2","(X)","30.1","(X)","28.0","(X)","57656","15041","50893","8249","65221","33417","-","**","110972","55004","-","**","-","**","89412","20911","56905","36985","50268","7395","-","**","82098","23928","75313","41787","25707","5859","81563","27099","94375","62123","80813","23955","95972","28373","48750","40528","197619","132409","42813","21620","25610","7489","23800","9093","87868","94532","56591","14942","45375","10865","116007","33099","(X)","(X)","(X)","(X)","(X)","(X)"
"1400000US36047003700","Census Tract 37, Kings County, New York","368","30","76.6","8.2","1.9","2.0","0.0","8.4","9.8","6.6","0.0","8.4","10.1","5.8","1.6","2.7","18.5","7.7","69.8","8.6","8.4","6.9","78.0","7.9","8.2","3.5","5.4","3.1","116","28","53.4","14.2","46.6","14.2","79.3","20.2","12.9","17.1","7.8","11.4","252","38","24.2","10.0","18.7","9.2","5.6","4.9","75.8","10.0","43.7","15.5","32.1","16.0","8.7","(X)","10.3","(X)","7.9","(X)","88864","21666","90833","26401","-","**","-","**","150625","105501","-","**","9152","707","-","**","14643","57038","98229","30818","91528","113045","88750","32064","98333","215772","-","**","90556","18023","89318","51649","91389","41614","108333","92121","-","**","-","**","78889","39934","42212","45180","41250","31175","64375","129574","99688","51446","61538","15495","153618","63402","(X)","(X)","(X)","(X)","(X)","(X)"
"1400000US36047003800","Census Tract 38, Kings County, New York","661","61","84.4","7.0","0.8","1.3","0.0","4.8","14.1","6.9","0.0","4.8","0.0","4.8","0.8","1.2","7.7","7.6","77.5","9.3","0.0","4.8","27.8","8.0","49.0","9.1","23.1","8.8","465","60","37.8","11.2","62.2","11.2","74.6","10.8","22.8","11.1","2.6","2.3","196","68","63.8","14.9","55.6","16.0","8.2","6.8","36.2","14.9","28.6","14.9","7.7","8.4","28.1","(X)","31.4","(X)","20.4","(X)","96982","7908","94688","6367","-","**","-","**","227596","203227","-","**","-","**","-","**","95847","71257","92432","8777","-","**","105000","51348","106250","17058","80089","51948","109141","23792","106429","71812","109609","25781","157625","47429","70625","35702","22143","23301","67500","32916","44886","16768","43068","19994","80000","41327","95875","21344","90500","34676","-","**","(X)","(X)","(X)","(X)","(X)","(X)"
"1400000US36047003900","Census Tract 39, Kings County, New York","1115","71","59.7","9.2","15.7","6.3","0.0","2.9","14.3","4.9","0.0","2.9","4.6","3.4","5.7","4.1","20.3","6.2","45.8","8.3","3.7","3.1","59.7","7.6","27.0","6.1","9.6","3.4","387","81","50.1","14.5","49.9","14.5","85.0","8.8","12.1","8.8","2.8","4.3","728","98","52.1","9.4","33.9","9.7","18.1","7.0","47.9","9.4","29.9","8.8","18.0","8.6","26.3","(X)","30.5","(X)","24.0","(X)","95625","24449","116667","28955","17917","48262","-","**","76125","27769","-","**","136328","130402","85476","49931","20147","19246","129899","25650","100859","91322","100909","45420","112639","165331","21691","25457","145625","52078","217045","76343","127798","67800","147067","71553","56719","34418","-","**","71071","28885","48125","25256","27969","20723","131250","24539","94464","29843","16750","64867","151771","97232","(X)","(X)","(X)","(X)","(X)","(X)"
"1400000US36047004100","Census Tract 41, Kings County, New York","1539","91","79.9","6.7","7.8","4.2","0.0","2.1","6.3","3.6","0.0","2.1","3.1","3.8","3.0","3.7","8.9","5.0","76.9","6.5","1.3","1.4","55.0","7.6","34.9","6.8","8.8","3.4","665","139","53.7","10.6","46.3","10.6","75.3","10.4","15.9","9.2","8.7","5.8","874","143","61.7","12.0","48.4","12.6","13.3","6.8","38.3","12.0","27.1","11.4","11.2","7.4","19.9","(X)","19.7","(X)","20.1","(X)","108510","29374","112516","21231","129107","68553","-","**","147802","112110","-","**","-","**","-","**","46477","84709","112615","20427","-","**","107625","33769","113963","29049","60972","33857","161406","40884","213194","94733","134167","40463","168750","48389","126833","15647","114423","252482","75547","24341","64256","15088","59769","16779","114052","22370","92171","62303","61964","106584","128750","75205","(X)","(X)","(X)","(X)","(X)","(X)"
"1400000US36047004300","Census Tract 43, Kings County, New York","1511","99","69.7","7.8","2.8","2.0","0.0","2.1","7.6","3.6","0.0","2.1","15.4","6.8","4.6","3.6","22.0","7.6","64.8","9.0","5.0","3.4","54.3","6.8","25.0","5.3","15.7","4.6","568","108","48.1","11.2","51.9","11.2","87.3","9.4","12.7","9.4","0.0","5.6","943","139","46.8","8.4","30.6","9.1","16.1","7.0","53.2","8.4","34.1","8.5","19.1","8.0","12.5","(X)","22.2","(X)","6.7","(X)","102875","22050","112670","16487","9219","28506","-","**","150469","73419","-","**","31923","31884","130036","120398","31010","18126","118750","21039","113352","42374","130506","23386","53750","56327","30697","12390","142115","41170","187566","47143","109276","47316","142188","60487","142000","135022","-","**","63047","26200","76354","40874","53924","10235","118235","17731","60833","31784","43813","14982","143250","22830","(X)","(X)","(X)","(X)","(X)","(X)"
"1400000US36047004400","Census Tract 44, Kings County, New York","965","69","93.5","3.5","0.0","3.3","0.0","3.3","6.2","3.5","0.0","3.3","0.0","3.3","0.3","0.5","6.4","3.9","87.0","4.6","0.0","3.3","22.7","6.0","44.5","6.9","32.8","6.8","681","92","32.0","8.5","68.0","8.5","83.1","7.1","11.7","6.1","5.1","4.2","284","86","72.5","16.5","70.4","15.8","2.1","3.4","27.5","16.5","27.5","16.5","0.0","10.8","28.1","(X)","30.0","(X)","23.6","(X)","82232","16798","82321","16669","-","**","-","**","41250","103164","-","**","-","**","-","**","31250","76542","85385","18823","-","**","72198","19283","137132","51628","51979","4431","105417","24153","101250","47779","110938","38521","117500","36730","53611","35302","88958","90663","51488","5535","55417","45021","54286","50825","-","**","51012","4285","51012","4285","-","**","(X)","(X)","(X)","(X)","(X)","(X)"
"1400000US36047004500","Census Tract 45, Kings County, New York","1716","89","89.6","5.0","2.1","2.7","0.0","1.9","3.1","2.7","0.0","1.9","3.4","3.2","1.9","1.6","6.8","3.7","86.5","5.3","1.2","1.2","53.1","5.9","33.6","6.3","12.1","3.7","748","113","41.3","8.6","58.7","8.6","84.9","8.4","12.0","7.7","3.1","3.4","968","127","65.8","9.0","56.8","9.9","9.0","4.8","34.2","9.0","22.3","8.0","11.9","6.1","17.5","(X)","14.6","(X)","19.0","(X)","103226","32975","120391","30893","-","**","-","**","86298","49029","-","**","63750","64742","144286","125743","47448","36794","125486","26932","85536","187963","110625","34743","135161","60919","50385","32598","170833","50925","202708","89680","165125","38420","204792","46513","45833","22748","-","**","71649","16099","72847","17677","71064","13743","87235","69533","65787","54295","60455","5436","154107","114127","(X)","(X)","(X)","(X)","(X)","(X)"
"1400000US36047004600","Census Tract 46, Kings County, New York","510","43","88.8","7.2","0.0","6.2","1.8","3.1","8.4","7.0","0.0","6.2","1.0","2.6","0.0","6.2","1.0","2.6","88.8","7.2","0.0","6.2","32.4","10.2","32.0","8.1","35.7","10.5","383","47","53.0","12.1","47.0","12.1","79.4","14.7","18.0","14.8","2.6","3.1","127","50","70.1","30.0","70.1","30.0","0.0","22.3","29.9","30.0","29.9","30.0","0.0","22.3","24.9","(X)","20.4","(X)","38.6","(X)","86250","15876","82396","31401","-","**","-","**","93456","80062","-","**","-","**","-","**","-","**","82396","31401","-","**","92574","59052","148047","74057","32321","11660","147292","78179","156458","75037","89583","90766","160588","10813","2,500-","***","-","**","24280","14158","22841","2107","22841","2107","-","**","86667","65901","86667","65901","-","**","(X)","(X)","(X)","(X)","(X)","(X)"
"1400000US36047004700","Census Tract 47, Kings County, New York","641","68","59.1","10.0","18.4","9.0","0.0","4.9","5.3","3.8","0.0","4.9","11.5","8.1","5.6","5.0","24.2","8.9","49.0","10.3","1.9","2.0","60.8","9.4","29.2","9.2","8.1","3.6","419","71","54.9","10.5","45.1","10.5","72.1","14.5","23.2","14.9","4.8","4.1","222","62","38.3","15.1","32.9","14.1","5.4","6.3","61.7","15.1","50.0","16.0","11.7","9.3","20.6","(X)","16.5","(X)","24.3","(X)","101875","22635","102188","23755","43750","84176","-","**","121250","4759","-","**","36974","204907","123269","83473","52708","40074","116111","39496","-","**","116442","10642","48523","48733","55000","62721","103194","32371","121607","92012","99250","24308","121429","29250","41308","1153","211111","109480","49318","38042","58375","45491","43438","55132","-","**","48523","72974","27292","37654","113500","31914","(X)","(X)","(X)","(X)","(X)","(X)"
"1400000US36047004900","Census Tract 49, Kings County, New York","912","84","86.5","6.6","0.8","1.3","0.0","3.5","6.3","4.1","0.0","3.5","0.0","3.5","6.5","4.6","11.3","6.2","79.9","7.8","3.4","2.8","60.1","8.1","27.0","8.2","9.5","4.6","513","103","43.5","12.8","56.5","12.8","94.7","5.0","5.3","5.0","0.0","6.1","399","82","66.7","12.4","47.6","11.7","19.0","12.7","33.3","12.4","22.8","10.5","10.5","8.8","22.3","(X)","24.6","(X)","19.3","(X)","100200","33828","102457","19799","-","**","-","**","54531","49154","-","**","-","**","39830","93341","39716","37434","104353","14529","20469","28087","117344","39347","80833","51607","51806","20790","136172","37227","183472","63818","89286","52570","136563","47064","113958","84933","-","**","63681","32670","57188","35046","56563","32243","63056","76374","80156","58084","32361","34787","130278","63621","(X)","(X)","(X)","(X)","(X)","(X)"
"1400000US36047005000","Census Tract 50, Kings County, New York","1073","74","93.2","5.7","0.8","1.3","0.0","3.0","4.8","5.3","0.0","3.0","1.1","1.7","0.0","3.0","8.7","5.6","85.6","7.5","0.0","3.0","24.9","6.4","41.2","7.1","33.9","7.1","563","96","36.8","10.9","63.2","10.9","90.4","8.2","7.5","7.0","2.1","3.5","510","101","62.4","12.2","58.4","12.4","3.9","4.3","37.6","12.2","34.1","12.8","3.5","4.0","29.6","(X)","36.1","(X)","20.2","(X)","82644","20376","83269","18797","-","**","-","**","64412","179655","-","**","-","**","-","**","104018","78517","81023","19284","-","**","98875","21647","94375","39043","52188","33109","112554","30506","98625","64301","153750","88459","109375","42040","34783","205948","-","**","51912","17851","44219","20886","42656","14993","-","**","63309","24573","63162","27912","-","**","(X)","(X)","(X)","(X)","(X)","(X)"
"1400000US36047005100","Census Tract 51, Kings County, New York","970","78","83.5","7.8","4.6","4.2","0.0","3.3","5.6","3.4","0.0","3.3","4.1","4.0","2.2","3.3","17.1","7.7","70.5","9.1","0.8","1.3","62.7","7.1","23.8","7.2","12.7","4.5","499","111","49.1","11.4","50.9","11.4","89.8","6.1","8.6","5.6","1.6","2.6","471","112","51.6","12.3","31.6","11.4","20.0","10.3","48.4","12.3","28.5","13.3","20.0","10.9","21.6","(X)","24.0","(X)","19.1","(X)","100645","17413","101774","18728","52946","66464","-","**","95139","75981","-","**","123269","142452","-","**","83750","32275","107833","39677","-","**","129167","44122","96042","55289","39306","17942","124904","47934","160298","40696","77946","16625","128889","45366","49531","238330","-","**","91020","16154","80536","20373","75139","48566","90862","30887","105833","15235","81290","25195","146466","24211","(X)","(X)","(X)","(X)","(X)","(X)"
"1400000US36047005201","Census Tract 52.01, Kings County, New York","1041","79","79.4","8.6","1.8","3.0","4.7","5.6","13.3","6.6","0.0","3.1","0.8","1.1","0.0","3.1","5.8","3.8","74.4","9.0","0.0","3.1","20.8","8.4","28.3","8.8","50.8","7.3","334","76","35.3","13.8","64.7","13.8","81.1","14.6","18.9","14.6","0.0","9.3","707","100","82.3","7.5","80.3","8.1","2.0","2.3","17.7","7.5","17.7","7.5","0.0","4.5","24.8","(X)","28.1","(X)","23.2","(X)","17292","9882","26809","11201","-","**","-","**","13207","3145","-","**","-","**","-","**","95208","48499","25691","10669","-","**","97460","31305","34063","51730","12960","1599","78250","58036","104722","35709","16888","39619","52813","97544","79375","83164","-","**","14215","3650","13015","4016","12500","3855","-","**","36528","45267","36528","45267","-","**","(X)","(X)","(X)","(X)","(X)","(X)"
"1400000US36047005202","Census Tract 52.02, Kings County, New York","1349","88","94.4","3.1","0.7","1.0","0.0","2.4","1.6","1.7","0.0","2.4","2.2","2.5","1.1","1.3","5.1","3.6","91.5","4.0","0.0","2.4","34.0","7.4","35.7","6.0","30.3","6.4","557","94","40.0","10.6","60.0","10.6","81.7","12.2","18.3","12.2","0.0","5.7","792","99","60.0","9.5","54.5","9.7","5.4","5.3","40.0","9.5","38.4","10.2","1.6","2.4","29.1","(X)","32.1","(X)","24.9","(X)","72854","15573","73177","14983","-","**","-","**","-","**","-","**","-","**","-","**","54792","42999","73099","15031","-","**","90893","17152","63088","15340","50729","24600","83150","26903","112639","103477","83000","20302","83250","26551","74904","81002","-","**","55690","13507","46645","20639","41522","16472","116198","4558","59236","37114","72692","41473","-","**","(X)","(X)","(X)","(X)","(X)","(X)"
"1400000US36047005300","Census Tract 53, Kings County, New York","911","94","52.3","10.4","15.4","7.5","0.0","3.5","3.6","3.2","0.0","3.5","24.4","10.2","4.4","3.2","32.6","10.2","45.8","10.0","1.0","1.1","55.7","9.2","33.2","8.9","10.2","3.9","467","116","54.4","14.0","45.6","14.0","62.1","14.5","25.5","13.1","12.4","8.5","444","108","57.9","15.2","33.8","15.4","24.1","9.2","42.1","15.2","26.6","13.7","15.5","10.3","36.7","(X)","35.3","(X)","34.5","(X)","67054","11047","96429","23456","53600","29142","-","**","65625","53391","-","**","70875","45153","41667","76019","55813","51705","100515","29602","-","**","61641","16312","73716","19968","15074","3237","60875","18511","54800","40234","61375","15919","86667","102477","29821","45293","46375","34350","67321","21263","66696","46539","42273","47714","98417","35100","67792","32400","62000","40293","91250","79357","(X)","(X)","(X)","(X)","(X)","(X)"
"1400000US36047005400","Census Tract 54, Kings County, New York","1648","108","85.4","5.1","0.7","1.0","0.5","0.8","8.8","4.6","0.0","2.0","3.2","2.7","1.5","1.5","12.5","5.3","77.7","6.1","0.0","2.0","35.7","6.0","46.1","6.7","18.2","5.0","852","115","39.4","9.4","60.6","9.4","79.6","10.7","12.0","8.0","8.5","7.5","796","112","60.6","8.9","53.4","9.3","7.2","6.0","39.4","8.9","30.3","8.7","9.2","6.3","34.0","(X)","35.3","(X)","32.5","(X)","62778","11537","63958","14424","-","**","-","**","46528","10104","-","**","61771","113467","3125","61571","61042","44561","64282","16917","-","**","73472","16121","55833","23483","49464","20729","64605","25878","63636","43304","71071","37601","77500","22981","41154","13169","46481","69433","61719","13982","62500","18676","51607","23086","138750","36576","61250","37644","50536","20719","131369","22823","(X)","(X)","(X)","(X)","(X)","(X)"
"1400000US36047005601","Census Tract 56.01, Kings County, New York","1410","91","84.7","8.6","7.3","6.0","0.0","2.3","5.7","3.9","0.0","2.3","2.3","2.9","0.0","2.3","11.7","5.3","79.1","8.7","1.1","1.4","37.0","6.5","36.6","6.5","25.2","6.0","564","109","39.4","13.7","60.6","13.7","78.4","13.3","16.8","12.6","4.8","4.5","846","116","66.8","9.9","59.7","9.1","7.1","5.2","33.2","9.9","23.8","9.1","9.5","5.8","35.7","(X)","59.4","(X)","20.0","(X)","51339","6202","53476","14485","30116","12507","-","**","53966","4779","-","**","-","**","-","**","32760","3690","54146","17316","-","**","62778","24598","70357","40502","23906","6282","77679","25188","79038","105748","76136","35294","104167","48894","2,500-","***","75694","79285","35143","5211","32530","11439","29236","10593","107500","178662","48375","23728","37702","15821","103600","14972","(X)","(X)","(X)","(X)","(X)","(X)"
"1400000US36047005602","Census Tract 56.02, Kings County, New York","888","81","85.4","8.1","0.0","3.6","0.0","3.6","6.2","3.8","0.0","3.6","7.8","8.1","0.7","1.2","20.9","10.2","72.9","10.2","5.3","6.1","36.8","8.7","34.6","9.3","23.3","7.4","411","105","32.4","12.5","67.6","12.5","69.3","18.7","18.2","15.5","12.4","12.8","477","96","57.9","11.1","48.2","12.1","9.6","8.5","42.1","11.1","36.1","11.0","6.1","4.7","35.2","(X)","53.0","(X)","19.9","(X)","51989","14358","51250","11069","-","**","-","**","102875","52776","-","**","31875","63620","-","**","32267","25487","52415","18338","-","**","72679","19124","42399","30617","38466","20425","63594","29905","97917","27967","41250","28472","86211","20723","32038","72198","31594","5635","47697","12032","38571","12152","41111","15352","35192","13316","70536","40782","51406","39550","116250","116052","(X)","(X)","(X)","(X)","(X)","(X)"
"1400000US36047005800","Census Tract 58, Kings County, New York","1595","91","84.8","5.2","0.0","2.0","0.0","2.0","10.1","4.0","0.0","2.0","3.8","3.3","1.3","1.5","12.3","5.1","76.3","6.3","2.7","2.2","41.7","6.7","34.4","8.6","21.2","5.5","696","113","40.2","12.3","59.8","12.3","78.6","9.7","10.9","6.1","10.5","8.4","899","119","36.2","9.6","32.8","9.6","3.3","3.1","63.8","9.6","50.8","11.0","13.0","7.7","30.8","(X)","41.8","(X)","22.4","(X)","50747","5185","50244","4671","-","**","-","**","61938","77695","-","**","2,500-","***","-","**","49318","52772","50046","5099","6625","19588","61438","13285","50313","18365","31974","25841","75694","13908","69750","76299","76500","13026","82361","27331","31000","90943","54625","30125","45754","6597","43375","27346","29205","28533","58000","22923","47222","13880","34306","24657","136125","150055","(X)","(X)","(X)","(X)","(X)","(X)"
"1400000US36047005900","Census Tract 59, Kings County, New York","561","69","72.0","10.8","7.1","5.2","0.0","5.6","7.1","8.0","0.0","5.6","12.5","8.3","1.2","1.9","16.4","8.6","67.6","10.8","6.4","5.8","53.5","9.3","30.8","10.6","9.3","6.4","238","75","42.0","17.8","58.0","17.8","77.7","13.9","17.6","12.5","4.6","7.5","323","88","46.4","17.2","21.4","10.7","25.1","14.1","53.6","17.2","39.6","15.2","13.9","10.5","27.3","(X)","17.6","(X)","34.4","(X)","61106","9782","64750","14135","33438","16952","-","**","-","**","-","**","27059","51874","-","**","27143","44446","67396","14290","12143","16764","80096","24798","49904","33730","23452","16345","62212","52696","61731","55297","73542","72573","100208","82905","30417","30503","-","**","53750","16405","53214","22350","29886","21214","64625","79331","56875","29122","49286","30897","74293","4098","(X)","(X)","(X)","(X)","(X)","(X)"
"1400000US36047006000","Census Tract 60, Kings County, New York","1129","96","84.1","6.5","1.7","2.6","0.0","2.8","8.9","4.2","0.0","2.8","2.5","2.9","2.9","3.2","15.4","6.8","72.0","7.7","4.9","3.9","40.6","8.6","37.3","8.0","17.3","6.1","676","94","39.3","10.6","60.7","10.6","69.2","10.5","27.2","9.6","3.6","5.4","453","94","37.5","12.7","33.6","12.0","4.0","4.0","62.5","12.7","47.2","14.5","15.2","11.8","42.2","(X)","54.0","(X)","24.7","(X)","62578","11132","69306","14234","-","**","-","**","40000","29748","-","**","-","**","51484","26661","74844","79946","66458","11941","30208","15880","63250","19944","82292","25315","47321","41342","81118","14267","81724","14043","74531","26633","85938","10608","65455","65109","-","**","46705","14547","45673","43351","45673","40178","-","**","49018","16403","48750","27948","49018","133632","(X)","(X)","(X)","(X)","(X)","(X)"
"1400000US36047006200","Census Tract 62, Kings County, New York","1220","74","69.8","7.6","4.1","4.6","0.0","2.6","14.4","5.3","0.0","2.6","11.7","7.2","0.0","2.6","18.6","8.0","60.9","8.9","3.5","2.6","32.2","7.1","44.0","7.7","20.2","5.5","641","115","57.9","10.2","42.1","10.2","75.5","10.9","15.4","9.4","9.0","6.5","579","115","73.1","9.1","63.0","10.5","10.0","7.6","26.9","9.1","26.9","9.1","0.0","5.5","40.4","(X)","45.6","(X)","34.7","(X)","43279","4633","47888","10828","-","**","-","**","27292","82558","-","**","42031","8920","-","**","42723","3472","48319","13360","40515","22638","52695","16532","51354","25249","22829","16745","61518","22304","54219","39233","65962","28960","75469","28577","47813","22727","28214","74922","32017","11543","27428","22463","26250","14979","52604","27878","33000","15654","33000","15654","-","**","(X)","(X)","(X)","(X)","(X)","(X)"
"1400000US36047006300","Census Tract 63, Kings County, New York","875","76","89.6","6.0","0.0","3.6","0.0","3.6","8.8","5.8","0.0","3.6","1.6","1.8","0.0","3.6","10.7","5.1","80.5","6.5","2.9","2.8","59.2","7.5","27.2","6.8","10.7","6.2","435","79","44.8","13.6","55.2","13.6","77.0","10.9","17.7","11.0","5.3","4.9","440","93","68.6","13.1","53.4","15.7","15.2","8.9","31.4","13.1","17.3","11.5","14.1","10.5","30.7","(X)","33.3","(X)","28.2","(X)","92188","13107","84778","10303","-","**","-","**","110954","8691","-","**","-","**","-","**","82500","32016","84833","12549","72813","126318","100667","13686","92813","25473","18750","5532","94196","5948","94844","32947","94044","5199","95625","19639","64330","42166","95104","131136","83017","15986","75500","22541","63958","30556","80938","51947","120833","82775","100500","80262","177969","41781","(X)","(X)","(X)","(X)","(X)","(X)"
"1400000US36047006400","Census Tract 64, Kings County, New York","1499","63","79.3","6.2","2.1","1.9","0.0","2.1","13.9","5.7","0.0","2.1","1.1","1.3","3.7","4.1","6.2","3.5","75.6","6.6","2.4","2.7","33.8","6.9","43.7","10.0","20.1","5.6","843","128","44.7","10.3","55.3","10.3","78.3","9.7","15.8","8.3","5.9","5.1","656","128","53.5","11.3","48.0","11.9","5.5","5.1","46.5","11.3","32.8","11.9","13.7","9.1","35.4","(X)","33.2","(X)","38.3","(X)","49191","10835","50340","7086","81250","99872","-","**","70375","57918","-","**","-","**","-","**","29618","44216","50473","5444","-","**","56528","15273","52264","21334","30250","3301","52058","17983","43698","37659","57596","17960","64732","19278","32917","40016","32232","42418","35278","9014","33594","12558","29185","8711","135455","19657","37321","25960","33657","12288","69000","26921","(X)","(X)","(X)","(X)","(X)","(X)"
"1400000US36047006500","Census Tract 65, Kings County, New York","2390","173","93.3","4.5","1.3","1.5","0.0","1.3","0.0","1.3","0.0","1.3","3.2","3.6","2.2","1.9","6.2","3.7","90.3","4.6","1.9","3.0","54.6","8.9","31.2","7.1","12.4","4.8","1048","193","43.1","12.2","56.9","12.2","83.5","9.0","8.0","5.6","8.5","7.8","1342","215","44.6","11.2","28.5","10.7","16.2","8.4","55.4","11.2","28.2","9.8","27.1","9.4","21.4","(X)","26.0","(X)","17.4","(X)","100850","10478","101068","9631","-","**","-","**","-","**","-","**","2,500-","***","121563","94894","47153","71990","101444","9501","-","**","104028","13420","102125","14277","33333","73992","121301","21857","121471","60017","121154","25744","126771","32259","140156","126027","4495","63646","84353","16287","88859","38013","89022","62999","77292","75491","83985","12693","63828","42315","124597","60897","(X)","(X)","(X)","(X)","(X)","(X)"
"1400000US36047006600","Census Tract 66, Kings County, New York","1475","128","79.3","6.9","3.1","3.2","0.0","2.2","8.1","4.5","0.0","2.2","8.3","4.0","1.1","1.9","16.6","5.1","72.4","7.2","3.5","4.2","42.1","7.6","39.0","7.6","15.4","4.7","764","119","56.0","10.2","44.0","10.2","67.9","11.5","24.9","10.1","7.2","6.5","711","126","55.0","10.3","48.2","10.8","6.8","5.6","45.0","10.3","30.8","11.4","14.2","9.5","37.3","(X)","35.9","(X)","38.8","(X)","58171","7456","52857","10891","58125","74390","-","**","65341","16354","-","**","66450","49218","-","**","58819","5737","50313","14081","37679","28825","59198","4577","67443","15156","27625","14585","66223","11617","59390","18240","71833","14492","77708","18138","54297","18128","65511","42274","46321","22907","32083","34101","26920","18468","94118","66705","57778","35339","33516","48933","58640","7969","(X)","(X)","(X)","(X)","(X)","(X)"
"1400000US36047006700","Census Tract 67, Kings County, New York","1545","94","96.6","2.8","1.4","2.2","0.0","2.1","0.6","1.0","0.0","2.1","1.2","1.4","0.3","0.7","9.1","3.6","88.9","4.5","2.2","2.9","53.6","6.9","32.2","7.2","12.0","4.1","925","131","50.4","7.3","49.6","7.3","82.4","8.5","14.5","7.8","3.1","4.6","620","126","69.7","10.6","41.3","10.3","28.4","11.0","30.3","10.6","19.8","9.6","10.5","7.3","18.1","(X)","21.3","(X)","13.2","(X)","138068","24720","139773","24231","-","**","-","**","-","**","-","**","-","**","-","**","99327","27491","146458","18999","-","**","150147","34407","148241","23746","103393","44700","163832","22190","195865","69179","161250","21026","185750","43982","141429","103023","-","**","84405","26030","88333","36932","81944","42938","103281","69282","84048","85319","64886","190837","84107","65811","(X)","(X)","(X)","(X)","(X)","(X)"
"1400000US36047006800","Census Tract 68, Kings County, New York","1892","91","70.2","7.5","1.7","1.7","0.0","1.7","18.7","5.4","0.0","1.7","8.9","5.1","0.5","0.9","24.0","6.3","55.7","7.2","1.0","1.1","32.7","7.0","41.8","6.8","24.5","4.9","1163","156","56.8","8.5","43.2","8.5","69.9","8.6","18.4","5.8","11.7","7.3","729","135","69.7","9.1","58.2","12.1","11.5","8.3","30.3","9.1","25.7","8.3","4.7","4.0","33.0","(X)","33.4","(X)","32.4","(X)","37946","9927","36139","10500","104464","130207","-","**","52596","26912","-","**","36449","14367","-","**","36591","15557","36250","11283","-","**","65099","18130","39598","8874","21359","5465","44835","9584","35635","12196","53452","7565","42887","14798","48100","10232","56389","27428","28229","8580","19833","5509","19667","5465","27917","37779","65107","26301","56607","21881","73500","202796","(X)","(X)","(X)","(X)","(X)","(X)"
"1400000US36047006900","Census Tract 69, Kings County, New York","1658","105","79.5","6.5","1.5","1.4","0.0","1.9","3.9","2.4","0.0","1.9","4.0","3.1","11.0","5.1","13.9","5.0","71.5","6.7","3.6","2.3","63.7","7.0","23.8","5.8","8.9","4.3","570","111","42.1","9.3","57.9","9.3","71.9","11.5","22.5","10.0","5.6","5.0","1088","126","51.0","8.8","33.5","8.9","17.6","7.5","49.0","8.8","20.8","7.4","28.2","9.2","28.2","(X)","22.5","(X)","31.2","(X)","110217","27840","121711","30205","80875","56663","-","**","178393","53222","-","**","58828","182203","67311","10095","69375","44595","127620","20482","54265","30164","104306","26650","159856","43851","16103","24671","159808","23129","194250","44491","155326","31933","193750","34128","82750","48079","129000","67825","82250","25161","54745","14189","45441","12456","96023","47761","103594","23985","49214","12459","153201","33843","(X)","(X)","(X)","(X)","(X)","(X)"
"1400000US36047007000","Census Tract 70, Kings County, New York","1031","72","71.2","8.9","4.6","3.2","0.0","3.1","21.5","8.6","0.0","3.1","0.9","1.3","1.8","2.0","10.2","5.0","62.8","9.8","0.7","1.1","26.7","8.9","37.6","10.6","35.0","7.9","659","104","46.3","10.9","53.7","10.9","70.4","10.9","26.9","10.5","2.7","2.9","372","93","51.9","13.4","47.3","13.5","4.6","5.0","48.1","13.4","45.7","13.8","2.4","3.6","35.0","(X)","30.8","(X)","42.5","(X)","46989","9931","54423","15697","34028","17655","-","**","31250","22030","-","**","-","**","-","**","65208","24304","54279","15164","-","**","63477","34155","50938","32502","36908","14783","62279","16680","70347","23066","53333","13946","71696","22655","43688","17461","-","**","25885","3664","24063","4269","23500","6078","-","**","32574","15957","27083","16141","-","**","(X)","(X)","(X)","(X)","(X)","(X)"
"1400000US36047007100","Census Tract 71, Kings County, New York","1694","97","34.8","6.1","39.0","5.5","0.0","1.9","2.2","1.9","0.0","1.9","22.8","5.5","1.1","1.3","35.9","5.6","24.6","5.5","2.5","2.7","37.2","7.4","38.3","6.6","22.0","5.6","1284","130","47.9","8.3","52.1","8.3","40.0","7.9","55.9","8.6","4.0","3.8","410","117","69.3","16.2","62.4","16.3","6.8","5.7","30.7","16.2","24.6","15.7","6.1","9.7","32.3","(X)","29.7","(X)","36.3","(X)","35383","10224","78250","37699","27407","17309","-","**","29318","8669","-","**","14446","5337","-","**","14893","4177","103578","15343","28650","12409","53379","19540","35319","17488","14853","5030","36570","5423","36109","9445","37225","10610","77708","22860","18235","4879","98889","88858","25781","12345","18889","14484","17593","12403","108214","70685","27700","13431","26490","83809","-","**","(X)","(X)","(X)","(X)","(X)","(X)"
"1400000US36047007200","Census Tract 72, Kings County, New York","616","37","34.6","11.8","0.6","1.0","0.0","5.1","32.5","10.7","0.0","5.1","32.3","12.3","0.0","5.1","44.6","11.9","22.2","9.5","5.0","4.8","37.7","10.8","45.9","11.6","11.4","7.2","502","67","44.6","12.8","55.4","12.8","75.9","10.9","19.3","9.5","4.8","5.0","114","48","36.8","24.0","25.4","19.5","11.4","13.7","63.2","24.0","50.9","27.9","12.3","12.3","22.7","(X)","23.3","(X)","18.4","(X)","34535","7710","32679","17963","-","**","-","**","44250","15390","-","**","17240","19309","-","**","26691","16021","25938","24745","11550","788","37672","6027","34034","15945","26786","35402","33605","8498","26618","16318","42616","13689","35096","11714","10417","6883","-","**","25385","31813","25192","18833","25481","24066","-","**","45417","64131","16711","51657","69375","13821","(X)","(X)","(X)","(X)","(X)","(X)"
"1400000US36047007400","Census Tract 74, Kings County, New York","1542","96","44.7","8.6","3.0","2.8","1.4","2.2","18.6","6.1","0.0","2.1","31.7","7.3","0.5","0.8","70.8","6.9","10.6","4.4","4.7","3.3","41.2","9.0","41.4","8.3","12.6","5.0","1262","131","59.6","9.0","40.4","9.0","74.6","7.7","15.8","6.5","9.5","4.8","280","102","58.2","19.4","58.2","19.4","0.0","10.9","41.8","19.4","30.7","18.8","11.1","12.8","34.5","(X)","33.4","(X)","39.6","(X)","35965","8813","31012","12374","8625","90309","-","**","53750","20588","-","**","37227","10590","-","**","32381","7726","54779","38763","23344","4545","46300","12774","36400","25362","13580","6385","40330","9563","35943","6312","54688","14163","41288","10121","23929","19843","41750","15488","23824","7825","22868","14682","22868","14682","-","**","26806","15862","23750","37323","-","**","(X)","(X)","(X)","(X)","(X)","(X)"
"1400000US36047007500","Census Tract 75, Kings County, New York","2080","152","77.7","10.6","0.0","1.5","0.0","1.5","11.4","7.7","0.0","1.5","10.3","7.4","0.5","0.9","14.2","7.6","73.8","10.5","2.2","3.5","51.5","8.4","27.5","6.7","18.8","7.1","1153","211","49.8","13.2","50.2","13.2","80.9","9.2","12.1","7.5","7.0","4.9","927","206","51.6","12.7","45.2","12.2","6.4","6.0","48.4","12.7","27.4","11.3","21.0","10.7","25.5","(X)","23.0","(X)","28.7","(X)","109250","22351","94545","20989","-","**","-","**","199188","24048","-","**","74676","127389","-","**","73843","80023","101250","25822","-","**","133750","34750","110078","42452","58512","15677","133142","20932","156333","50023","94018","40318","134673","14822","107690","29548","100125","58182","71953","28707","83654","67008","51806","62669","197951","33058","71328","30339","29205","43105","172188","72910","(X)","(X)","(X)","(X)","(X)","(X)"
"1400000US36047007600","Census Tract 76, Kings County, New York","1344","116","38.3","8.2","8.6","5.3","0.0","2.4","16.6","5.9","0.0","2.4","34.8","8.8","1.7","1.8","64.1","8.0","13.8","4.8","1.6","2.4","49.9","7.5","32.2","7.2","16.4","6.0","945","121","42.3","10.2","57.7","10.2","65.2","10.0","25.5","9.4","9.3","6.7","399","117","26.1","13.8","19.0","11.3","7.0","6.7","73.9","13.8","40.1","14.1","33.8","15.9","34.1","(X)","39.2","(X)","22.1","(X)","35781","10662","57813","35523","44792","29262","-","**","24375","11800","-","**","31429","7132","-","**","32372","8186","69097","13903","-","**","41833","11346","43958","25904","14457","12766","32175","13082","26389","13468","44097","21785","42222","31845","40461","37971","20484","5853","41250","11676","11250","23712","9205","690","109286","81510","44375","12086","30972","22056","73011","26396","(X)","(X)","(X)","(X)","(X)","(X)"
"1400000US36047007700","Census Tract 77, Kings County, New York","1867","144","73.6","9.6","1.7","2.1","0.0","1.7","11.4","6.5","0.0","1.7","9.9","7.0","3.4","2.9","13.8","6.8","70.2","9.0","0.0","1.7","54.5","8.5","31.6","8.2","13.9","6.3","987","157","52.1","10.4","47.9","10.4","76.3","11.2","17.1","10.6","6.6","5.8","880","177","58.3","13.5","40.9","12.2","17.4","10.1","41.7","13.5","23.6","12.7","18.1","10.2","23.4","(X)","19.6","(X)","27.6","(X)","102625","33606","90893","21521","-","**","-","**","158040","36348","-","**","63355","67709","156341","39597","77903","36795","91548","27775","-","**","152019","22248","79516","36635","16136","41237","119194","13601","123611","33066","111528","39782","142422","42488","58438","17906","118464","98399","87656","39881","52464","51915","36071","17087","129917","60022","140179","113765","64474","72760","158608","17766","(X)","(X)","(X)","(X)","(X)","(X)"
"1400000US36047007800","Census Tract 78, Kings County, New York","1607","89","54.3","9.1","6.7","4.8","2.0","1.9","10.4","4.9","0.0","2.0","22.6","7.7","4.0","3.2","76.0","6.4","8.6","3.6","3.2","3.0","41.1","7.5","46.5","7.2","9.2","3.7","1053","108","55.0","9.7","45.0","9.7","44.7","10.0","50.4","9.3","4.8","4.6","554","118","28.9","12.6","26.4","13.0","2.5","4.2","71.1","12.6","38.3","13.6","32.9","13.8","37.2","(X)","39.4","(X)","29.1","(X)","34176","11565","32702","14709","24609","82160","16042","5585","24864","34717","-","**","37821","10811","72813","62187","32089","9144","56071","19268","24141","136522","42580","26024","39297","15057","22574","5376","38633","12392","32734","18489","39766","17550","57992","33195","30760","14672","37961","22440","23994","13182","22000","11320","21300","8756","-","**","30167","24516","16600","12329","60408","16718","(X)","(X)","(X)","(X)","(X)","(X)"
"1400000US36047008000","Census Tract 80, Kings County, New York","1357","89","41.1","9.0","2.6","2.6","8.5","6.2","9.5","5.4","0.0","2.4","33.5","9.6","4.8","2.7","73.2","7.4","14.8","5.0","2.1","2.5","50.0","7.7","32.9","7.8","14.9","4.8","865","135","65.7","9.2","34.3","9.2","62.3","10.8","32.5","9.9","5.2","5.6","492","120","50.2","15.0","36.2","13.4","14.0","9.4","49.8","15.0","33.3","15.7","16.5","11.8","31.5","(X)","32.7","(X)","26.8","(X)","47945","6483","54438","20732","52344","258071","16739","25531","32120","95471","-","**","48355","8193","47625","59865","43125","10990","76250","41970","-","**","51116","8481","60950","34190","12269","7033","45724","11165","43021","8993","64583","43792","78813","39997","27219","16470","-","**","30652","22250","16534","17781","11279","5034","45938","52249","48958","22989","52750","65686","48792","37167","(X)","(X)","(X)","(X)","(X)","(X)"
"1400000US36047008200","Census Tract 82, Kings County, New York","1379","89","34.7","7.6","7.5","4.3","0.0","2.3","14.4","5.1","0.0","2.3","41.3","8.2","2.1","1.8","66.9","6.8","16.4","5.1","3.2","2.9","48.1","7.1","22.8","5.6","25.9","5.6","972","113","47.8","9.7","52.2","9.7","55.6","10.1","29.6","9.1","14.8","7.3","407","108","46.7","15.6","28.7","12.6","17.9","12.9","53.3","15.6","25.3","13.4","28.0","11.6","33.5","(X)","38.1","(X)","16.2","(X)","42917","8536","42955","18380","84861","41474","-","**","12284","3728","-","**","45000","12903","43750","184636","41154","8209","66250","34900","11774","27527","51133","12087","72891","12151","13692","3391","38871","11718","33594","13320","43164","11919","41538","10576","30571","14287","45833","35140","55417","27395","9973","30504","8970","385","85950","20547","62426","10648","67557","25918","62353","15546","(X)","(X)","(X)","(X)","(X)","(X)"
"1400000US36047008400","Census Tract 84, Kings County, New York","1069","98","46.1","12.2","0.8","1.3","2.3","3.7","10.3","6.6","0.0","3.0","40.0","12.1","0.4","0.7","60.7","9.0","24.2","9.7","2.3","3.8","42.0","8.0","44.2","9.4","11.5","5.7","780","97","60.8","10.1","39.2","10.1","78.1","11.5","18.8","11.9","3.1","5.1","289","90","43.3","19.3","22.1","14.2","21.1","16.4","56.7","19.3","15.6","13.8","41.2","20.8","42.3","(X)","38.5","(X)","50.5","(X)","36908","16766","51010","22333","-","**","-","**","18841","46822","-","**","33889","22367","-","**","35987","12907","58542","80271","-","**","26450","16074","42188","55060","101250","60814","36316","21681","32544","16369","79276","27902","51353","27191","24861","18666","-","**","34821","22779","33631","22988","9722","55679","40069","13248","46000","57977","30139","79739","46850","69066","(X)","(X)","(X)","(X)","(X)","(X)"
"1400000US36047008500","Census Tract 85, Kings County, New York","2942","101","17.8","5.5","45.2","5.5","0.0","1.1","2.7","2.0","0.0","1.1","30.6","5.5","3.7","2.8","52.5","5.4","3.2","2.5","2.6","2.5","34.2","5.9","41.5","6.4","21.7","5.3","1936","186","52.2","7.2","47.8","7.2","20.1","7.1","66.1","7.6","13.8","7.4","1006","178","71.6","10.5","71.6","10.5","0.0","3.2","28.4","10.5","24.4","9.6","4.1","6.5","38.3","(X)","36.4","(X)","42.0","(X)","18390","4593","12167","6266","21195","3604","-","**","6801","4678","-","**","15755","7142","28235","27078","16729","7506","13194","7334","12813","23201","29113","5037","12090","11416","13977","4975","22137","6508","23693","8024","21228","10571","30978","30114","25104","9550","19375","5601","9550","1605","9682","1867","9682","1867","-","**","8393","9103","6975","4402","-","**","(X)","(X)","(X)","(X)","(X)","(X)"
"1400000US36047008600","Census Tract 86, Kings County, New York","0","12","-","**","-","**","-","**","-","**","-","**","-","**","-","**","-","**","-","**","-","**","-","**","-","**","-","**","0","12","-","**","-","**","-","**","-","**","-","**","0","12","-","**","-","**","-","**","-","**","-","**","-","**","-","(X)","-","(X)","-","(X)","-","**","-","**","-","**","-","**","-","**","-","**","-","**","-","**","-","**","-","**","-","**","-","**","-","**","-","**","-","**","-","**","-","**","-","**","-","**","-","**","-","**","-","**","-","**","-","**","-","**","-","**","-","**","(X)","(X)","(X)","(X)","(X)","(X)"
"1400000US36047008800","Census Tract 88, Kings County, New York","1131","103","59.2","9.2","0.0","2.8","1.1","1.7","7.7","4.8","0.0","2.8","22.2","8.2","9.9","5.8","46.7","8.6","38.1","7.6","7.2","4.8","48.7","9.6","33.2","9.1","10.9","5.8","759","117","44.4","11.5","55.6","11.5","59.3","12.4","20.9","10.0","19.8","9.6","372","94","57.3","16.8","33.3","13.7","23.9","11.8","42.7","16.8","34.1","16.8","8.6","10.0","30.6","(X)","36.6","(X)","18.3","(X)","45609","12116","47212","12832","-","**","-","**","26042","13021","-","**","36399","8317","85132","35461","38600","14125","47426","16768","39950","40795","51902","25005","37917","19314","27917","11921","47182","8308","40208","12313","56786","19167","47179","10865","37448","13327","53158","20751","32381","15065","34837","13240","30556","30500","55724","46582","21359","28265","18750","41266","-","**","(X)","(X)","(X)","(X)","(X)","(X)"
"1400000US36047009000","Census Tract 90, Kings County, New York","944","45","25.7","7.8","0.0","3.4","0.0","3.4","45.7","7.4","1.1","1.6","24.4","7.6","3.2","2.7","37.6","7.6","13.6","5.1","4.2","3.0","52.9","8.0","29.1","7.6","13.8","5.8","712","76","54.9","9.9","45.1","9.9","72.9","8.7","15.3","6.8","11.8","7.7","232","70","43.5","20.3","18.5","12.2","25.0","17.4","56.5","20.3","26.7","15.9","29.7","17.9","38.8","(X)","33.4","(X)","55.2","(X)","31047","3038","30139","13481","-","**","-","**","30525","8609","-","**","66500","48129","13462","4768","41771","29770","31591","17885","37727","7303","32216","13571","30438","11061","20714","7303","31557","5878","28250","5628","42120","12862","31612","6405","35156","26982","31333","14528","26111","10485","20852","12592","10950","1081","39091","52548","30469","7759","30682","53584","30288","48867","(X)","(X)","(X)","(X)","(X)","(X)"
"1400000US36047009200","Census Tract 92, Kings County, New York","1620","69","38.7","7.0","3.9","2.6","0.0","2.0","32.9","6.1","0.0","2.0","20.6","6.4","4.0","2.8","42.7","5.6","17.2","5.2","6.6","3.4","42.8","7.6","39.0","7.6","11.7","4.6","1165","113","55.5","9.6","44.5","9.6","55.2","10.7","30.3","9.1","14.5","6.9","455","94","52.7","15.1","44.4","13.2","8.4","5.8","47.3","15.1","23.3","11.9","24.0","11.6","41.3","(X)","37.2","(X)","39.3","(X)","41818","8437","46347","3532","43819","24770","-","**","37313","12894","-","**","32337","11310","27222","45522","32451","11110","61000","20093","26467","24385","46156","8163","43142","8944","19205","19975","42188","9490","37283","9549","45617","5275","45865","8303","32137","23202","32176","17226","32813","11928","22159","23156","21023","16372","52750","25461","40568","19007","26944","20366","44934","19362","(X)","(X)","(X)","(X)","(X)","(X)"
"1400000US36047009400","Census Tract 94, Kings County, New York","1575","96","34.3","7.1","1.7","1.5","2.7","2.8","53.6","7.7","0.0","2.0","7.7","3.7","0.0","2.0","16.4","4.5","25.7","6.0","4.8","3.0","43.9","7.2","39.0","7.5","12.3","4.6","1195","141","55.5","8.7","44.5","8.7","69.5","8.8","18.6","7.2","11.9","6.3","380","114","54.7","18.2","51.6","18.0","3.2","4.2","45.3","18.2","20.8","13.6","24.5","15.9","40.4","(X)","39.9","(X)","31.6","(X)","37083","11367","51136","33597","101023","93243","-","**","28665","1764","-","**","70909","22567","-","**","63125","25562","47188","32183","27303","9272","39038","17925","38654","13998","22037","31048","29211","6191","27034","2937","61810","17761","29548","9564","43438","47824","24605","12981","28000","30553","20213","4993","20372","4959","-","**","72065","14448","28875","81853","75063","8297","(X)","(X)","(X)","(X)","(X)","(X)"
"1400000US36047009600","Census Tract 96, Kings County, New York","1869","93","46.6","7.7","2.8","2.7","1.2","2.0","21.2","5.1","0.0","1.7","25.4","7.4","2.7","1.8","57.5","6.8","18.1","5.0","3.5","2.8","47.6","7.5","35.7","8.0","13.2","4.7","1410","140","47.4","8.8","52.6","8.8","52.2","9.1","29.9","7.6","17.9","6.4","459","128","64.5","17.0","57.7","17.2","6.8","8.7","35.5","17.0","31.8","17.4","3.7","4.2","39.9","(X)","42.2","(X)","32.9","(X)","39317","5883","52917","34526","90298","54606","-","**","31275","5052","-","**","36409","6295","28375","30108","38953","5149","76346","18791","33203","7005","45083","13275","37414","6344","24167","9954","40208","8227","32243","3581","54167","28970","51100","17263","30540","8934","44044","34915","27697","11076","22143","25525","16607","19271","-","**","28194","22732","26848","12835","-","**","(X)","(X)","(X)","(X)","(X)","(X)"
"1400000US36047009800","Census Tract 98, Kings County, New York","1840","93","23.5","5.9","5.5","3.1","3.5","3.0","38.0","5.6","0.0","1.7","28.2","6.0","1.3","1.2","51.4","6.4","8.2","3.5","3.4","2.8","53.9","6.2","29.4","6.0","13.3","4.3","1511","120","61.4","7.3","38.6","7.3","60.7","8.3","24.6","6.3","14.8","5.9","329","92","55.3","16.9","41.3","16.0","14.0","11.7","44.7","16.9","35.0","15.9","9.7","11.4","37.9","(X)","41.3","(X)","22.5","(X)","30556","9968","40769","4476","18370","17889","41080","30845","27198","16464","-","**","23965","2859","34219","79442","27450","12720","39844","75717","62938","45241","27941","11247","36964","8930","19706","11232","27386","5370","25341","2725","35744","8320","34856","9282","24583","6790","23558","10258","14188","7588","9552","11202","8694","928","73846","69081","16528","16955","13688","6794","-","**","(X)","(X)","(X)","(X)","(X)","(X)"
"1400000US36047010000","Census Tract 100, Kings County, New York","1851","89","30.4","6.3","3.2","2.5","1.1","1.7","44.8","6.7","0.0","1.7","18.3","6.1","2.2","1.7","44.8","6.8","8.6","3.1","5.2","3.1","36.8","6.8","41.9","7.1","16.0","5.2","1455","146","46.7","7.3","53.3","7.3","61.4","8.6","21.6","6.5","17.0","6.8","396","121","58.6","14.7","58.6","14.7","0.0","7.9","41.4","14.7","26.0","12.4","15.4","10.9","42.1","(X)","41.2","(X)","33.6","(X)","27472","3370","42778","19368","26600","20932","-","**","27564","5471","-","**","22344","8846","34519","52518","25453","5401","75469","42932","11908","16004","40988","13951","26758","8813","19875","5959","28177","3278","26342","3320","32500","16708","32674","5659","18222","5860","47721","42022","11867","2181","10462","1569","10462","1569","-","**","41750","33304","17847","17848","51917","25108","(X)","(X)","(X)","(X)","(X)","(X)"
"1400000US36047010100","Census Tract 101, Kings County, New York","1513","79","52.3","8.2","5.6","2.9","0.0","2.1","2.8","2.4","0.0","2.1","35.8","7.0","3.6","2.6","58.0","6.5","31.1","5.8","9.4","5.1","49.1","7.3","28.8","6.7","12.7","4.1","918","119","56.9","9.1","43.1","9.1","55.1","9.8","30.0","7.3","14.9","8.3","595","123","45.7","11.1","27.2","10.5","18.5","8.3","54.3","11.1","38.8","11.9","15.5","8.7","29.6","(X)","30.1","(X)","24.7","(X)","43278","3112","44515","18453","44018","56772","-","**","25469","190474","-","**","39391","8908","132750","167021","39232","8484","44909","21397","39571","26142","42799","7269","58438","27823","33571","21761","43191","7719","53750","17009","39510","4320","58088","35652","39007","15287","42617","9411","40644","8065","43900","3489","26563","32333","77262","26107","34784","10446","27344","13027","108625","24126","(X)","(X)","(X)","(X)","(X)","(X)"
"1400000US36047010200","Census Tract 102, Kings County, New York","1413","75","29.7","7.1","3.0","2.7","0.0","2.3","54.7","7.2","0.0","2.3","11.4","5.9","1.2","1.3","29.0","6.2","13.7","5.2","0.0","2.3","47.6","7.1","42.5","7.2","9.9","4.2","1121","108","42.6","9.1","57.4","9.1","66.9","8.7","19.6","8.0","13.5","6.2","292","96","53.4","19.5","31.8","14.4","21.6","13.9","46.6","19.5","25.3","15.4","21.2","16.3","43.9","(X)","38.8","(X)","40.4","(X)","43801","9988","41832","17108","59306","101780","-","**","42344","14399","-","**","45764","11818","-","**","41176","10104","71750","38336","-","**","52961","6578","37829","7919","27500","22006","40191","6434","34265","5743","50927","17103","43214","9548","24891","13849","41080","18050","41071","28229","50000","51387","21488","9927","66563","42318","41071","26181","36250","34857","65625","48874","(X)","(X)","(X)","(X)","(X)","(X)"
"1400000US36047010400","Census Tract 104, Kings County, New York","1640","114","12.6","4.8","1.1","1.3","0.0","2.0","74.1","7.0","0.0","2.0","9.9","5.6","2.3","3.2","12.6","5.9","9.0","3.7","2.1","2.3","43.8","8.6","39.0","8.2","15.1","5.8","1215","141","55.4","7.9","44.6","7.9","62.7","9.2","22.1","6.6","15.1","8.1","425","117","50.6","16.7","29.9","14.7","20.7","15.9","49.4","16.7","28.5","16.9","20.9","12.6","41.7","(X)","45.9","(X)","24.2","(X)","30109","8377","26838","10771","-","**","-","**","36222","12839","-","**","23804","11144","-","**","24511","16007","26985","7967","-","**","30605","9660","48125","24935","22266","8259","29063","11846","26440","8983","38700","20738","39853","16905","23063","20702","20778","4609","23862","2010","24350","1827","23491","4450","24891","72351","21515","16134","17679","16929","35515","3723","(X)","(X)","(X)","(X)","(X)","(X)"
"1400000US36047010600","Census Tract 106, Kings County, New York","1520","97","13.4","5.3","1.8","2.8","0.0","2.1","75.9","7.4","0.0","2.1","6.6","3.8","2.2","2.8","9.7","4.0","10.8","5.0","3.0","2.5","41.4","8.4","41.3","8.9","14.3","5.2","1324","114","44.2","9.9","55.8","9.9","76.4","7.3","8.9","5.9","14.7","6.6","196","88","34.7","22.1","34.7","22.1","0.0","15.2","65.3","22.1","40.8","25.6","24.5","23.8","43.5","(X)","37.4","(X)","42.9","(X)","35063","9236","49625","25246","-","**","-","**","32722","9169","-","**","49750","53961","-","**","49714","27005","44667","33328","2,500-","***","40755","16828","33079","13486","36500","17725","29605","6258","21094","11411","33872","12639","28586","6109","5521","10650","49208","14666","36711","38939","9559","5925","9559","5925","-","**","41923","28058","36500","50257","-","**","(X)","(X)","(X)","(X)","(X)","(X)"
"1400000US36047010800","Census Tract 108, Kings County, New York","1395","113","26.1","7.1","2.8","3.1","3.8","4.6","61.1","7.1","0.0","2.3","4.1","3.5","2.1","2.4","20.9","6.7","14.1","4.8","6.4","3.7","46.3","8.2","37.6","7.3","9.7","4.1","1078","138","57.9","8.9","42.1","8.9","75.2","8.8","16.4","6.9","8.3","5.4","317","101","49.8","18.7","45.4","19.0","4.4","7.4","50.2","18.7","43.8","19.2","6.3","10.2","39.9","(X)","34.8","(X)","20.2","(X)","30479","7841","41802","1814","-","**","-","**","24875","8212","-","**","35156","63949","-","**","38750","21349","49844","16637","41397","32308","34048","16106","30116","11248","19559","11406","23250","2992","22304","3727","24797","11201","23819","3055","11806","15720","40294","45041","41065","5657","21250","38007","16705","66772","-","**","41497","929","41578","1607","-","**","(X)","(X)","(X)","(X)","(X)","(X)"
"1400000US36047011000","Census Tract 110, Kings County, New York","716","54","44.7","10.6","1.1","1.8","0.8","1.4","26.1","7.2","0.0","4.4","27.2","9.9","0.0","4.4","46.1","11.3","25.8","10.4","2.1","2.5","48.9","10.8","41.3","10.6","7.7","4.5","498","75","45.8","14.8","54.2","14.8","64.7","12.0","17.9","10.0","17.5","11.2","218","69","33.5","18.2","26.6","15.7","6.9","8.0","66.5","18.2","30.3","21.1","36.2","21.4","37.2","(X)","38.2","(X)","34.9","(X)","35000","11640","27250","15738","-","**","-","**","41534","13850","-","**","35363","14319","-","**","35161","18538","30083","20918","-","**","35714","8196","40541","20820","13250","10988","36700","10769","35100","9569","41912","39150","41419","25275","57969","71491","24583","7136","18611","6168","9427","14497","8646","1352","-","**","19340","6692","18958","3810","22930","15512","(X)","(X)","(X)","(X)","(X)","(X)"
"1400000US36047011200","Census Tract 112, Kings County, New York","2031","74","58.1","7.3","1.5","2.6","0.0","1.6","19.0","4.1","0.0","1.6","21.4","6.5","0.0","1.6","38.9","7.0","40.6","6.8","1.8","1.8","33.1","8.8","41.9","9.4","23.2","5.6","1408","160","53.4","11.2","46.6","11.2","69.4","8.0","23.7","7.3","6.9","6.0","623","149","73.7","13.3","55.4","15.7","18.3","13.5","26.3","13.3","17.5","12.1","8.8","9.7","27.6","(X)","21.9","(X)","25.7","(X)","27207","7604","20110","7988","-","**","-","**","25508","24140","-","**","37151","14908","-","**","31622","10703","22353","9927","20188","16004","33347","8858","42500","26682","12148","2086","31429","11579","26512","6221","48214","13847","31671","12095","18750","9828","50268","13008","12822","2908","12270","1812","11366","872","33510","3752","15800","11228","9955","11888","55352","74811","(X)","(X)","(X)","(X)","(X)","(X)"
"1400000US36047011400","Census Tract 114, Kings County, New York","1161","104","65.4","8.6","5.2","3.4","0.0","2.8","24.6","6.1","0.0","2.8","1.7","1.9","3.1","4.3","16.1","5.9","54.1","8.5","3.3","3.3","46.3","9.6","37.8","8.1","12.7","4.9","782","112","56.4","11.3","43.6","11.3","78.0","9.4","10.5","5.3","11.5","7.9","379","125","47.0","17.9","35.4","15.3","11.6","12.2","53.0","17.9","26.9","16.2","26.1","17.4","49.8","(X)","45.4","(X)","45.4","(X)","41764","3101","36414","7058","61750","40344","-","**","68636","20991","-","**","-","**","-","**","42992","13517","35066","5310","37738","40839","48750","18240","43144","13555","22563","7994","40867","12126","37467","5845","60129","11066","39643","12619","54000","35315","41458","55790","38878","6386","39615","17348","42273","41926","38519","8455","36350","12076","35000","10726","42644","31601","(X)","(X)","(X)","(X)","(X)","(X)"
"1400000US36047011600","Census Tract 116, Kings County, New York","1247","93","26.0","7.7","4.8","4.1","0.0","2.6","62.1","5.9","0.0","2.6","7.1","6.1","0.0","2.6","16.0","7.1","17.1","7.0","2.4","2.7","39.0","10.3","34.1","9.8","24.5","8.5","924","113","55.4","12.3","44.6","12.3","88.2","7.1","9.0","5.9","2.8","3.1","323","91","51.1","22.1","41.5","18.4","9.6","14.5","48.9","22.1","35.9","21.5","13.0","18.9","33.0","(X)","29.7","(X)","15.8","(X)","37516","13693","22115","23531","38269","16639","-","**","43333","15081","-","**","10231","18423","-","**","11654","6658","25521","46300","-","**","42250","22781","47902","32314","20455","16856","43013","11765","41250","17348","48113","17207","39818","15060","78875","61273","-","**","10129","1893","9491","11785","9012","706","-","**","10735","4051","11507","932","-","**","(X)","(X)","(X)","(X)","(X)","(X)"
"1400000US36047011700","Census Tract 117, Kings County, New York","1233","92","75.5","9.6","0.5","1.2","0.6","1.2","4.7","4.2","0.0","2.6","13.1","8.5","5.5","4.6","23.0","10.5","66.7","11.0","2.4","3.6","69.3","9.7","14.1","8.1","14.2","5.0","546","157","25.6","12.8","74.4","12.8","69.8","17.7","17.6","13.2","12.6","13.9","687","164","33.6","12.5","23.7","9.8","9.9","8.8","66.4","12.5","34.5","13.5","31.9","11.1","17.2","(X)","15.8","(X)","18.3","(X)","67083","12572","71328","12475","-","**","-","**","71552","64869","-","**","15887","22214","83611","51666","27977","15224","75968","8260","-","**","75625","8708","57929","51644","21344","13284","36777","25612","35921","19952","37500","44262","39659","68132","29545","67138","14297","26101","72386","7659","56964","21951","50365","66195","72328","67926","77361","9333","71536","18504","82460","37761","(X)","(X)","(X)","(X)","(X)","(X)"
"1400000US36047011800","Census Tract 118, Kings County, New York","680","73","19.9","8.6","3.5","5.3","9.4","12.8","53.7","12.4","0.0","4.7","9.6","6.1","4.0","5.1","21.0","9.0","8.4","5.9","1.8","2.1","41.0","11.5","49.6","12.7","7.6","5.0","626","86","62.8","13.3","37.2","13.3","66.1","14.0","23.5","14.0","10.4","7.4","54","35","27.8","25.1","27.8","25.1","0.0","40.4","72.2","25.1","44.4","31.6","27.8","33.0","51.0","(X)","49.4","(X)","51.9","(X)","36146","11825","29875","6991","-","**","-","**","27298","20689","-","**","32434","24151","-","**","30362","7624","33487","3655","-","**","32122","8637","45188","14124","19700","13066","31570","6444","31424","16020","32829","10979","30862","10209","45291","13467","18988","13271","40500","25296","21094","17766","21094","17766","-","**","41250","14325","35000","30879","-","**","(X)","(X)","(X)","(X)","(X)","(X)"
"1400000US36047011900","Census Tract 119, Kings County, New York","752","47","76.7","10.5","5.6","4.4","0.0","4.2","3.9","3.8","0.0","4.2","10.6","9.0","3.2","3.2","17.4","9.7","70.7","10.8","3.7","3.1","60.6","11.5","26.2","10.6","9.4","7.2","382","95","42.9","17.5","57.1","17.5","49.0","16.9","35.1","17.1","16.0","12.9","370","90","50.5","13.8","33.0","15.7","17.6","11.1","49.5","13.8","28.4","10.7","21.1","11.5","20.5","(X)","16.5","(X)","24.6","(X)","66875","15788","71250","19566","20357","44084","-","**","200750","93106","-","**","51250","138590","61250","116408","47216","63041","72273","19555","41500","22782","80962","15141","46989","36468","55938","2046","60208","37864","60625","84643","57321","44677","125114","43273","56875","5258","31205","4454","68750","25677","51146","57701","45114","48215","118380","50453","71023","12725","64792","30954","87917","21787","(X)","(X)","(X)","(X)","(X)","(X)"
"1400000US36047012000","Census Tract 120, Kings County, New York","304","38","13.8","8.4","0.0","10.1","0.0","10.1","84.9","9.1","0.0","10.1","1.3","2.5","0.0","10.1","6.3","6.5","8.9","5.9","3.9","4.8","28.0","11.8","54.3","14.0","13.8","10.5","260","44","34.6","16.0","65.4","16.0","75.8","14.5","22.7","14.7","1.5","2.2","44","25","54.5","33.5","45.5","32.8","9.1","14.5","45.5","33.5","45.5","33.5","0.0","44.7","36.8","(X)","43.1","(X)","0.0","(X)","52841","41122","30938","35842","-","**","-","**","53636","36566","-","**","-","**","-","**","9659","19117","32031","43284","-","**","69028","30930","52557","76925","12813","8420","19700","17745","19309","36598","20875","34222","21813","49028","8750","14264","-","**","59375","53332","67778","104947","-","**","-","**","58750","53069","58750","53069","-","**","(X)","(X)","(X)","(X)","(X)","(X)"
"1400000US36047012100","Census Tract 121, Kings County, New York","768","67","66.7","11.8","1.4","2.2","0.0","4.1","7.8","4.9","0.0","4.1","21.9","13.5","2.2","2.2","31.3","13.6","58.3","12.0","7.2","7.6","53.8","11.2","31.0","7.8","8.1","4.1","425","94","32.0","16.5","68.0","16.5","88.0","11.7","2.6","2.7","9.4","11.4","343","86","42.0","14.6","21.6","10.5","20.4","12.8","58.0","14.6","29.4","16.3","28.6","12.1","26.0","(X)","34.8","(X)","15.2","(X)","75568","16698","86522","18672","-","**","-","**","72222","129951","-","**","60846","16077","47813","44216","60231","23924","90288","20937","18964","101365","82109","29430","76389","24355","34000","28268","79886","20805","62010","46212","81979","67798","78182","14732","-","**","-","**","57202","21426","67639","11983","40192","62276","85326","18967","51094","83831","31635","34365","136250","67959","(X)","(X)","(X)","(X)","(X)","(X)"
"1400000US36047012200","Census Tract 122, Kings County, New York","1495","97","41.4","8.7","1.6","2.0","1.5","2.5","30.1","6.2","0.0","2.1","23.0","7.2","2.3","1.8","43.3","6.2","23.9","6.1","1.5","2.3","58.9","6.4","24.3","6.3","15.3","6.0","1000","120","56.1","9.6","43.9","9.6","63.3","9.5","21.2","7.0","15.5","8.4","495","123","41.2","15.3","30.5","12.7","10.7","8.7","58.8","15.3","33.9","13.6","24.8","12.8","36.0","(X)","41.8","(X)","24.2","(X)","36458","12172","51097","17552","-","**","-","**","29583","14910","-","**","29318","9586","27917","36455","28805","2200","54554","41949","-","**","30136","10200","52120","21420","28600","12408","32407","12434","27923","5670","44356","23822","44321","15070","18571","9113","35272","26317","31307","20758","16667","30136","11493","4703","73603","36256","42716","30137","31136","20715","44408","73788","(X)","(X)","(X)","(X)","(X)","(X)"
"1400000US36047012600","Census Tract 126, Kings County, New York","899","54","49.8","8.7","2.3","2.2","2.3","3.7","32.4","7.7","0.0","3.5","11.0","6.1","2.1","1.9","27.8","7.9","35.9","7.3","3.4","3.5","42.6","8.9","41.9","8.9","12.0","3.8","696","71","50.9","8.8","49.1","8.8","66.2","10.1","20.7","9.0","13.1","7.5","203","61","33.5","16.7","33.5","16.7","0.0","14.8","66.5","16.7","40.9","17.7","25.6","16.2","31.5","(X)","34.2","(X)","22.2","(X)","31750","9064","35167","9983","175114","301453","-","**","27330","20657","-","**","40950","23749","16875","95527","40700","13656","27292","9894","27153","149690","38813","7966","27813","11373","26875","15912","28125","12411","26250","7373","35263","20940","25863","5632","35714","25748","38813","24288","32375","11448","22000","33269","22000","33269","-","**","35625","22620","34107","11584","86667","184941","(X)","(X)","(X)","(X)","(X)","(X)"
"1400000US36047012700","Census Tract 127, Kings County, New York","1528","73","32.6","5.8","41.3","5.8","1.5","1.7","3.4","3.2","0.0","2.1","20.7","5.7","0.5","0.9","36.8","6.2","20.3","5.3","1.8","1.9","43.5","7.8","32.1","8.2","22.6","5.2","808","116","46.9","9.4","53.1","9.4","35.6","9.8","61.0","10.3","3.3","3.3","720","129","51.9","11.3","37.5","9.2","14.4","8.4","48.1","11.3","36.4","11.4","11.7","8.5","39.3","(X)","39.5","(X)","39.2","(X)","31875","14558","100147","44615","22095","13395","-","**","69545","238517","-","**","22959","7137","-","**","22419","3185","144028","26124","-","**","52366","41087","21165","16356","21102","2261","44250","13876","48059","23655","43542","19698","53864","53464","24770","11894","51125","27154","20347","7339","12763","14144","8944","1414","164615","61029","21731","22666","20115","11642","165000","83934","(X)","(X)","(X)","(X)","(X)","(X)"
"1400000US36047012801","Census Tract 128.01, Kings County, New York","762","49","54.5","9.8","0.0","4.2","2.2","3.5","37.7","8.7","0.0","4.2","5.6","5.7","0.0","4.2","11.4","6.2","48.2","10.2","2.9","3.7","39.6","9.3","35.8","7.9","21.7","8.7","506","80","38.1","12.2","61.9","12.2","78.3","10.3","14.8","8.2","6.9","7.1","256","82","51.2","21.5","27.0","15.9","24.2","22.4","48.8","21.5","43.0","22.1","5.9","7.7","43.4","(X)","49.8","(X)","30.9","(X)","49688","11264","51205","8401","-","**","-","**","47750","28632","-","**","14650","91437","-","**","18393","46174","52277","7175","-","**","59722","12047","54821","30749","14814","15978","47813","12871","30855","16878","52303","15700","52188","10290","30114","20764","19583","30516","51154","45039","61343","60415","40750","46880","-","**","23973","6316","23304","4913","-","**","(X)","(X)","(X)","(X)","(X)","(X)"
"1400000US36047012901","Census Tract 129.01, Kings County, New York","913","91","64.0","8.9","8.8","5.6","0.0","3.5","8.0","4.2","0.0","3.5","17.4","7.5","1.9","2.1","20.0","7.0","61.3","8.7","7.0","5.5","51.7","10.4","31.7","9.1","9.6","5.7","420","93","39.5","12.0","60.5","12.0","85.5","11.7","14.5","11.7","0.0","7.4","493","96","59.8","13.6","21.5","10.0","38.3","11.7","40.2","13.6","15.6","9.3","24.5","11.9","31.1","(X)","23.8","(X)","36.1","(X)","79940","14591","93182","8962","92917","53669","-","**","86042","55258","-","**","39830","39362","-","**","39489","27533","93864","13043","39659","71499","108250","15662","63516","18931","29697","44384","65203","7289","81500","57713","61667","9649","66250","16676","62578","24252","-","**","90956","11935","93185","13000","51500","55089","100750","35397","75521","23735","75536","34025","75515","97828","(X)","(X)","(X)","(X)","(X)","(X)"
"1400000US36047012902","Census Tract 129.02, Kings County, New York","838","81","61.6","8.2","14.4","6.3","0.0","3.8","9.7","5.5","0.0","3.8","11.7","5.6","2.6","2.5","20.0","7.3","55.6","8.4","5.1","4.1","62.3","8.4","21.7","6.4","10.9","5.4","417","89","36.2","10.8","63.8","10.8","78.4","12.7","19.7","12.4","1.9","2.9","421","80","57.5","11.4","39.9","10.7","17.6","9.4","42.5","11.4","18.8","7.1","23.8","11.2","23.4","(X)","24.9","(X)","21.9","(X)","85313","30861","101136","42180","82813","95340","-","**","130469","197234","-","**","90625","69760","41250","159421","73750","62456","109444","37130","84732","181265","107083","26319","91875","79000","38869","26910","107865","19899","153125","101459","83676","12860","109948","34145","63750","126220","-","**","66326","13497","62500","9419","55417","16667","143750","67875","109350","46875","64792","55585","205556","93313","(X)","(X)","(X)","(X)","(X)","(X)"
"1400000US36047013000","Census Tract 130, Kings County, New York","1879","113","69.7","7.7","4.1","2.7","0.0","1.7","12.0","3.7","0.0","1.7","11.4","7.2","2.8","3.1","22.5","7.2","60.1","7.7","2.9","2.2","36.1","6.9","39.7","7.2","21.3","6.3","998","141","59.2","10.6","40.8","10.6","78.1","12.2","12.4","7.3","9.5","9.1","881","172","63.3","12.3","49.0","12.5","14.3","9.0","36.7","12.3","29.9","12.3","6.8","6.3","33.4","(X)","34.3","(X)","30.5","(X)","51075","6556","49510","15603","44688","40433","-","**","81375","54039","-","**","51281","28849","26406","38846","51563","18904","48224","22816","19762","34507","55909","9372","44375","31904","29469","30663","57917","10754","39716","21560","65938","29885","57965","10246","98500","79101","33750","43681","39554","26220","24583","19313","16250","16924","66364","72740","55560","14430","57566","25447","55517","30554","(X)","(X)","(X)","(X)","(X)","(X)"
"1400000US36047013100","Census Tract 131, Kings County, New York","1851","107","67.4","8.3","11.8","4.3","0.0","1.7","5.8","3.6","0.0","1.7","15.0","7.6","0.0","1.7","21.8","7.2","61.0","7.3","5.0","3.0","58.7","7.9","25.7","7.8","10.6","5.7","939","146","45.8","10.9","54.2","10.9","73.1","13.0","18.6","12.0","8.3","7.7","912","152","65.1","10.6","35.9","9.7","29.3","10.2","34.9","10.6","19.1","8.3","15.8","7.4","20.2","(X)","16.7","(X)","23.8","(X)","102039","18781","127045","26472","82461","78237","-","**","139830","77144","-","**","30638","25801","-","**","45469","37728","126818","27877","22366","119712","128333","43795","108796","41525","30714","27388","114861","32080","140179","65073","109186","26971","164063","65374","69766","58874","61923","17774","87500","18509","82188","22649","44316","44524","93458","18596","100278","50772","65556","95378","149583","87490","(X)","(X)","(X)","(X)","(X)","(X)"
"1400000US36047013200","Census Tract 132, Kings County, New York","699","45","57.5","10.3","1.9","2.8","0.0","4.5","39.2","10.0","0.0","4.5","0.7","1.4","0.7","1.4","12.9","5.9","45.4","10.3","2.0","2.5","42.6","9.1","41.8","9.1","13.6","6.6","492","71","57.9","12.2","42.1","12.2","85.0","7.5","10.2","5.7","4.9","4.8","207","64","62.3","16.5","44.4","14.0","17.9","12.0","37.7","16.5","27.5","16.6","10.1","9.3","45.8","(X)","46.5","(X)","37.7","(X)","52578","12955","55625","20094","-","**","-","**","31768","4467","-","**","-","**","-","**","53833","10980","63177","25159","-","**","63417","12653","46875","20387","35938","30351","44224","12029","62850","29947","36146","14394","44052","15959","65385","69926","43750","11438","55781","14547","54125","4830","53417","5818","64861","40253","75500","30808","64625","75221","-","**","(X)","(X)","(X)","(X)","(X)","(X)"
"1400000US36047013300","Census Tract 133, Kings County, New York","1751","124","79.3","6.4","6.8","3.8","0.0","1.8","10.7","4.8","0.0","1.8","0.0","1.8","3.2","2.6","10.5","4.6","72.5","7.0","2.5","1.9","53.3","6.7","33.4","6.6","10.8","3.6","1220","147","48.6","8.9","51.4","8.9","75.3","8.9","19.3","7.6","5.4","4.6","531","122","50.1","13.4","30.3","9.9","19.8","9.1","49.9","13.4","31.5","13.8","18.5","10.9","18.3","(X)","19.5","(X)","15.4","(X)","119966","24343","130344","19175","62452","77188","-","**","91705","59216","-","**","-","**","240500","339183","81953","68746","131563","20420","53667","61748","138750","25420","106134","26069","91125","86810","145991","24959","183958","35540","118750","44938","170417","30023","62031","22363","21731","208740","96303","9119","97143","16112","84712","17565","138229","34395","95947","13593","86375","97828","124306","85584","(X)","(X)","(X)","(X)","(X)","(X)"
"1400000US36047013400","Census Tract 134, Kings County, New York","1464","85","76.8","7.3","0.0","2.2","0.0","2.2","14.1","5.5","0.0","2.2","6.6","5.2","2.5","2.3","10.5","5.9","73.8","7.5","2.8","3.0","41.6","8.7","37.5","7.2","18.1","5.6","967","123","51.5","8.3","48.5","8.3","69.7","10.5","20.1","8.1","10.2","6.4","497","110","71.4","10.3","59.4","12.9","12.1","10.8","28.6","10.3","20.1","10.5","8.5","7.1","33.9","(X)","41.4","(X)","16.5","(X)","65119","13205","73092","16243","-","**","-","**","67396","20711","-","**","48179","14479","40893","80466","48071","12263","73322","17027","113750","20232","64375","16854","75729","28058","63309","33985","72708","21393","48143","10632","93092","31016","76570","13676","48429","45111","44228","93292","61893","12079","62393","13129","60250","12365","74844","28903","58250","73597","55543","20523","205114","140727","(X)","(X)","(X)","(X)","(X)","(X)"
"1400000US36047013500","Census Tract 135, Kings County, New York","1564","66","74.2","6.7","6.3","3.7","0.0","2.1","5.5","3.5","0.0","2.1","7.8","4.1","6.2","3.8","16.6","5.7","67.1","6.5","6.1","4.9","57.7","6.3","29.4","4.3","6.8","2.7","737","106","59.7","9.3","40.3","9.3","85.3","7.9","13.7","7.8","0.9","1.5","827","112","59.4","10.2","39.7","10.4","19.7","7.6","40.6","10.2","16.0","7.3","24.7","7.8","21.6","(X)","22.3","(X)","17.3","(X)","108421","12980","126250","18035","101121","72154","-","**","87500","44075","-","**","37500","81849","104464","111807","80147","45470","126524","18586","70952","77894","130750","28968","81912","20055","42031","68855","161733","25432","191875","40357","134185","33027","172031","39173","132772","89995","-","**","86728","9117","65781","23799","62500","17825","81838","47757","92963","24751","88214","71015","93426","20863","(X)","(X)","(X)","(X)","(X)","(X)"
"1400000US36047013600","Census Tract 136, Kings County, New York","1535","99","85.8","5.6","2.0","2.7","0.7","1.0","8.3","3.5","0.0","2.1","3.3","3.4","0.0","2.1","10.9","5.8","78.8","7.1","2.4","2.3","41.3","6.6","41.2","6.3","15.0","4.5","862","111","42.5","7.0","57.5","7.0","73.1","7.6","19.7","6.3","7.2","6.0","673","111","58.5","11.9","43.4","12.9","15.2","8.4","41.5","11.9","29.9","11.0","11.6","7.8","35.6","(X)","32.6","(X)","35.1","(X)","65456","10176","65933","12702","-","**","-","**","79107","75754","-","**","39583","106296","-","**","50735","26990","66845","13729","27614","40876","80682","40899","65825","11777","25662","10403","68600","12621","69100","78773","67179","14756","69400","41121","72955","28495","26833","36384","56198","31634","60389","50342","31474","24647","108456","6789","55469","33715","38578","20652","132652","113615","(X)","(X)","(X)","(X)","(X)","(X)"
"1400000US36047013700","Census Tract 137, Kings County, New York","1369","67","83.8","5.7","6.6","4.1","0.0","2.3","4.1","3.9","0.0","2.3","2.8","3.0","2.8","2.3","18.6","5.7","69.4","6.7","8.9","4.7","44.0","6.3","32.7","5.8","14.3","4.3","654","105","46.2","9.4","53.8","9.4","76.5","8.3","19.0","7.9","4.6","4.5","715","98","59.7","11.1","36.5","9.9","23.2","10.4","40.3","11.1","24.1","8.5","16.2","10.1","31.0","(X)","29.8","(X)","29.9","(X)","92781","20585","93036","21938","35938","74849","-","**","163649","14456","-","**","96190","21568","87750","80934","50893","51018","105167","36859","63942","50706","123750","47700","59844","49139","43362","18548","131304","21126","117500","50138","131974","26733","144118","18187","50000","76313","114250","69003","58828","9791","62712","9324","54097","15718","72667","25299","55921","33270","28676","8045","148913","76091","(X)","(X)","(X)","(X)","(X)","(X)"
"1400000US36047013800","Census Tract 138, Kings County, New York","1338","91","87.3","5.1","0.0","2.4","0.0","2.4","7.4","3.5","0.0","2.4","4.4","4.3","0.9","1.4","14.1","6.0","76.8","6.8","6.4","4.0","40.5","8.5","27.8","7.7","25.3","6.0","902","122","43.7","11.1","56.3","11.1","78.2","9.7","19.5","9.6","2.3","2.6","436","120","53.7","15.4","46.3","15.9","7.3","8.0","46.3","15.4","24.5","10.6","21.8","14.2","25.9","(X)","23.8","(X)","30.3","(X)","65625","14237","62976","17273","-","**","-","**","51736","56574","-","**","89306","109713","-","**","76076","10798","59318","21370","26080","9524","76519","8250","85833","22805","29044","22986","69063","16061","60500","23549","76806","15751","77074","10977","38125","51838","-","**","53000","20051","42778","20090","31750","16797","-","**","75214","12355","44432","45865","76964","53679","(X)","(X)","(X)","(X)","(X)","(X)"
"1400000US36047013900","Census Tract 139, Kings County, New York","1512","122","75.1","6.0","10.8","3.7","0.0","2.1","8.5","4.7","0.0","2.1","3.1","2.3","2.5","1.8","12.6","3.4","66.6","6.0","5.0","2.9","50.8","7.6","29.2","7.3","15.0","5.0","758","110","46.4","10.4","53.6","10.4","64.5","11.1","29.8","11.2","5.7","3.7","754","138","50.8","12.5","29.4","10.2","21.4","10.8","49.2","12.5","17.1","8.6","32.1","12.3","23.1","(X)","26.9","(X)","19.2","(X)","85172","16990","96219","20672","65606","28703","-","**","70278","33823","-","**","39034","81434","103750","41518","62386","13656","98393","29041","120350","138816","82813","20952","98824","27653","55852","17512","96221","24682","65227","31740","110250","25046","126250","46922","54545","8089","65391","43038","74839","20617","82552","56755","36111","23256","122250","26911","74798","24035","48894","32728","96667","46656","(X)","(X)","(X)","(X)","(X)","(X)"
"1400000US36047014000","Census Tract 140, Kings County, New York","763","74","88.3","6.5","0.0","4.2","0.0","4.2","3.4","2.9","3.3","4.7","1.7","2.0","3.3","3.0","12.6","6.5","79.4","7.8","6.9","5.7","26.7","8.4","35.8","7.2","30.5","7.2","438","66","35.8","11.0","64.2","11.0","68.7","12.6","23.5","9.1","7.8","9.7","325","80","60.9","16.7","53.5","17.1","7.4","5.9","39.1","16.7","33.2","16.7","5.8","6.5","39.4","(X)","50.9","(X)","24.0","(X)","55458","7689","54167","8032","-","**","-","**","87000","227613","-","**","-","**","64219","35761","41250","44074","55769","8916","55817","4586","58981","6032","74375","19934","29453","27063","66098","7407","83438","25897","58807","9004","65945","8069","76875","21520","-","**","37750","13050","32800","8375","28929","9371","62143","22594","51016","4716","50469","6912","-","**","(X)","(X)","(X)","(X)","(X)","(X)"
"1400000US36047014100","Census Tract 141, Kings County, New York","1391","95","69.2","9.6","6.9","4.9","0.0","2.3","8.5","5.0","0.0","2.3","11.1","8.9","4.2","2.9","21.1","9.7","59.3","9.9","2.4","2.9","62.8","9.3","26.8","9.3","8.1","3.2","972","132","54.2","11.0","45.8","11.0","75.5","10.5","13.1","8.6","11.4","7.7","419","110","56.1","14.3","39.9","14.3","16.2","10.8","43.9","14.3","18.1","10.2","25.8","14.2","23.8","(X)","22.7","(X)","24.1","(X)","98018","19124","113447","16490","42955","37140","-","**","117750","97454","-","**","44604","16178","88897","50789","52975","13198","120542","28181","-","**","106098","15293","92375","50667","32188","43920","114621","25471","151625","39872","67917","42530","155776","24189","53368","18118","57326","8142","61250","19287","57361","22243","40625","51735","71705","23590","71750","63902","28958","65541","105227","68787","(X)","(X)","(X)","(X)","(X)","(X)"
"1400000US36047014200","Census Tract 142, Kings County, New York","1339","73","82.8","6.2","0.7","1.0","0.0","2.4","6.6","4.3","0.0","2.4","6.8","4.0","3.1","3.0","17.1","7.9","73.3","8.7","5.8","5.3","40.8","6.8","30.6","8.0","22.9","6.3","696","115","40.7","11.1","59.3","11.1","77.3","9.6","18.0","8.6","4.7","5.9","643","108","54.4","13.6","47.1","13.1","7.3","4.7","45.6","13.6","43.2","13.5","2.3","3.0","35.8","(X)","38.5","(X)","32.8","(X)","44366","7571","44511","7746","-","**","-","**","28636","7262","-","**","69087","21080","9886","102622","68510","16089","43859","4899","38723","5152","69327","16705","38250","10189","30119","9282","44769","17493","36850","46097","45536","18504","53421","19591","23990","7204","-","**","40282","5197","38889","4896","37801","10163","76607","43633","48897","21147","48971","25577","-","**","(X)","(X)","(X)","(X)","(X)","(X)"
"1400000US36047014300","Census Tract 143, Kings County, New York","1532","95","48.4","9.1","6.4","4.1","0.7","1.1","10.2","5.3","0.0","2.1","29.7","8.0","4.6","3.9","40.5","8.0","39.3","8.9","8.1","5.1","48.4","8.7","32.6","8.0","10.9","5.3","809","147","33.0","11.7","67.0","11.7","65.6","10.8","32.0","10.5","2.3","2.7","723","136","58.1","10.9","36.2","11.2","21.9","10.0","41.9","10.9","22.8","10.9","19.1","11.1","24.3","(X)","21.3","(X)","27.7","(X)","63606","9648","95951","16511","82963","50710","-","**","70125","57589","-","**","40404","14077","97625","69782","51042","10352","96987","14876","83942","36664","58611","15720","66292","15318","56827","69109","60938","14535","58935","27657","69100","30048","81979","16700","32120","22485","-","**","64883","18145","65083","13202","47368","28642","115625","49589","64306","91979","43472","48055","123500","67679","(X)","(X)","(X)","(X)","(X)","(X)"
"1400000US36047014500","Census Tract 145, Kings County, New York","1742","98","62.7","7.2","7.1","4.4","0.0","1.8","6.1","3.1","0.0","1.8","23.1","6.6","1.0","1.1","32.5","6.5","53.8","6.5","8.0","3.9","52.1","7.3","31.6","6.6","8.3","4.1","834","122","47.7","10.1","52.3","10.1","62.4","11.7","24.7","9.2","12.9","8.8","908","133","53.4","11.5","31.7","8.2","21.7","7.9","46.6","11.5","11.9","8.0","34.7","10.2","25.1","(X)","22.3","(X)","27.8","(X)","64198","8445","72045","16520","65682","175394","-","**","78125","89636","-","**","50341","12621","-","**","52074","9046","80750","23350","72679","40015","64717","15537","66458","12444","20199","2482","66706","18136","63000","10078","85242","17158","85938","21459","36667","33153","66500","66840","54103","16839","40125","21822","42250","40023","39213","19416","72604","24260","20417","111787","73715","16625","(X)","(X)","(X)","(X)","(X)","(X)"
"1400000US36047014700","Census Tract 147, Kings County, New York","845","84","75.4","10.3","1.9","2.4","0.7","1.2","1.4","1.6","0.0","3.8","14.1","8.2","6.5","6.9","32.1","9.6","58.1","10.3","9.0","6.8","54.8","10.1","30.2","9.9","6.0","3.8","453","92","58.9","14.7","41.1","14.7","66.9","14.5","21.4","13.2","11.7","9.4","392","81","36.5","14.3","19.9","11.9","16.6","9.3","63.5","14.3","42.1","16.3","21.4","14.7","25.4","(X)","23.4","(X)","26.3","(X)","68060","18115","69095","15450","-","**","-","**","-","**","-","**","54770","23756","128147","101026","54901","22198","69716","22829","43158","31641","60625","12719","111518","28156","45250","88613","100729","61285","69271","78407","106591","53295","113594","27934","21458","89964","62232","85326","49583","15010","49479","19826","47708","22787","100481","77406","50208","29731","46464","22947","98571","85887","(X)","(X)","(X)","(X)","(X)","(X)"
"1400000US36047014800","Census Tract 148, Kings County, New York","492","45","97.2","3.3","0.0","6.4","0.0","6.4","0.0","6.4","0.0","6.4","0.0","6.4","2.8","3.3","0.0","6.4","97.2","3.3","0.0","6.4","24.0","10.7","38.2","13.3","37.8","11.1","340","65","51.2","13.4","48.8","13.4","77.1","12.9","15.0","10.8","7.9","9.0","152","61","80.9","19.6","80.9","19.6","0.0","19.1","19.1","19.6","19.1","19.6","0.0","19.1","36.0","(X)","35.6","(X)","36.8","(X)","75455","23382","74219","24356","-","**","-","**","-","**","-","**","-","**","-","**","-","**","74219","24356","-","**","86429","59271","112639","27615","33900","16990","103750","23734","86964","61773","104375","21189","105000","46813","54250","59000","-","**","31000","15676","21250","24108","21250","24108","-","**","33750","21701","33750","21701","-","**","(X)","(X)","(X)","(X)","(X)","(X)"
"1400000US36047014900","Census Tract 149, Kings County, New York","2197","148","80.6","7.2","3.1","3.3","0.0","1.5","9.0","4.8","0.0","1.5","7.4","4.8","0.0","1.5","14.4","5.6","74.9","7.9","3.4","3.0","53.4","6.4","31.9","6.4","11.3","5.1","1155","180","44.8","10.7","55.2","10.7","77.1","8.6","14.1","7.2","8.8","5.7","1042","197","53.2","13.3","28.6","11.0","24.6","10.2","46.8","13.3","16.2","9.9","30.6","11.2","11.6","(X)","10.2","(X)","13.1","(X)","111359","31452","126550","27243","130321","142234","-","**","138839","124315","-","**","49071","36912","-","**","50052","6099","126525","27076","65208","114864","132008","18961","125167","55742","48964","29453","143594","17443","156008","21461","130357","18873","147292","12253","86250","98774","123750","53401","76296","22930","76071","22370","66500","15501","111136","79616","76538","51403","52969","27229","97482","49745","(X)","(X)","(X)","(X)","(X)","(X)"
"1400000US36047015000","Census Tract 150, Kings County, New York","617","84","94.3","5.0","0.0","5.1","0.0","5.1","5.7","5.0","0.0","5.1","0.0","5.1","0.0","5.1","2.4","2.7","91.9","5.5","1.0","1.4","27.4","8.4","39.5","11.7","32.1","9.9","475","94","36.8","11.4","63.2","11.4","83.2","9.8","9.9","7.7","6.9","5.3","142","58","61.3","15.4","61.3","15.4","0.0","20.3","38.7","15.4","35.2","15.2","3.5","5.3","33.2","(X)","32.6","(X)","35.2","(X)","86250","21984","85000","29261","-","**","-","**","86513","147434","-","**","-","**","-","**","-","**","85313","29291","-","**","96641","56957","98000","20859","31389","14542","92461","17196","127212","76085","74688","29022","95391","22173","86563","31852","59250","122135","23889","7644","22417","2833","22417","2833","-","**","44792","30732","43750","35659","-","**","(X)","(X)","(X)","(X)","(X)","(X)"
"1400000US36047015100","Census Tract 151, Kings County, New York","1556","91","83.9","5.4","1.1","1.2","0.0","2.1","5.8","3.1","0.0","2.1","6.4","3.8","2.8","2.0","9.1","4.0","79.2","5.8","0.9","1.0","45.1","6.3","41.0","5.5","13.0","3.3","928","139","51.4","8.0","48.6","8.0","86.2","5.4","12.1","5.6","1.7","2.0","628","120","67.4","9.4","45.4","11.3","22.0","8.2","32.6","9.4","16.2","7.4","16.4","8.1","21.8","(X)","16.9","(X)","26.1","(X)","118015","11762","123304","21630","115250","53953","-","**","119514","92022","-","**","46743","12383","120764","127748","55625","20680","129500","20791","-","**","118056","17504","124028","43651","78929","62405","141689","17396","163125","31120","118594","32957","151250","26828","59700","118373","-","**","75294","25075","67443","31990","51250","14475","128000","38398","77344","41895","46310","54513","97569","31778","(X)","(X)","(X)","(X)","(X)","(X)"
"1400000US36047015200","Census Tract 152, Kings County, New York","917","58","80.8","6.4","1.5","1.7","0.0","3.5","15.4","5.8","0.0","3.5","1.7","2.1","0.5","0.8","16.1","6.9","67.4","8.1","0.0","3.5","41.2","7.6","40.0","6.7","18.8","4.6","641","79","31.7","9.9","68.3","9.9","62.9","9.5","22.5","8.4","14.7","8.1","276","74","48.6","15.7","44.9","16.3","3.6","6.3","51.4","15.7","44.6","16.0","6.9","7.6","40.9","(X)","37.3","(X)","49.3","(X)","65972","14033","66250","18425","-","**","-","**","67596","25180","-","**","-","**","-","**","57065","21326","73000","21780","-","**","66818","26874","73750","18965","46250","11969","66307","15409","62375","30806","66364","21782","62679","17968","46071","42991","155100","77275","64375","41346","69167","50063","66000","50941","-","**","49250","43400","49875","46421","-","**","(X)","(X)","(X)","(X)","(X)","(X)"
"1400000US36047015300","Census Tract 153, Kings County, New York","1151","118","85.3","6.9","2.1","2.4","0.0","2.8","8.7","5.9","0.0","2.8","1.1","1.7","2.8","3.5","10.8","5.9","77.8","7.5","2.1","3.0","56.6","8.2","27.7","7.3","13.6","5.1","714","116","41.6","10.2","58.4","10.2","77.3","10.1","7.8","5.7","14.8","9.1","437","100","59.7","14.7","21.1","11.9","38.7","14.1","40.3","14.7","29.7","13.1","10.5","8.2","14.2","(X)","13.0","(X)","11.7","(X)","124821","46697","120625","46110","-","**","-","**","150938","120195","-","**","-","**","-","**","95000","46046","142625","50117","-","**","138056","56914","136146","49772","91875","30692","148269","14848","195875","143795","144234","21656","162031","73984","87188","71965","119474","50046","79542","18032","85250","25904","60278","48126","139306","66129","68056","41912","63452","46967","143611","71055","(X)","(X)","(X)","(X)","(X)","(X)"
"1400000US36047015400","Census Tract 154, Kings County, New York","0","12","-","**","-","**","-","**","-","**","-","**","-","**","-","**","-","**","-","**","-","**","-","**","-","**","-","**","0","12","-","**","-","**","-","**","-","**","-","**","0","12","-","**","-","**","-","**","-","**","-","**","-","**","-","(X)","-","(X)","-","(X)","-","**","-","**","-","**","-","**","-","**","-","**","-","**","-","**","-","**","-","**","-","**","-","**","-","**","-","**","-","**","-","**","-","**","-","**","-","**","-","**","-","**","-","**","-","**","-","**","-","**","-","**","-","**","(X)","(X)","(X)","(X)","(X)","(X)"
"1400000US36047015500","Census Tract 155, Kings County, New York","1432","91","82.9","5.9","4.2","2.7","0.6","1.0","5.0","2.8","0.0","2.2","0.7","1.1","6.6","4.3","5.9","4.2","80.4","5.7","3.8","3.8","45.8","7.5","37.2","6.9","13.3","4.2","961","117","55.0","8.1","45.0","8.1","76.4","8.2","18.5","7.5","5.1","3.5","471","113","52.0","13.1","36.5","11.2","15.5","8.7","48.0","13.1","41.8","12.8","6.2","4.8","19.1","(X)","21.1","(X)","13.4","(X)","105870","13336","112457","30265","76528","41018","-","**","87083","18333","-","**","-","**","93648","3411","94167","74677","111983","25676","-","**","94500","16002","131563","47759","87500","83333","117917","29262","142604","46745","106397","17095","152981","29819","97738","12842","106213","10137","72292","21502","97986","24707","83125","43337","99792","110689","48625","24203","47813","22282","90179","54921","(X)","(X)","(X)","(X)","(X)","(X)"
"1400000US36047015700","Census Tract 157, Kings County, New York","1985","121","91.8","4.1","2.7","2.6","0.0","1.6","4.6","2.9","0.0","1.6","0.9","1.3","0.0","1.6","1.0","1.7","90.8","3.8","0.6","0.9","52.6","6.1","28.8","5.9","18.0","4.3","1112","158","42.4","8.9","57.6","8.9","84.8","7.5","14.2","7.0","1.0","1.6","873","155","65.9","12.1","49.9","11.6","15.9","11.0","34.1","12.1","15.3","8.0","18.8","11.6","15.9","(X)","16.0","(X)","15.7","(X)","116612","16619","114400","19226","127546","84794","-","**","181250","59107","-","**","-","**","-","**","-","**","113450","20569","-","**","126809","13995","114500","57754","72650","29586","145000","67150","188833","21256","128125","22171","180764","45501","78500","29674","-","**","93140","12095","88510","28139","74792","34202","98659","22042","94085","37177","113000","83628","93780","103636","(X)","(X)","(X)","(X)","(X)","(X)"
"1400000US36047015900","Census Tract 159, Kings County, New York","2580","186","83.5","6.4","7.8","5.1","2.3","2.8","3.5","2.4","0.0","1.2","1.3","2.0","1.6","2.1","4.5","3.9","81.2","6.6","0.3","0.6","52.6","7.2","29.1","6.5","17.9","4.7","1217","193","41.0","10.1","59.0","10.1","91.5","6.3","6.1","5.3","2.5","2.8","1363","191","53.3","11.1","41.4","10.9","11.9","7.3","46.7","11.1","31.9","10.4","14.8","9.1","23.4","(X)","23.3","(X)","23.5","(X)","127747","13304","116299","25717","127802","2494","-","**","156964","68708","-","**","-","**","-","**","128606","954","116029","25668","-","**","129030","13372","129500","38873","110192","22075","184591","19673","204250","83409","183944","16289","186583","17321","174423","222569","-","**","85234","22107","56964","21063","53611","37962","57411","53293","92379","60545","92841","62921","92083","178903","(X)","(X)","(X)","(X)","(X)","(X)"
"1400000US36047016000","Census Tract 160, Kings County, New York","1863","98","71.0","5.7","6.2","4.0","0.0","1.7","14.1","3.5","0.0","1.7","5.2","3.1","3.5","2.8","22.1","7.0","55.7","6.8","1.9","2.4","43.4","7.3","39.2","6.6","15.4","4.4","997","145","48.2","10.4","51.8","10.4","70.1","9.6","19.5","7.5","10.4","6.7","866","156","47.9","9.4","43.2","9.9","4.7","4.7","52.1","9.4","45.0","10.6","7.0","5.9","34.8","(X)","43.6","(X)","24.7","(X)","58809","6342","56164","8445","75625","44694","-","**","57727","34875","-","**","81111","66103","48654","30261","79250","54273","55647","6766","-","**","58079","9815","85737","27862","39458","11375","70677","24232","51313","22520","100556","23279","101326","29521","40156","35489","60385","24864","48897","6460","38792","7983","36250","11300","101198","29957","57614","38014","57237","32355","87689","96022","(X)","(X)","(X)","(X)","(X)","(X)"
"1400000US36047016100","Census Tract 161, Kings County, New York","1432","88","64.9","7.6","20.3","5.8","0.6","1.0","8.2","4.7","0.0","2.2","3.0","2.3","2.9","2.6","9.8","4.2","60.3","7.3","1.0","1.1","57.2","6.0","26.3","5.7","15.4","4.8","691","115","28.2","8.9","71.8","8.9","76.8","9.4","16.4","8.4","6.8","6.4","741","110","45.7","10.0","28.9","8.6","16.9","7.9","54.3","10.0","34.3","10.3","20.0","8.4","24.7","(X)","25.6","(X)","23.9","(X)","104167","13622","122500","17230","80536","26811","-","**","109034","45381","-","**","80625","94509","30000","101429","57656","40493","125000","17508","-","**","118606","16221","110417","69462","42188","33881","125673","17517","126607","76061","125469","23833","135859","38397","39659","104102","46964","238158","91838","23621","76094","29039","61944","13924","126094","40842","96354","18596","71667","24504","144500","28938","(X)","(X)","(X)","(X)","(X)","(X)"
"1400000US36047016200","Census Tract 162, Kings County, New York","1125","51","64.1","10.7","6.6","6.0","0.0","2.8","19.5","7.6","2.0","3.1","7.9","6.1","0.0","2.8","8.7","5.9","62.5","10.5","0.9","1.4","47.1","9.1","36.0","8.5","16.0","6.4","637","110","59.2","13.3","40.8","13.3","86.0","9.0","7.8","4.9","6.1","6.1","488","108","37.5","13.7","34.0","13.9","3.5","3.7","62.5","13.7","50.0","14.0","12.5","9.4","22.5","(X)","27.0","(X)","15.6","(X)","70313","16597","90162","29712","58333","42434","-","**","65855","39660","-","**","52112","20036","-","**","51983","7001","90579","21469","-","**","90435","52732","72313","22519","50000","24317","110139","31867","110417","41658","99722","33706","112917","24174","71125","26238","96875","239704","44451","7262","39718","10892","39032","8644","-","**","46250","13045","44405","5173","137784","49504","(X)","(X)","(X)","(X)","(X)","(X)"
"1400000US36047016300","Census Tract 163, Kings County, New York","1367","85","63.6","6.9","26.1","6.9","0.0","2.3","6.6","3.7","0.0","2.3","2.3","2.9","1.3","1.5","9.7","5.4","57.5","7.3","0.6","0.9","52.5","8.0","36.6","9.0","10.4","4.4","733","107","44.5","8.8","55.5","8.8","68.1","10.2","22.5","8.0","9.4","6.7","634","123","48.1","11.7","36.4","11.4","11.7","6.0","51.9","11.7","24.4","10.8","27.4","10.3","32.6","(X)","36.2","(X)","28.5","(X)","82009","10706","106667","31532","60272","7690","-","**","63333","38725","-","**","-","**","-","**","36964","37330","120625","31141","-","**","87219","23595","77083","17746","64028","50624","116250","50851","176000","39772","71250","39215","148906","31566","67679","31378","122031","159551","64079","13857","80625","33374","30179","59727","115455","49995","62533","5053","60707","4213","64861","57040","(X)","(X)","(X)","(X)","(X)","(X)"
"1400000US36047016400","Census Tract 164, Kings County, New York","196","74","57.7","23.8","31.6","25.5","0.0","15.2","3.6","2.6","0.0","15.2","0.0","15.2","7.1","11.4","38.8","27.3","52.0","23.2","10.2","14.7","77.0","18.5","12.8","10.7","0.0","15.2","196","74","78.1","16.7","21.9","16.7","71.4","20.8","14.8","17.1","13.8","12.6","0","12","-","**","-","**","-","**","-","**","-","**","-","**","36.2","(X)","36.2","(X)","-","(X)","55192","33553","57019","41269","54020","18026","-","**","-","**","-","**","-","**","-","**","54167","32469","56731","35008","-","**","54926","28082","122679","50739","-","**","55192","33553","54779","21200","97679","62465","54461","30629","-","**","86776","133920","-","**","-","**","-","**","-","**","-","**","-","**","-","**","(X)","(X)","(X)","(X)","(X)","(X)"
"1400000US36047016500","Census Tract 165, Kings County, New York","2600","65","80.2","6.9","7.2","4.8","0.0","1.2","7.0","4.4","0.0","1.2","4.9","4.6","0.7","1.2","8.7","5.3","76.5","7.0","1.6","1.6","50.3","7.5","30.7","6.1","17.3","5.3","1228","185","55.5","10.2","44.5","10.2","90.5","5.6","3.2","3.2","6.4","5.1","1372","183","52.8","12.6","49.7","12.5","3.1","2.4","47.2","12.6","32.1","10.4","15.1","8.7","26.3","(X)","22.9","(X)","29.4","(X)","105694","24617","119556","22487","32278","48029","-","**","49293","228509","-","**","67165","318685","-","**","80337","89780","126061","19889","41250","55337","136484","28200","117105","42247","48898","14389","182348","42076","215943","44621","168143","39688","182235","37853","26806","30558","250,000+","***","66875","11772","42278","18789","41903","16762","71500","162840","76724","27305","67121","19202","145074","105806","(X)","(X)","(X)","(X)","(X)","(X)"
"1400000US36047016600","Census Tract 166, Kings County, New York","724","64","96.7","2.3","1.0","1.6","0.0","4.4","1.0","1.5","0.0","4.4","0.8","1.2","0.6","1.0","6.2","4.3","91.3","5.0","2.8","4.1","12.4","5.8","49.4","7.5","35.4","7.5","571","78","32.6","9.6","67.4","9.6","92.3","4.8","5.1","3.9","2.6","2.4","153","66","68.6","19.7","52.3","21.6","16.3","15.4","31.4","19.7","31.4","19.7","0.0","19.0","43.6","(X)","47.8","(X)","28.1","(X)","66806","22350","65972","19999","-","**","-","**","-","**","-","**","-","**","-","**","55781","92813","71250","21260","-","**","82500","72801","115089","10116","42833","10387","80250","31295","83000","42441","67431","63106","84750","34456","49896","38107","63250","167907","49241","12281","55469","16636","49018","9762","-","**","31413","20179","31413","20179","-","**","(X)","(X)","(X)","(X)","(X)","(X)"
"1400000US36047016700","Census Tract 167, Kings County, New York","2117","137","77.7","7.9","1.2","1.5","0.0","1.5","11.0","6.8","0.0","1.5","7.4","5.3","2.7","1.9","9.4","5.2","75.0","8.0","0.5","1.0","47.4","8.1","37.5","7.9","14.6","4.1","1101","185","44.9","10.8","55.1","10.8","66.6","11.0","23.6","10.3","9.8","7.7","1016","194","46.3","13.2","26.9","11.9","19.4","10.0","53.7","13.2","36.2","13.2","17.5","11.2","23.5","(X)","18.8","(X)","28.5","(X)","100928","19340","103701","25500","-","**","-","**","75294","137960","-","**","54250","15353","168571","26225","53354","8126","110161","30436","-","**","110417","46518","94708","23642","47404","35489","130288","40494","131154","53569","124063","84202","168892","12907","44107","46467","100313","116379","72660","17279","81441","46726","42250","68855","133601","23953","71038","12907","54167","13920","161279","34728","(X)","(X)","(X)","(X)","(X)","(X)"
"1400000US36047016800","Census Tract 168, Kings County, New York","637","73","88.9","6.0","0.0","5.0","0.0","5.0","8.9","5.4","0.0","5.0","2.2","3.4","0.0","5.0","2.2","3.4","88.9","6.0","0.0","5.0","28.9","8.3","33.9","9.9","37.2","10.7","402","75","36.6","11.2","63.4","11.2","84.3","11.3","6.0","4.9","9.7","10.5","235","63","61.3","20.7","52.8","20.3","8.5","9.0","38.7","20.7","28.1","17.6","10.6","16.1","31.7","(X)","28.6","(X)","37.0","(X)","75125","21688","70769","27397","-","**","-","**","81042","116042","-","**","-","**","-","**","-","**","70769","27397","-","**","126127","1157","110000","45395","28274","2698","109667","32323","125240","13579","79792","43126","117583","33326","26750","33866","-","**","28671","4622","18846","14575","16923","6496","-","**","29399","33366","43750","59431","-","**","(X)","(X)","(X)","(X)","(X)","(X)"
"1400000US36047016900","Census Tract 169, Kings County, New York","2168","98","70.7","7.4","4.5","3.0","0.0","1.5","17.7","6.9","0.0","1.5","6.4","3.9","0.7","1.2","19.1","6.7","59.7","7.8","1.7","1.5","45.4","7.2","32.4","7.8","20.5","5.0","1344","180","37.1","11.6","62.9","11.6","64.5","12.1","23.9","9.8","11.6","8.9","824","181","49.8","12.1","33.0","11.6","16.7","9.4","50.2","12.1","44.2","12.5","6.1","5.7","22.8","(X)","22.1","(X)","23.9","(X)","63788","13661","85156","18826","19219","13892","-","**","13906","10092","-","**","55238","39442","-","**","31975","35183","90956","24809","-","**","86094","32488","80296","33138","17625","10455","78971","43969","115369","100527","73472","25209","122974","14145","56369","48580","3646","4876","56181","13203","56739","18776","29483","51189","79038","20622","55192","45986","33378","27715","111250","16485","(X)","(X)","(X)","(X)","(X)","(X)"
"1400000US36047017000","Census Tract 170, Kings County, New York","1168","80","70.0","7.4","0.0","2.7","0.0","2.7","26.9","6.9","0.0","2.7","3.1","3.5","0.0","2.7","10.3","5.0","62.8","7.1","4.0","3.4","26.5","7.6","40.1","7.8","29.4","7.1","867","99","33.3","11.1","66.7","11.1","79.0","8.0","14.9","6.8","6.1","5.4","301","81","55.8","16.5","43.2","16.8","12.6","10.9","44.2","16.5","34.2","15.4","10.0","9.6","59.5","(X)","62.6","(X)","50.5","(X)","58375","10683","56667","9435","-","**","-","**","54079","38263","-","**","-","**","-","**","71328","10431","54268","8248","2,500-","***","71204","24514","68529","15037","45057","18570","70417","9368","71620","20259","68382","12923","71571","11166","74861","32374","53917","46561","36806","16858","31210","18036","25833","52715","31532","696","45398","13215","45511","11761","2,500-","***","(X)","(X)","(X)","(X)","(X)","(X)"
"1400000US36047017100","Census Tract 171, Kings County, New York","1576","78","88.1","6.0","3.0","2.9","1.0","1.6","7.0","4.3","0.0","2.0","0.0","2.0","0.9","1.5","2.5","1.8","85.6","6.0","1.8","1.7","48.1","5.8","31.2","6.8","18.8","4.0","976","136","49.0","8.0","51.0","8.0","78.1","7.6","12.7","6.6","9.2","5.9","600","135","46.2","13.2","38.7","11.3","7.5","6.4","53.8","13.2","32.8","13.3","21.0","10.0","26.4","(X)","28.2","(X)","23.5","(X)","101538","17515","108194","11741","57448","146344","-","**","61434","10499","-","**","-","**","-","**","65341","28999","108690","12904","51719","32574","101250","23216","114583","14596","58417","26624","121689","15445","113750","21740","140183","31644","140732","11046","63810","33181","77333","30192","56667","9968","49607","12289","49071","14823","120536","147979","62446","19409","55208","35491","108313","54507","(X)","(X)","(X)","(X)","(X)","(X)"
"1400000US36047017200","Census Tract 172, Kings County, New York","1081","101","62.1","11.6","5.5","5.6","0.0","3.0","26.8","10.1","0.0","3.0","5.6","6.2","0.0","3.0","12.5","8.6","59.0","11.5","0.5","1.2","31.4","11.5","44.7","10.8","23.5","8.8","830","157","37.1","11.3","62.9","11.3","79.8","8.5","12.4","6.7","7.8","5.9","251","115","66.5","23.8","52.2","24.3","14.3","17.7","33.5","23.8","10.8","13.6","22.7","22.2","40.7","(X)","42.0","(X)","36.3","(X)","87669","27772","89398","21374","-","**","-","**","55208","61571","-","**","-","**","-","**","55313","96536","88611","25157","-","**","88277","39265","114028","32265","31638","35824","91773","15845","92167","23877","91300","36270","99012","25603","31458","65015","87731","11985","30642","13516","18819","63619","17134","2209","-","**","32069","23352","-","**","-","**","(X)","(X)","(X)","(X)","(X)","(X)"
"1400000US36047017400","Census Tract 174, Kings County, New York","738","47","61.4","8.5","0.0","4.3","0.0","4.3","32.5","7.4","0.0","4.3","3.8","3.5","2.3","2.8","8.9","7.3","54.9","9.5","0.5","0.8","37.8","9.8","41.2","11.2","20.5","7.4","604","71","39.2","9.7","60.8","9.7","73.3","10.2","17.1","7.9","9.6","6.4","134","57","44.0","26.1","33.6","20.9","10.4","17.0","56.0","26.1","44.8","28.1","11.2","14.8","44.0","(X)","41.4","(X)","56.0","(X)","72717","18481","72891","25583","-","**","-","**","63333","30471","-","**","212667","343135","-","**","39857","101789","73516","19094","-","**","82188","38763","90556","60781","27457","18220","72609","24747","75114","55643","72554","27179","90625","53634","64750","33547","27404","61213","75119","30127","39375","26200","42188","50634","-","**","86563","81895","76905","58584","-","**","(X)","(X)","(X)","(X)","(X)","(X)"
"1400000US36047017500","Census Tract 175, Kings County, New York","0","12","-","**","-","**","-","**","-","**","-","**","-","**","-","**","-","**","-","**","-","**","-","**","-","**","-","**","0","12","-","**","-","**","-","**","-","**","-","**","0","12","-","**","-","**","-","**","-","**","-","**","-","**","-","(X)","-","(X)","-","(X)","-","**","-","**","-","**","-","**","-","**","-","**","-","**","-","**","-","**","-","**","-","**","-","**","-","**","-","**","-","**","-","**","-","**","-","**","-","**","-","**","-","**","-","**","-","**","-","**","-","**","-","**","-","**","(X)","(X)","(X)","(X)","(X)","(X)"
"1400000US36047017600","Census Tract 176, Kings County, New York","789","77","70.1","7.3","0.5","0.8","0.0","4.0","23.2","6.8","0.0","4.0","4.1","3.9","2.2","1.7","9.1","4.7","67.2","7.7","6.2","5.3","28.9","7.6","35.6","7.3","29.3","6.6","453","82","31.8","8.9","68.2","8.9","75.9","10.3","17.4","9.2","6.6","6.8","336","69","53.6","11.6","47.3","11.3","6.3","6.5","46.4","11.6","35.1","13.2","11.3","11.5","44.0","(X)","44.8","(X)","42.9","(X)","47031","12071","34338","15708","-","**","-","**","80288","36357","-","**","54792","118445","21042","41509","54375","86393","33382","13148","13393","45163","60086","13667","63516","36025","29438","7323","62734","6960","52917","22752","66685","7864","65435","6922","51250","33417","46833","23505","25109","7309","19000","9346","15156","9675","115481","127738","40313","26079","30833","6521","135341","76437","(X)","(X)","(X)","(X)","(X)","(X)"
"1400000US36047017700","Census Tract 177, Kings County, New York","0","12","-","**","-","**","-","**","-","**","-","**","-","**","-","**","-","**","-","**","-","**","-","**","-","**","-","**","0","12","-","**","-","**","-","**","-","**","-","**","0","12","-","**","-","**","-","**","-","**","-","**","-","**","-","(X)","-","(X)","-","(X)","-","**","-","**","-","**","-","**","-","**","-","**","-","**","-","**","-","**","-","**","-","**","-","**","-","**","-","**","-","**","-","**","-","**","-","**","-","**","-","**","-","**","-","**","-","**","-","**","-","**","-","**","-","**","(X)","(X)","(X)","(X)","(X)","(X)"
"1400000US36047017800","Census Tract 178, Kings County, New York","795","60","58.1","8.3","1.1","1.7","0.6","1.0","31.2","6.2","0.0","4.0","5.0","4.4","3.9","3.2","14.5","7.5","50.4","9.0","5.4","4.5","33.0","8.0","37.6","10.1","24.0","7.6","595","74","45.5","11.2","54.5","11.2","73.9","10.7","18.5","8.7","7.6","5.2","200","59","54.5","18.4","53.0","18.7","1.5","2.5","45.5","18.4","34.5","17.9","11.0","11.6","47.2","(X)","47.2","(X)","41.0","(X)","52639","17754","42074","13594","-","**","-","**","55203","13580","-","**","18542","18366","76042","53276","13631","5442","53295","23631","14226","54698","56694","8504","59135","38073","23594","9457","56627","4210","55685","7403","63500","33922","57197","13824","12188","74927","67841","10578","18333","9289","14226","10257","14048","9131","-","**","22614","33910","17614","14251","-","**","(X)","(X)","(X)","(X)","(X)","(X)"
"1400000US36047017900","Census Tract 179, Kings County, New York","1512","75","28.9","6.5","61.2","5.9","0.0","2.1","3.2","3.0","0.0","2.1","3.8","3.1","2.8","2.2","14.5","4.6","21.8","5.9","3.8","2.9","34.7","7.1","35.8","7.3","25.8","5.0","892","102","31.4","9.4","68.6","9.4","37.3","7.6","50.3","10.8","12.3","8.1","620","101","66.6","9.3","45.2","9.7","21.5","7.7","33.4","9.3","20.2","7.7","13.2","8.2","35.1","(X)","32.0","(X)","39.7","(X)","57019","15200","102443","17013","43025","9347","-","**","63315","42430","-","**","16167","1341","119375","150068","24196","24611","110333","16308","86688","74965","115658","26438","41856","18277","31944","9214","58750","14423","64844","39941","55060","18537","75104","60631","56935","32586","62813","43751","43571","38535","29297","33218","16550","5916","116094","16864","64293","50237","41050","36830","144583","63344","(X)","(X)","(X)","(X)","(X)","(X)"
"1400000US36047018000","Census Tract 180, Kings County, New York","957","114","74.4","10.3","0.0","3.3","0.0","3.3","20.3","9.2","0.0","3.3","5.3","4.9","0.0","3.3","12.7","7.3","67.0","10.6","0.9","1.4","37.7","10.4","34.0","10.5","27.4","8.8","679","130","53.5","11.8","46.5","11.8","81.0","9.2","17.5","9.2","1.5","2.4","278","92","52.9","18.7","49.3","18.5","3.6","5.7","47.1","18.7","30.2","17.2","16.9","16.0","45.8","(X)","47.6","(X)","41.4","(X)","38711","18926","38625","25211","-","**","-","**","23989","23554","-","**","55486","18335","-","**","55089","25602","38938","25773","-","**","46989","49328","39271","40964","26750","25985","44750","20487","32467","35252","51719","19382","46364","19785","23405","27694","-","**","24035","11558","16888","6233","16622","3466","-","**","63173","55892","24800","36330","101065","17721","(X)","(X)","(X)","(X)","(X)","(X)"
"1400000US36047018100","Census Tract 181, Kings County, New York","2039","181","59.0","8.9","27.9","8.2","0.0","1.6","6.9","3.8","0.0","1.6","0.0","1.6","6.3","4.9","6.9","4.2","55.4","9.0","1.4","2.3","61.6","7.7","26.4","7.8","10.6","5.1","730","152","42.3","13.5","57.7","13.5","82.7","11.5","11.5","9.3","5.8","7.2","1309","200","57.2","12.1","51.2","12.2","6.0","4.3","42.8","12.1","28.2","10.3","14.6","8.3","18.3","(X)","33.8","(X)","9.6","(X)","79771","9812","89911","18288","65069","28782","-","**","92679","63091","-","**","-","**","82988","72356","83659","41506","90231","22571","-","**","89732","16573","51750","45476","75332","65807","104000","50519","137596","150410","103156","29077","135517","66790","72333","24262","-","**","75775","8775","67220","13143","66121","11069","87188","32463","77399","27959","73482","47931","195821","98923","(X)","(X)","(X)","(X)","(X)","(X)"
"1400000US36047018200","Census Tract 182, Kings County, New York","1007","97","45.9","9.0","1.0","1.5","0.0","3.2","47.6","8.4","0.0","3.2","4.5","6.1","1.1","1.6","16.9","7.9","33.5","8.2","2.4","2.7","44.8","9.0","34.6","7.8","18.3","6.6","759","94","46.8","11.1","53.2","11.1","86.4","7.8","8.2","6.1","5.4","5.4","248","90","49.2","17.8","45.6","17.9","3.6","6.2","50.8","17.8","23.4","16.1","27.4","18.1","43.4","(X)","46.1","(X)","35.1","(X)","38984","9784","44545","17644","-","**","-","**","36131","12995","-","**","-","**","-","**","31806","23643","48533","21114","-","**","32365","14989","50750","17170","31200","5494","37014","8154","30951","8732","42955","24632","35676","7743","52000","22264","53512","65666","49674","35813","48804","23159","48315","27645","-","**","63370","49871","30526","22956","72500","61938","(X)","(X)","(X)","(X)","(X)","(X)"
"1400000US36047018300","Census Tract 183, Kings County, New York","1262","106","51.7","9.1","24.8","6.5","0.7","1.1","9.7","6.2","0.0","2.5","10.3","7.5","2.7","2.4","14.3","8.5","49.0","9.3","6.4","3.8","57.9","7.3","30.3","7.1","5.4","2.6","732","138","38.0","11.8","62.0","11.8","75.1","8.5","14.6","6.4","10.2","8.3","530","117","64.5","11.7","45.1","14.5","19.4","11.8","35.5","11.7","17.9","9.1","17.5","9.1","21.2","(X)","22.7","(X)","19.2","(X)","105271","16521","121442","26807","73750","19835","-","**","130625","47001","-","**","69408","98859","90568","30139","127813","104759","111806","27590","68322","46152","119375","18988","89250","50117","33438","39146","126797","11547","131429","93715","118472","33787","128973","5076","74135","85440","67993","63581","81848","19836","76167","14251","73875","15417","76917","60427","106125","23848","90125","130897","135583","17631","(X)","(X)","(X)","(X)","(X)","(X)"
"1400000US36047018400","Census Tract 184, Kings County, New York","761","68","68.1","6.6","1.3","2.1","0.0","4.2","30.6","6.3","0.0","4.2","0.0","4.2","0.0","4.2","1.6","1.9","66.5","7.0","0.3","0.7","27.1","6.7","32.5","8.4","40.2","9.6","507","77","37.1","9.8","62.9","9.8","79.3","8.0","13.0","7.7","7.7","6.5","254","64","53.9","16.1","53.9","16.1","0.0","12.0","46.1","16.1","40.6","15.2","5.5","8.6","34.3","(X)","40.0","(X)","22.8","(X)","52550","21255","46071","18151","-","**","-","**","66583","61626","-","**","-","**","-","**","-","**","46786","19339","-","**","74375","59825","95179","28024","24483","7404","76615","22252","75417","13631","79554","46300","77679","26368","52800","8375","123917","15110","23879","10048","19688","5008","19688","5008","-","**","31518","12159","35417","25148","-","**","(X)","(X)","(X)","(X)","(X)","(X)"
"1400000US36047018501","Census Tract 185.01, Kings County, New York","1579","100","15.1","4.9","61.4","7.4","1.5","2.4","4.7","3.3","0.0","2.0","16.7","6.9","0.7","1.1","29.3","7.1","5.8","4.0","5.5","3.6","38.1","7.6","36.2","7.7","20.2","6.6","1164","134","51.6","8.4","48.4","8.4","21.3","6.9","70.6","8.0","8.1","5.4","415","119","52.3","18.5","52.3","18.5","0.0","7.5","47.7","18.5","47.2","18.8","0.5","1.9","38.1","(X)","35.8","(X)","36.6","(X)","21303","3642","45139","59186","21948","5885","-","**","14167","54411","-","**","20817","8757","-","**","20216","6158","130331","50705","27961","39722","19631","5293","23920","15181","21165","5052","20733","4653","18097","4895","24574","12919","63712","33270","14333","3773","28125","61045","20034","7762","16707","12569","16707","12569","-","**","21149","6229","21081","6493","-","**","(X)","(X)","(X)","(X)","(X)","(X)"
"1400000US36047018600","Census Tract 186, Kings County, New York","699","48","75.5","7.0","2.7","4.3","0.0","4.5","21.7","5.9","0.0","4.5","0.0","4.5","0.0","4.5","10.4","9.1","65.1","10.2","2.9","3.4","31.9","10.0","39.1","9.1","26.2","10.7","540","78","42.0","13.9","58.0","13.9","75.9","9.2","13.7","8.5","10.4","5.7","159","65","74.2","20.8","70.4","21.1","3.8","5.4","25.8","20.8","13.8","13.5","11.9","17.8","49.9","(X)","51.5","(X)","44.7","(X)","63125","11326","59438","18158","-","**","-","**","66000","42537","-","**","-","**","-","**","37054","48280","79583","38807","-","**","82417","48310","81563","85282","32708","32134","76071","28615","103750","46348","62750","22555","88000","36525","36964","133964","61250","23779","31384","9968","30089","18718","22300","17074","-","**","66908","99535","114583","184214","-","**","(X)","(X)","(X)","(X)","(X)","(X)"
"1400000US36047018700","Census Tract 187, Kings County, New York","587","57","67.8","10.8","19.1","9.5","0.0","5.4","4.8","3.9","0.0","5.4","6.0","7.8","2.4","3.6","19.8","10.7","54.0","10.1","2.6","3.0","69.5","9.0","21.0","8.9","7.0","5.1","326","80","49.1","18.3","50.9","18.3","79.4","13.7","20.6","13.7","0.0","9.5","261","62","46.0","19.4","30.7","15.3","15.3","14.8","54.0","19.4","22.6","15.3","31.4","18.5","47.0","(X)","49.4","(X)","44.1","(X)","106875","49007","106667","56997","62386","19071","-","**","183182","38017","-","**","-","**","-","**","57250","126656","128646","43212","-","**","121544","22925","56792","35230","32292","37142","121176","31082","121034","76658","122000","56855","129271","24334","56125","15156","-","**","71902","29362","87000","106380","21500","47621","146667","10328","71033","22358","32011","8072","84000","89817","(X)","(X)","(X)","(X)","(X)","(X)"
"1400000US36047018800","Census Tract 188, Kings County, New York","1028","52","69.1","7.7","0.0","3.1","0.0","3.1","28.9","7.2","0.0","3.1","2.0","2.4","0.0","3.1","4.4","3.5","66.7","7.4","3.8","4.3","28.1","8.7","46.2","9.4","21.9","7.5","788","90","47.7","9.1","52.3","9.1","81.0","9.4","11.7","6.5","7.4","6.3","240","87","49.6","21.6","43.3","20.9","6.3","10.0","50.4","21.6","29.2","18.6","21.3","19.7","49.4","(X)","44.4","(X)","65.8","(X)","56354","23505","66250","30390","-","**","-","**","39688","67158","-","**","-","**","-","**","45391","7032","66625","30414","-","**","78393","45517","100875","38332","41406","19717","78258","22138","81944","41833","76250","29882","77652","26319","80278","64621","132955","184296","42237","13154","33818","8890","33311","25003","-","**","51838","19493","50441","17066","192639","296638","(X)","(X)","(X)","(X)","(X)","(X)"
"1400000US36047019000","Census Tract 190, Kings County, New York","1665","80","58.1","7.9","2.0","2.6","1.8","2.0","28.2","5.4","0.0","1.9","9.9","5.1","0.0","1.9","22.0","5.7","49.3","7.1","2.5","2.9","46.4","7.3","39.1","7.2","12.1","3.9","1280","133","55.3","9.0","44.7","9.0","74.5","7.8","11.7","5.9","13.8","6.8","385","120","59.5","15.4","54.0","16.2","5.5","8.4","40.5","15.4","23.9","12.9","16.6","9.4","33.9","(X)","36.6","(X)","25.2","(X)","39479","3994","45536","14620","-","**","-","**","36847","4297","-","**","34464","22150","-","**","37601","6886","51792","16294","105272","175942","38462","2012","46094","19242","27202","32037","40815","12606","35896","7050","59821","11371","41743","20324","37750","45441","39872","40659","35871","14145","25208","15282","18056","16346","-","**","40833","39183","39545","32990","41944","107253","(X)","(X)","(X)","(X)","(X)","(X)"
"1400000US36047019100","Census Tract 191, Kings County, New York","939","119","52.4","12.5","30.4","11.2","0.0","3.4","1.4","1.5","0.0","3.4","11.9","7.9","3.9","4.6","20.9","8.4","45.0","12.6","5.2","4.1","55.1","9.9","32.6","10.5","7.1","6.0","470","129","50.0","16.3","50.0","16.3","52.6","13.3","28.1","14.8","19.4","13.6","469","118","47.3","15.3","23.2","10.2","24.1","16.8","52.7","15.3","19.4","10.6","33.3","14.2","55.8","(X)","59.8","(X)","45.0","(X)","68558","23174","80238","25133","71458","50050","-","**","-","**","-","**","26875","11698","-","**","33241","20451","91042","26566","3427","1123","76917","34179","71855","41089","55144","40201","69231","24909","97188","83789","67031","16412","95938","82509","39250","59737","29485","76476","43417","47397","17800","20034","17361","13575","43083","89356","93750","58771","93750","138760","93750","60680","(X)","(X)","(X)","(X)","(X)","(X)"
"1400000US36047019200","Census Tract 192, Kings County, New York","765","86","57.6","9.9","3.8","5.9","0.0","4.2","30.2","8.5","0.0","4.2","8.4","5.9","0.0","4.2","16.1","8.3","49.9","11.5","2.5","3.2","44.1","11.0","35.2","10.8","18.3","6.8","611","87","66.3","8.8","33.7","8.8","74.5","12.0","10.0","5.8","15.5","11.1","154","84","47.4","22.1","29.2","24.0","18.2","14.9","52.6","22.1","44.8","23.1","7.8","12.5","40.1","(X)","48.8","(X)","3.2","(X)","34263","6223","32448","18398","-","**","-","**","37868","5125","-","**","25982","14627","-","**","27009","11128","41000","25144","-","**","31159","2631","47578","13330","24500","21692","31841","9634","31205","6508","43750","22391","37868","12204","17083","12959","12366","49143","27292","17937","9625","84953","48542","14225","-","**","32543","19252","33060","21001","-","**","(X)","(X)","(X)","(X)","(X)","(X)"
"1400000US36047019300","Census Tract 193, Kings County, New York","2061","120","30.4","5.8","62.7","6.0","0.0","1.6","2.4","2.9","0.0","1.6","0.7","1.1","3.8","2.9","13.1","5.2","21.7","5.4","11.3","5.2","27.4","6.0","31.0","6.5","30.3","5.0","790","155","33.5","11.3","66.5","11.3","65.1","13.5","28.7","12.9","6.2","6.1","1271","189","71.0","9.3","62.9","9.2","8.1","5.9","29.0","9.3","20.3","8.3","8.7","4.4","42.1","(X)","43.5","(X)","38.2","(X)","48542","14541","50455","29479","44667","17317","-","**","-","**","-","**","-","**","123750","115577","55703","41545","32188","44022","13546","17957","70417","36189","68589","10168","26583","9832","63808","13276","54234","27103","64814","14661","71957","17336","52944","20459","48672","36954","29639","11312","29410","15014","27639","12996","51932","112182","30167","39439","15978","8721","97500","16470","(X)","(X)","(X)","(X)","(X)","(X)"
"1400000US36047019400","Census Tract 194, Kings County, New York","1152","84","47.7","8.7","3.0","3.7","0.0","2.8","47.4","8.5","0.0","2.8","1.9","3.0","0.0","2.8","12.0","6.6","37.6","7.9","5.7","4.3","37.8","10.7","41.2","10.4","15.2","5.2","909","99","48.1","12.4","51.9","12.4","77.1","8.6","13.4","6.2","9.5","7.7","243","81","50.6","19.5","33.3","17.5","17.3","16.6","49.4","19.5","35.0","18.2","14.4","16.4","28.3","(X)","26.4","(X)","35.4","(X)","38542","13296","56607","17370","-","**","-","**","36321","11050","-","**","-","**","-","**","58500","26110","46806","22660","61167","51140","36270","17748","45694","15211","30250","31079","42446","20764","36089","6088","57571","10348","36414","6764","63462","19242","60667","31018","22969","15168","38750","57263","39583","65008","24688","82288","20192","13076","14250","17616","-","**","(X)","(X)","(X)","(X)","(X)","(X)"
"1400000US36047019500","Census Tract 195, Kings County, New York","1799","113","42.2","8.2","32.7","8.1","1.9","2.1","7.9","5.5","0.0","1.8","10.2","6.3","5.1","4.6","21.1","6.6","34.4","6.9","6.2","3.6","59.9","7.4","24.2","7.0","9.8","4.2","845","180","37.9","11.9","62.1","11.9","68.6","14.1","21.3","12.7","10.1","9.1","954","170","42.3","10.1","25.2","9.5","17.2","9.4","57.7","10.1","42.6","11.7","15.1","8.1","39.6","(X)","54.2","(X)","26.7","(X)","67468","15701","77500","13321","58167","21413","-","**","85417","43240","-","**","105464","105720","132321","221118","61354","12881","85536","21653","39861","128856","81546","18284","63344","9167","39286","52776","83264","27097","118125","71526","66607","37037","91212","23248","28616","36489","132736","212834","60800","13896","71574","38369","44737","17537","151111","92936","58690","7566","56453","11087","76111","68627","(X)","(X)","(X)","(X)","(X)","(X)"
"1400000US36047019600","Census Tract 196, Kings County, New York","1543","88","51.7","7.9","4.2","3.8","0.0","2.1","32.4","6.2","0.0","2.1","11.7","6.9","0.0","2.1","23.7","7.0","43.5","7.1","5.2","3.5","45.7","8.1","30.6","8.0","18.5","6.1","1175","142","63.8","9.4","36.2","9.4","73.7","8.2","21.2","8.3","5.1","4.7","368","123","55.2","18.8","42.4","15.9","12.8","11.4","44.8","18.8","30.4","16.6","14.4","14.7","40.2","(X)","31.3","(X)","68.5","(X)","39127","5916","39000","6059","46902","63584","-","**","40221","15015","-","**","35857","38190","-","**","46576","23361","37138","9036","45739","47693","47697","12738","31935","14731","25208","21708","40799","8107","40156","10534","43375","11927","36824","6797","61157","33820","61413","80443","30608","16305","21307","13148","14259","8730","80972","35297","52902","42930","23750","43472","-","**","(X)","(X)","(X)","(X)","(X)","(X)"
"1400000US36047019700","Census Tract 197, Kings County, New York","1564","120","44.8","7.0","42.6","7.0","0.0","2.1","4.6","3.4","0.0","2.1","2.5","2.4","5.5","3.8","3.3","2.1","44.8","7.0","2.2","1.9","45.8","6.6","31.5","6.2","20.5","4.9","700","123","39.9","9.7","60.1","9.7","79.6","9.5","14.0","8.4","6.4","5.7","864","123","52.8","10.8","38.3","10.1","14.5","7.1","47.2","10.8","33.6","10.2","13.7","6.8","34.1","(X)","33.1","(X)","32.5","(X)","77803","15128","128080","26817","45833","9052","-","**","88333","226395","-","**","42083","152091","79444","9059","31250","35474","128080","26817","127813","238047","99583","29992","90208","32069","31917","18456","131912","29051","152269","24650","114514","26634","150972","21104","53438","98794","123239","87401","48913","11872","66979","23832","44398","26285","129188","72034","42692","7664","41618","8083","99444","99016","(X)","(X)","(X)","(X)","(X)","(X)"
"1400000US36047019800","Census Tract 198, Kings County, New York","708","36","86.4","6.5","1.0","1.9","0.0","4.5","12.6","6.3","0.0","4.5","0.0","4.5","0.0","4.5","1.8","2.3","85.6","6.7","0.0","4.5","36.4","12.0","39.3","11.0","24.3","10.0","504","90","33.7","14.5","66.3","14.5","70.0","14.6","10.3","8.5","19.6","11.8","204","87","47.1","26.4","30.4","20.0","16.7","16.9","52.9","26.4","48.0","27.7","4.9","7.6","37.3","(X)","41.3","(X)","27.5","(X)","53472","23241","55909","28446","-","**","-","**","53403","61796","-","**","-","**","-","**","-","**","55227","28795","-","**","74167","22965","53472","42206","39444","12852","58500","20031","65833","52547","53750","32278","90039","46350","49559","11760","17063","37226","40938","30269","71000","23954","38750","47608","73750","963","25500","26563","24844","32083","-","**","(X)","(X)","(X)","(X)","(X)","(X)"
"1400000US36047019900","Census Tract 199, Kings County, New York","1259","110","48.6","8.6","36.1","8.4","0.0","2.5","8.9","5.4","0.0","2.5","3.6","4.4","2.8","3.6","12.0","5.7","44.7","8.7","2.7","3.3","64.0","8.3","17.0","6.3","16.3","4.8","464","111","46.3","14.9","53.7","14.9","68.3","13.4","27.6","12.9","4.1","6.4","795","133","62.1","10.8","48.9","10.4","13.2","7.0","37.9","10.8","22.8","10.1","15.1","9.7","30.1","(X)","47.4","(X)","20.0","(X)","63295","10909","106364","55541","44837","18391","-","**","37375","173890","-","**","-","**","-","**","25947","10360","120104","43149","-","**","91635","23421","51389","37546","35938","32183","81389","32846","82169","35868","66467","65224","106023","34014","66087","13060","-","**","49531","19410","48750","16247","41250","22652","83281","110491","61875","39403","27404","35633","117000","64673","(X)","(X)","(X)","(X)","(X)","(X)"
"1400000US36047020000","Census Tract 200, Kings County, New York","726","75","71.3","8.8","0.0","4.4","0.0","4.4","23.7","7.5","0.0","4.4","5.0","4.6","0.0","4.4","14.9","6.9","61.4","9.8","1.7","2.7","29.9","11.4","43.9","11.6","24.5","7.7","569","88","48.0","11.9","52.0","11.9","64.0","13.5","31.3","12.8","4.7","4.6","157","63","39.5","22.8","31.8","20.2","7.6","12.3","60.5","22.8","42.7","24.5","17.8","25.5","45.2","(X)","48.5","(X)","33.1","(X)","66528","10828","66806","10553","-","**","-","**","96607","47354","-","**","18929","40676","-","**","63500","48227","65764","18045","-","**","70850","13699","69205","28544","37222","34698","66424","9698","66008","12182","74375","44717","75167","20506","31000","83696","16750","72294","52132","39713","26579","8116","25789","8644","-","**","71295","12554","77813","35948","-","**","(X)","(X)","(X)","(X)","(X)","(X)"
"1400000US36047020100","Census Tract 201, Kings County, New York","1746","117","45.6","7.5","42.7","6.9","0.0","1.8","3.8","3.5","0.0","1.8","2.0","2.6","5.9","4.2","7.7","4.4","41.6","7.6","3.5","2.5","55.7","6.3","28.6","6.7","12.3","4.4","623","143","46.9","12.0","53.1","12.0","67.3","11.9","27.3","10.6","5.5","6.9","1123","126","56.8","8.9","35.0","8.2","21.8","7.5","43.2","8.9","29.5","8.3","13.7","6.8","30.1","(X)","37.9","(X)","25.7","(X)","76409","10297","100994","8151","54276","11681","-","**","21154","140838","-","**","-","**","140625","171076","75673","46968","100865","11306","47321","69770","97625","17419","62083","22957","47929","12819","96078","16511","133571","50562","64508","39883","99313","46341","83864","44321","-","**","56645","16004","55658","20490","35815","24098","103438","21863","60987","20582","49013","3724","131458","73105","(X)","(X)","(X)","(X)","(X)","(X)"
"1400000US36047020200","Census Tract 202, Kings County, New York","649","54","78.9","9.3","0.0","4.9","0.0","4.9","21.1","9.3","0.0","4.9","0.0","4.9","0.0","4.9","0.6","1.0","78.3","9.3","3.9","4.6","24.5","7.9","38.7","11.1","33.0","11.2","513","71","37.6","11.2","62.4","11.2","71.2","10.9","17.3","9.2","11.5","7.9","136","60","66.9","22.8","62.5","22.8","4.4","7.6","33.1","22.8","18.4","19.8","14.7","15.3","29.4","(X)","27.7","(X)","36.0","(X)","70069","29935","79500","50601","-","**","-","**","59181","16983","-","**","-","**","-","**","-","**","85208","50351","-","**","118558","43385","104938","9254","26000","11718","86563","40834","102837","40894","70833","59630","85729","41031","59150","18773","131250","61851","22045","24640","17310","17587","17147","10769","-","**","51607","130878","21736","38046","-","**","(X)","(X)","(X)","(X)","(X)","(X)"
"1400000US36047020300","Census Tract 203, Kings County, New York","716","57","51.3","9.5","23.5","8.7","0.0","4.4","11.7","6.8","0.0","4.4","10.3","6.0","3.2","4.8","14.2","6.6","48.0","9.0","8.7","5.5","66.8","8.6","18.3","6.7","6.3","3.8","232","50","59.5","12.3","40.5","12.3","75.9","13.0","22.4","12.8","1.7","2.9","484","67","61.8","13.3","21.3","9.9","40.5","13.9","38.2","13.3","17.8","9.0","20.5","10.7","20.0","(X)","15.9","(X)","21.1","(X)","109000","26978","114375","29571","77500","36744","-","**","140000","8583","-","**","61500","258399","-","**","60667","94918","113472","29183","112361","2437","101000","35628","121875","123621","23438","37927","137083","25117","141429","77346","108500","37402","160833","43629","16458","61612","-","**","86875","24374","97679","53944","58672","21925","113750","18487","86016","30668","8571","18797","135417","60043","(X)","(X)","(X)","(X)","(X)","(X)"
"1400000US36047020400","Census Tract 204, Kings County, New York","587","54","88.6","5.6","0.0","5.4","0.0","5.4","11.4","5.6","0.0","5.4","0.0","5.4","0.0","5.4","0.0","5.4","88.6","5.6","0.0","5.4","34.1","10.0","34.1","7.9","31.9","6.6","414","73","40.3","10.3","59.7","10.3","75.1","10.9","10.9","7.5","14.0","11.0","173","66","70.5","17.8","53.8","21.9","16.8","22.9","29.5","17.8","17.9","13.9","11.6","12.7","32.0","(X)","24.4","(X)","50.3","(X)","69148","9989","68182","8820","-","**","-","**","143594","112620","-","**","-","**","-","**","-","**","68182","8820","-","**","76346","55666","84375","34028","29489","14847","74722","17659","107847","58326","67898","6619","108819","30408","50703","35158","66056","497","26908","29565","18333","32350","15809","2869","-","**","61250","106999","26382","12764","-","**","(X)","(X)","(X)","(X)","(X)","(X)"
"1400000US36047020500","Census Tract 205, Kings County, New York","1300","90","62.8","7.1","21.7","8.1","0.0","2.5","6.2","4.9","0.0","2.5","3.0","4.3","6.3","3.8","11.2","6.0","58.6","7.3","3.0","2.7","63.8","7.5","17.9","6.9","15.2","5.1","501","118","41.9","9.5","58.1","9.5","63.1","12.6","17.2","9.3","19.8","12.0","799","135","50.7","12.3","37.9","11.7","12.8","6.9","49.3","12.3","24.7","11.0","24.7","10.6","15.7","(X)","14.0","(X)","16.8","(X)","75833","14625","105802","18580","37037","40282","-","**","19485","44623","-","**","-","**","73750","24929","34265","67835","106698","9088","29620","81697","90379","23109","106616","32027","19069","52463","104479","29004","109762","34255","75750","31619","116923","10029","31591","28932","67464","30284","62083","19336","60337","6341","58566","14853","150259","99134","81786","36988","34485","63325","106250","43452","(X)","(X)","(X)","(X)","(X)","(X)"
"1400000US36047020600","Census Tract 206, Kings County, New York","809","61","73.2","8.9","1.4","1.5","0.0","3.9","23.5","8.7","0.0","3.9","2.0","2.9","0.0","3.9","5.4","4.9","67.7","7.7","0.0","3.9","34.7","8.1","40.7","8.6","24.6","4.9","613","82","43.6","9.9","56.4","9.9","92.8","4.8","7.2","4.8","0.0","5.2","196","71","42.9","18.5","34.2","16.5","8.7","11.4","57.1","18.5","46.9","20.2","10.2","11.9","38.1","(X)","45.0","(X)","14.8","(X)","82440","18854","94167","14151","-","**","-","**","57885","29916","-","**","-","**","-","**","95769","81501","93056","17214","-","**","90481","45602","85536","30196","62917","38031","91688","14305","86033","40185","97292","28618","94861","17333","75192","44878","-","**","31500","30647","23214","30196","24821","49643","-","**","34318","71473","17386","46856","-","**","(X)","(X)","(X)","(X)","(X)","(X)"
"1400000US36047020700","Census Tract 207, Kings County, New York","2095","133","68.1","7.8","22.4","6.0","0.0","1.5","5.3","4.7","0.0","1.5","3.0","3.8","1.2","1.5","12.9","5.7","62.4","7.7","3.9","3.9","47.6","7.7","31.5","7.8","17.0","7.1","858","151","41.7","10.5","58.3","10.5","72.6","11.4","21.2","10.7","6.2","6.8","1237","207","63.5","11.7","40.3","10.1","23.2","9.7","36.5","11.7","18.8","10.0","17.7","9.3","30.6","(X)","36.2","(X)","26.7","(X)","98558","13469","105404","13615","50656","25924","-","**","152969","136754","-","**","-","**","-","**","123003","30156","99861","14227","190089","181711","98269","16830","106209","27029","32983","36223","126964","28637","140769","99471","126250","24137","146058","46678","98333","34381","-","**","78201","12927","52250","30162","34242","21106","105967","37451","93289","20453","80436","22516","132645","19058","(X)","(X)","(X)","(X)","(X)","(X)"
"1400000US36047020800","Census Tract 208, Kings County, New York","1007","78","70.7","9.3","0.8","1.2","0.0","3.2","25.1","8.6","0.0","3.2","2.8","3.7","0.6","1.2","11.2","7.0","63.0","9.7","3.1","3.3","36.0","9.6","35.4","8.4","25.5","8.0","673","101","38.3","11.4","61.7","11.4","77.9","11.2","14.3","9.6","7.9","5.4","334","95","45.8","16.9","37.7","16.3","8.1","10.0","54.2","16.9","35.9","16.1","18.3","13.0","33.3","(X)","34.6","(X)","30.5","(X)","56467","15170","56406","17897","-","**","-","**","56993","34413","-","**","-","**","-","**","45733","21407","56641","16931","2,500-","***","72560","40759","72833","17856","42135","13252","56495","16949","50900","53287","57364","20489","57297","22660","49583","48867","45781","451548","56413","23921","33542","35739","29214","28632","-","**","69531","43995","55978","14360","96033","39022","(X)","(X)","(X)","(X)","(X)","(X)"
"1400000US36047021000","Census Tract 210, Kings County, New York","1461","61","50.9","7.0","0.0","2.2","1.2","2.0","45.4","7.2","0.0","2.2","1.7","2.7","0.8","1.1","8.6","5.1","45.2","8.0","1.0","1.2","38.7","7.6","35.8","7.2","24.6","6.9","1101","108","42.0","9.0","58.0","9.0","82.4","7.9","9.6","5.4","8.0","5.4","360","96","67.8","16.3","55.0","16.5","12.8","12.6","32.2","16.3","18.1","12.8","14.2","14.5","38.6","(X)","40.4","(X)","33.1","(X)","55547","8717","57037","14925","-","**","-","**","47000","19793","-","**","-","**","-","**","69500","30992","56296","11882","-","**","73018","21319","62831","21706","30602","9426","54679","13310","47250","14153","63603","19847","55298","10673","32353","9679","88571","51895","55370","53872","28250","51649","18235","15355","91400","51972","62813","48239","18750","59358","86823","82413","(X)","(X)","(X)","(X)","(X)","(X)"
"1400000US36047021100","Census Tract 211, Kings County, New York","479","70","32.2","9.2","53.7","9.9","0.0","6.6","4.2","5.9","0.0","6.6","6.7","4.8","3.3","3.2","26.5","9.2","16.9","6.6","12.7","6.8","41.3","9.0","33.6","8.2","12.3","6.1","282","69","45.7","12.4","54.3","12.4","33.0","14.0","50.0","18.5","17.0","14.1","197","64","33.5","14.9","26.9","14.7","6.6","8.0","66.5","14.9","39.6","20.9","26.9","18.4","27.1","(X)","29.4","(X)","23.9","(X)","49338","18721","56333","23427","31823","17279","-","**","-","**","-","**","51500","32771","-","**","50875","42029","49844","22863","57375","74068","49706","28010","51420","31056","22708","5187","51250","36801","70950","30966","41875","28815","49632","76725","70350","80661","64500","68189","33625","14517","31607","32436","30446","9167","-","**","34875","23920","31136","2370","89219","58133","(X)","(X)","(X)","(X)","(X)","(X)"
"1400000US36047021200","Census Tract 212, Kings County, New York","1428","92","35.6","6.0","1.5","2.4","0.0","2.2","60.4","6.2","0.0","2.2","0.4","0.8","2.2","2.4","6.9","4.1","31.2","6.6","3.2","2.8","40.8","7.3","37.7","7.5","18.3","6.0","1159","118","44.7","9.7","55.3","9.7","73.6","8.7","14.3","6.3","12.1","6.5","269","89","69.5","17.9","56.9","18.8","12.6","11.4","30.5","17.9","16.4","14.0","14.1","14.5","29.2","(X)","28.6","(X)","21.2","(X)","35947","7107","42375","12900","-","**","-","**","29613","6053","-","**","-","**","-","**","73922","81060","39167","6236","11938","28272","41283","8097","52731","49524","24964","3769","35739","6906","38611","14438","35191","9397","36520","8882","35172","30895","31250","55635","26597","22117","12639","19558","9153","4034","91250","75225","52368","33823","29688","84157","-","**","(X)","(X)","(X)","(X)","(X)","(X)"
"1400000US36047021300","Census Tract 213, Kings County, New York","1887","76","19.3","6.0","75.6","6.3","0.0","1.7","1.4","2.0","0.0","1.7","2.5","3.1","1.2","1.1","7.9","4.8","19.3","6.0","5.4","3.5","44.8","5.3","35.0","4.9","14.9","4.3","1082","150","40.3","10.3","59.7","10.3","43.5","9.1","38.7","8.6","17.7","8.8","805","138","52.8","10.2","45.0","9.9","7.8","5.1","47.2","10.2","43.1","10.4","4.1","3.2","30.7","(X)","36.1","(X)","23.5","(X)","42022","7096","40903","24706","40437","13965","-","**","-","**","-","**","-","**","56563","256443","70048","34441","40903","24706","16719","24565","60987","21204","36250","15741","20938","19661","61667","34592","28235","36906","71923","24732","91198","15883","27917","4622","43043","49828","24185","19876","19958","13255","18083","5779","37279","21663","35652","30552","17450","39802","81932","29675","(X)","(X)","(X)","(X)","(X)","(X)"
"1400000US36047021400","Census Tract 214, Kings County, New York","581","46","52.5","10.7","0.0","5.4","0.0","5.4","45.1","10.7","0.0","5.4","0.5","0.8","1.9","2.9","9.0","7.2","43.5","10.6","10.8","6.3","47.2","11.9","29.3","11.0","12.7","7.5","484","60","61.2","12.8","38.8","12.8","76.4","10.8","15.5","9.0","8.1","8.2","97","39","47.4","21.6","34.0","21.0","13.4","15.8","52.6","21.6","18.6","16.8","34.0","21.3","35.8","(X)","32.4","(X)","43.3","(X)","47679","16425","46563","31516","-","**","-","**","43500","20439","-","**","-","**","-","**","49022","13979","31250","34105","30893","33550","49429","4881","52125","23396","9861","9955","40536","18363","27188","16395","51731","15289","34063","18056","54313","37380","26902","33743","14911","40286","11471","2046","11250","3853","-","**","49432","15321","31429","26329","55114","11217","(X)","(X)","(X)","(X)","(X)","(X)"
"1400000US36047021500","Census Tract 215, Kings County, New York","2506","129","44.1","6.4","37.8","8.0","0.0","1.3","8.2","4.9","0.0","1.3","7.8","6.1","2.1","2.0","15.2","6.5","37.4","6.2","4.4","3.9","46.2","6.1","36.0","5.9","13.5","3.2","1170","190","45.6","9.9","54.4","9.9","64.6","10.5","25.6","8.0","9.7","6.8","1336","182","48.8","10.1","33.7","8.3","15.1","6.9","51.2","10.1","28.4","10.7","22.8","10.1","25.9","(X)","29.3","(X)","20.9","(X)","55969","10177","96413","27082","43000","12462","-","**","40882","76515","-","**","17067","10617","51736","90932","25962","34284","112019","24948","24024","24920","90839","23396","40089","27814","25750","10935","41071","24248","39605","72363","41607","29918","95595","89636","35724","19254","6204","45308","56844","11973","55885","7375","52115","8006","87143","122007","70714","39844","29643","30650","107740","33204","(X)","(X)","(X)","(X)","(X)","(X)"
"1400000US36047021600","Census Tract 216, Kings County, New York","1047","57","79.8","7.7","0.0","3.1","0.0","3.1","20.2","7.7","0.0","3.1","0.0","3.1","0.0","3.1","6.7","5.0","73.2","7.7","3.2","3.7","36.1","8.9","38.8","9.4","22.0","7.4","798","88","52.0","10.6","48.0","10.6","78.9","9.5","16.7","7.2","4.4","5.4","249","81","52.6","21.2","39.8","22.4","12.9","14.2","47.4","21.2","44.6","21.4","2.8","4.4","42.5","(X)","37.3","(X)","59.0","(X)","34688","6339","32292","5543","-","**","-","**","46771","41798","-","**","-","**","-","**","32308","15708","32284","6278","-","**","31369","9284","41563","11608","29688","16740","32602","4008","30108","8056","46938","20752","33622","5444","31913","22920","-","**","29438","19640","27788","22141","19044","8785","-","**","40729","27210","41094","26831","-","**","(X)","(X)","(X)","(X)","(X)","(X)"
"1400000US36047021700","Census Tract 217, Kings County, New York","1503","88","29.3","6.3","57.0","5.5","0.0","2.1","5.7","3.5","0.0","2.1","5.1","3.7","3.0","2.7","8.0","3.6","26.8","6.0","5.1","3.3","44.8","7.1","38.0","7.4","12.2","3.6","652","104","45.6","11.2","54.4","11.2","37.1","10.3","49.7","11.4","13.2","8.0","851","118","68.3","9.2","50.1","9.6","18.2","7.0","31.7","9.2","22.6","8.5","9.2","6.2","25.1","(X)","25.3","(X)","24.0","(X)","50469","14584","69773","27869","30278","8620","-","**","60327","1977","-","**","30272","38354","50563","38694","35714","41444","75139","21241","32321","32193","61128","5332","52054","17458","16553","3178","50882","30221","42422","39730","50919","31062","70300","21333","30278","20064","31522","4893","46635","17616","36505","16598","24545","9267","61827","21574","63707","16699","53250","23498","97083","19706","(X)","(X)","(X)","(X)","(X)","(X)"
"1400000US36047021800","Census Tract 218, Kings County, New York","1072","66","86.1","7.2","0.0","3.0","0.0","3.0","8.5","5.3","0.0","3.0","4.9","6.0","0.5","0.7","11.2","7.3","79.9","8.1","7.1","5.5","45.8","10.7","30.9","10.8","16.2","7.2","897","91","74.7","10.9","25.3","10.9","94.6","3.8","4.5","3.5","0.9","1.4","175","80","61.1","21.9","61.1","21.9","0.0","16.9","38.9","21.9","20.0","17.5","18.9","20.8","36.1","(X)","39.0","(X)","21.1","(X)","33344","4420","32711","3733","-","**","-","**","72670","123480","-","**","-","**","-","**","26700","63073","33474","3242","11488","1251","34529","9384","36953","14062","18750","19434","37750","11287","33474","3449","74489","27426","37031","12764","42500","19039","-","**","11875","3806","10944","4776","10944","4776","-","**","16212","11271","12361","8029","-","**","(X)","(X)","(X)","(X)","(X)","(X)"
"1400000US36047021900","Census Tract 219, Kings County, New York","1510","91","21.9","5.6","65.9","6.9","0.0","2.1","6.1","4.9","0.0","2.1","5.4","4.1","0.7","1.1","10.4","4.6","21.3","5.7","7.8","4.8","49.5","7.9","28.1","6.5","14.5","5.2","783","121","29.4","9.3","70.6","9.3","36.9","12.4","54.9","13.1","8.2","7.2","727","141","56.7","12.1","27.0","9.8","29.7","10.4","43.3","12.1","33.6","11.8","9.8","7.8","39.7","(X)","41.6","(X)","37.7","(X)","38372","7181","57014","24708","32538","7283","-","**","104722","123261","-","**","82986","119427","-","**","84931","57150","56319","26046","30139","28853","48100","23111","45625","27825","18875","9098","45625","20783","60769","40644","40375","22815","62404","42526","35000","15813","49800","71072","31806","10597","31786","15922","18000","10066","63618","24570","31838","19341","18646","16575","153702","119851","(X)","(X)","(X)","(X)","(X)","(X)"
"1400000US36047022000","Census Tract 220, Kings County, New York","1276","94","90.8","4.8","0.7","1.1","0.0","2.5","6.7","4.2","0.0","2.5","1.8","2.8","0.0","2.5","8.8","6.2","84.5","7.0","9.6","5.3","37.2","9.3","32.6","9.6","20.5","6.5","958","144","63.4","11.6","36.6","11.6","87.5","8.0","4.8","4.4","7.7","6.8","318","99","40.6","16.6","38.4","16.8","2.2","3.6","59.4","16.6","50.6","18.5","8.8","13.2","35.4","(X)","35.1","(X)","36.5","(X)","30236","2923","29646","2441","-","**","-","**","34000","52671","-","**","-","**","-","**","22368","75856","29858","2744","12028","31000","34052","13872","30160","6191","17212","5676","32500","2591","32515","3186","32467","29502","32876","3193","30761","8464","43125","150812","16731","6475","16010","2910","15921","4301","-","**","20493","12071","14508","11398","-","**","(X)","(X)","(X)","(X)","(X)","(X)"
"1400000US36047022100","Census Tract 221, Kings County, New York","1616","102","32.2","6.6","55.8","7.0","2.0","3.1","2.7","2.7","0.0","2.0","1.1","1.8","6.3","3.5","11.5","4.5","28.1","5.8","4.3","2.7","51.3","6.9","30.9","6.6","13.5","5.0","701","127","31.0","8.5","69.0","8.5","44.8","11.0","39.4","11.0","15.8","10.4","915","124","55.4","10.4","35.3","10.6","20.1","8.0","44.6","10.4","24.3","8.8","20.3","8.1","32.9","(X)","35.4","(X)","29.7","(X)","48523","11427","70188","12837","42731","9452","-","**","64740","24622","-","**","-","**","40729","53122","37292","30073","73438","19558","28125","27587","50060","17095","64688","17921","12500","9793","67813","16155","50417","25143","83095","15830","87660","15413","62109","16180","29792","33448","40354","8213","33958","12495","20179","16246","69773","18238","43534","8383","37292","24727","76538","35763","(X)","(X)","(X)","(X)","(X)","(X)"
"1400000US36047022200","Census Tract 222, Kings County, New York","1101","101","92.1","5.5","1.0","1.6","0.0","2.9","0.0","2.9","0.0","2.9","6.9","5.3","0.0","2.9","16.2","7.1","83.0","7.2","5.0","3.8","34.4","8.7","44.1","10.5","16.5","8.4","864","125","60.5","10.6","39.5","10.6","83.3","9.4","13.3","8.6","3.4","4.0","237","99","70.9","19.1","51.9","21.1","19.0","18.3","29.1","19.1","21.1","17.7","8.0","13.3","31.9","(X)","36.3","(X)","15.6","(X)","29949","5166","29257","4715","-","**","-","**","-","**","-","**","54000","47269","-","**","44821","11552","28547","4130","15375","4179","33491","9440","42031","25116","19412","13156","28711","4401","29309","7793","27837","4519","30859","5679","12277","14668","-","**","43958","35762","46944","45352","14931","30591","-","**","29125","72645","27125","13550","-","**","(X)","(X)","(X)","(X)","(X)","(X)"
"1400000US36047022400","Census Tract 224, Kings County, New York","1323","107","76.0","7.2","2.4","2.9","0.0","2.4","8.0","3.5","0.0","2.4","13.5","6.8","0.0","2.4","24.0","6.5","67.1","7.7","7.1","3.9","52.7","7.7","29.6","7.2","10.7","3.7","1045","113","63.9","10.4","36.1","10.4","76.4","8.4","21.7","8.3","1.9","2.5","278","97","38.5","19.8","32.0","19.0","6.5","7.5","61.5","19.8","28.1","16.4","33.5","20.9","35.8","(X)","33.8","(X)","24.8","(X)","38442","5895","38352","8137","-","**","-","**","31111","26681","-","**","47159","21802","-","**","46481","13885","37206","7814","48750","95972","38404","7594","45536","8191","21417","11423","37904","5106","42783","9586","33875","9280","36382","7305","39094","13493","-","**","22284","10154","20430","6400","17218","6550","-","**","30804","12347","20096","16256","34805","2658","(X)","(X)","(X)","(X)","(X)","(X)"
"1400000US36047022600","Census Tract 226, Kings County, New York","630","53","37.8","12.3","0.0","5.0","0.0","5.0","7.9","6.0","0.0","5.0","54.3","12.7","0.0","5.0","64.8","10.8","25.6","10.3","2.4","3.7","46.3","9.5","34.1","8.9","17.1","6.5","547","68","55.2","12.1","44.8","12.1","71.5","12.4","16.6","9.2","11.9","9.1","83","53","24.1","25.3","24.1","25.3","0.0","31.3","75.9","25.3","75.9","25.3","0.0","31.3","51.6","(X)","48.4","(X)","39.8","(X)","44452","14752","52500","23655","-","**","-","**","26667","17658","-","**","44864","25358","-","**","44955","27148","53958","27213","-","**","43990","21254","56528","24558","24000","20915","44709","11328","43630","3388","66080","34689","44709","20163","19375","24046","57083","31537","33229","19316","-","**","-","**","-","**","35250","13664","35250","13664","-","**","(X)","(X)","(X)","(X)","(X)","(X)"
"1400000US36047022700","Census Tract 227, Kings County, New York","1311","147","26.5","7.6","59.5","8.3","0.0","2.4","6.7","5.1","0.0","2.4","6.3","4.6","1.0","1.4","11.7","6.2","23.6","7.2","5.7","4.5","42.4","7.8","35.5","8.5","16.3","5.3","608","127","28.3","11.2","71.7","11.2","51.5","13.2","36.8","12.6","11.7","8.6","703","146","42.0","11.7","32.3","11.2","9.7","6.3","58.0","11.7","39.5","10.8","18.5","9.2","35.8","(X)","35.9","(X)","35.7","(X)","47083","8980","97059","18116","43333","6124","-","**","46731","203049","-","**","46786","16090","-","**","45488","11690","100536","12022","107868","100010","52841","22019","40000","25636","41848","36192","52054","8141","50625","50845","52927","17905","95188","81525","32143","51860","46827","12024","44783","7165","40815","17502","29205","29118","96346","33888","46339","26713","43559","11235","97500","15266","(X)","(X)","(X)","(X)","(X)","(X)"
"1400000US36047022800","Census Tract 228, Kings County, New York","755","66","45.8","9.9","1.3","1.6","0.0","4.2","29.0","6.2","0.0","4.2","22.0","9.2","1.9","2.9","27.3","9.3","41.9","9.8","2.4","2.6","40.9","8.1","48.6","8.1","8.1","3.6","676","71","66.4","9.5","33.6","9.5","67.0","11.3","21.9","9.8","11.1","6.4","79","42","48.1","29.9","48.1","29.9","0.0","32.4","51.9","29.9","34.2","28.0","17.7","23.6","42.8","(X)","46.4","(X)","11.4","(X)","35221","12701","55313","24297","-","**","-","**","33151","5631","-","**","30769","23711","-","**","30962","25182","55938","30682","9750","11701","47925","12661","34315","9176","32768","91752","34911","9365","45972","18541","30764","5607","41750","17909","22037","12089","33594","19386","18942","18678","12500","35706","12500","35706","-","**","19135","120154","17788","20912","-","**","(X)","(X)","(X)","(X)","(X)","(X)"
"1400000US36047022900","Census Tract 229, Kings County, New York","1552","126","31.0","7.4","56.7","6.4","0.0","2.1","4.6","2.8","0.0","2.1","5.0","4.1","2.7","2.1","9.0","4.4","29.4","6.6","3.9","2.8","52.4","6.7","32.3","6.4","11.3","4.4","820","137","57.0","10.7","43.0","10.7","44.9","9.5","43.4","8.4","11.7","8.2","732","108","54.4","9.9","32.9","8.7","21.4","9.1","45.6","9.9","34.8","9.3","10.8","8.5","26.3","(X)","25.0","(X)","25.8","(X)","62000","6330","77039","18396","50682","13555","-","**","81406","98272","-","**","38958","59846","20500","63095","23750","67479","75461","18799","26991","47369","64119","6500","81284","18928","23981","15624","59750","22089","67153","26054","45197","32655","115556","42092","41016","10328","37708","20302","61214","8120","60000","11702","24875","11962","89125","33975","62969","20379","60114","37923","75066","60718","(X)","(X)","(X)","(X)","(X)","(X)"
"1400000US36047023000","Census Tract 230, Kings County, New York","990","109","79.1","8.8","0.8","1.3","0.0","3.2","4.1","3.3","0.0","3.2","16.0","8.1","0.0","3.2","25.9","8.5","69.2","9.0","5.6","4.7","46.2","10.7","30.3","10.3","18.0","6.3","742","127","69.0","9.5","31.0","9.5","76.8","12.3","13.7","8.8","9.4","7.5","248","93","40.7","22.6","31.5","20.8","9.3","14.2","59.3","22.6","27.4","21.4","31.9","21.8","46.5","(X)","42.7","(X)","57.7","(X)","26611","5398","25917","5760","-","**","-","**","27679","38141","-","**","29038","29873","-","**","24479","24322","26639","5505","20733","10391","28047","10099","26406","25709","29286","13430","28403","5336","28438","9710","28375","12567","34286","13332","23021","7629","21905","17271","22381","15983","20774","74183","14457","12103","-","**","23705","29466","42813","60023","23527","52010","(X)","(X)","(X)","(X)","(X)","(X)"
"1400000US36047023100","Census Tract 231, Kings County, New York","1423","141","44.8","8.5","35.3","6.2","0.0","2.3","4.9","3.7","0.0","2.3","2.2","2.5","12.7","6.0","3.8","3.1","43.7","8.6","11.5","5.9","47.9","8.5","28.5","6.6","12.2","4.8","525","116","41.9","12.3","58.1","12.3","54.1","13.6","28.2","11.3","17.7","11.4","898","143","42.2","12.6","28.3","9.3","13.9","7.9","57.8","12.6","25.3","8.6","32.5","11.5","39.6","(X)","49.9","(X)","33.6","(X)","75248","21305","76064","19808","41591","52316","-","**","82431","62771","-","**","-","**","59309","34558","95781","100137","75638","22492","33977","53267","81401","11306","40568","46058","27778","24483","75512","12729","76111","25732","75037","22136","96875","27818","40227","35314","30417","49198","59375","29768","37617","12684","31154","15714","57533","40785","80568","12692","37917","22851","84929","49717","(X)","(X)","(X)","(X)","(X)","(X)"
"1400000US36047023200","Census Tract 232, Kings County, New York","1513","89","84.8","4.5","0.5","0.7","0.0","2.1","9.5","4.4","0.0","2.1","5.3","4.1","0.0","2.1","8.6","5.0","82.0","5.1","5.0","4.8","42.2","9.0","35.0","8.7","17.8","6.7","1285","122","63.8","7.8","36.2","7.8","80.3","7.5","10.0","6.5","9.7","5.4","228","95","59.2","18.8","46.9","20.0","12.3","14.5","40.8","18.8","38.2","18.8","2.6","4.2","35.8","(X)","35.2","(X)","39.0","(X)","26633","3749","28021","4929","-","**","-","**","12371","15809","-","**","33846","60513","-","**","33269","38116","28125","4963","9438","20418","26911","5168","29926","5333","14625","20664","27185","2956","26413","2265","32835","6031","28500","4234","26607","12529","12298","17062","14063","7165","11328","16203","9509","8421","-","**","14453","13652","14297","9950","-","**","(X)","(X)","(X)","(X)","(X)","(X)"
"1400000US36047023300","Census Tract 233, Kings County, New York","1839","99","20.1","5.2","60.6","7.0","1.1","1.9","7.4","3.7","0.0","1.7","6.0","3.9","4.7","2.9","17.4","5.0","16.3","4.6","7.3","4.2","40.6","7.6","40.0","7.5","12.0","3.8","1015","122","51.1","11.4","48.9","11.4","40.3","10.7","55.2","10.1","4.5","3.8","824","141","61.8","11.2","43.8","9.9","18.0","8.7","38.2","11.2","26.6","10.8","11.7","6.5","41.8","(X)","46.5","(X)","35.9","(X)","37917","8041","49250","15012","32346","12806","-","**","43859","31756","-","**","18426","19924","45139","53180","19773","35372","63657","21287","36131","19208","51734","15961","32245","16518","14475","2502","38021","20004","32303","18780","48077","18097","83125","65709","20357","17435","15250","28655","37885","7208","29934","15994","17225","3122","68421","44113","47361","39593","38281","19817","123438","73120","(X)","(X)","(X)","(X)","(X)","(X)"
"1400000US36047023400","Census Tract 234, Kings County, New York","1403","89","99.4","1.0","0.0","2.3","0.0","2.3","0.0","2.3","0.0","2.3","0.0","2.3","0.6","1.0","1.3","1.5","98.1","1.8","18.7","5.5","33.0","6.0","26.3","7.1","22.0","5.1","1212","94","68.1","6.5","31.9","6.5","94.3","4.1","4.0","3.0","1.7","2.8","191","61","85.3","11.0","85.3","11.0","0.0","15.6","14.7","11.0","12.0","10.3","2.6","4.5","30.1","(X)","28.8","(X)","38.2","(X)","28618","12020","28026","12034","-","**","-","**","-","**","-","**","-","**","-","**","-","**","27171","12117","20677","6254","28882","14285","43720","5922","21161","20813","32500","15754","30402","12920","39458","17039","33281","17327","70833","58814","-","**","18207","6153","16458","6294","16458","6294","-","**","63571","54416","64464","56247","-","**","(X)","(X)","(X)","(X)","(X)","(X)"
"1400000US36047023500","Census Tract 235, Kings County, New York","1141","96","61.3","8.5","22.3","6.8","0.0","2.8","3.2","2.1","0.0","2.8","12.3","6.3","0.8","1.2","36.8","7.4","40.8","7.8","15.2","7.3","56.9","7.2","24.2","6.5","3.8","3.5","697","118","67.6","12.3","32.4","12.3","66.0","10.9","28.8","10.0","5.2","4.8","444","107","68.2","12.6","41.9","14.1","26.4","12.4","31.8","12.6","1.8","3.6","30.0","13.3","40.8","(X)","28.7","(X)","47.1","(X)","48388","13096","42344","14253","93698","37190","-","**","4688","132491","-","**","87188","153946","-","**","40469","33252","53869","28428","13417","14348","63750","20435","49559","73815","23203","16347","39539","22957","24097","11429","84833","70127","84107","69275","19519","7210","47083","66220","54048","22964","34904","26531","24375","21759","60694","36271","92724","46478","-","**","72458","43707","(X)","(X)","(X)","(X)","(X)","(X)"
"1400000US36047023600","Census Tract 236, Kings County, New York","1612","100","98.3","1.8","0.0","2.0","0.0","2.0","1.7","1.8","0.0","2.0","0.0","2.0","0.0","2.0","2.0","3.0","96.3","3.7","17.1","5.6","28.5","7.8","19.6","4.5","34.8","6.0","1200","124","58.7","7.3","41.3","7.3","92.3","4.8","6.9","4.6","0.8","1.2","412","92","66.7","11.9","62.9","12.7","3.9","6.1","33.3","11.9","27.4","11.5","5.8","5.0","31.4","(X)","31.8","(X)","30.1","(X)","24548","4919","24967","5633","-","**","-","**","11786","17749","-","**","-","**","-","**","-","**","24433","4832","15612","2678","31538","13453","41786","18880","22083","3923","31339","5857","28400","7045","43152","13570","30526","10213","31766","13728","-","**","15417","4756","15139","7009","14353","6019","-","**","15694","4989","14010","4229","43571","32436","(X)","(X)","(X)","(X)","(X)","(X)"
"1400000US36047023800","Census Tract 238, Kings County, New York","1314","67","97.2","3.7","0.0","2.4","1.1","1.7","1.8","2.6","0.0","2.4","0.0","2.4","0.0","2.4","0.0","2.4","97.2","3.7","12.7","5.8","28.3","7.8","30.7","7.2","28.3","6.3","967","109","46.2","9.7","53.8","9.7","93.1","4.9","5.4","4.5","1.6","1.9","347","104","82.4","10.6","75.5","14.4","6.9","11.2","17.6","10.6","17.6","10.6","0.0","8.9","38.8","(X)","38.4","(X)","40.1","(X)","26462","7017","27335","8915","-","**","-","**","-","**","-","**","-","**","-","**","-","**","27335","8915","16307","8155","25611","7850","69938","11855","17988","4685","38989","4999","37540","13358","40375","10928","38730","8237","42632","9136","-","**","15375","2902","14943","3026","14261","2636","-","**","17813","6325","17813","6325","-","**","(X)","(X)","(X)","(X)","(X)","(X)"
"1400000US36047024000","Census Tract 240, Kings County, New York","1236","103","93.7","4.6","0.0","2.6","0.0","2.6","2.2","2.1","0.0","2.6","3.3","4.1","0.8","1.2","7.3","5.6","89.7","5.8","11.9","6.1","26.5","8.6","32.1","9.4","29.4","6.9","930","122","52.3","10.2","47.7","10.2","84.1","7.7","9.2","5.3","6.7","6.3","306","94","66.0","15.3","57.8","17.2","8.2","12.6","34.0","15.3","30.7","14.4","3.3","4.8","46.3","(X)","42.4","(X)","58.2","(X)","28235","6654","26981","6768","-","**","-","**","16094","82943","-","**","-","**","-","**","46667","32542","25825","6283","13940","3038","28462","7814","46625","28154","21371","11356","32439","7600","29327","5210","42955","25216","27692","8558","74900","17294","55000","32881","20484","4869","21048","6201","20040","3153","-","**","18971","12004","18235","12334","-","**","(X)","(X)","(X)","(X)","(X)","(X)"
"1400000US36047024100","Census Tract 241, Kings County, New York","908","86","50.9","8.9","32.7","7.7","0.0","3.5","8.5","5.3","0.0","3.5","6.8","4.3","1.1","1.8","27.1","7.9","38.2","8.6","8.0","5.6","63.5","9.4","13.8","7.4","14.6","5.4","336","80","47.9","16.4","52.1","16.4","69.0","14.3","19.6","10.9","11.3","11.6","572","99","50.3","11.0","40.6","11.4","9.8","7.3","49.7","11.0","37.4","11.8","12.2","7.4","28.4","(X)","35.7","(X)","22.2","(X)","49091","24757","41538","21865","54145","54079","-","**","60481","29331","-","**","11397","1559","-","**","25917","18343","61058","26007","16477","9506","62260","8344","70208","89611","11806","2654","71048","11869","34125","42321","72218","9294","75729","8761","53750","83447","62935","38499","26296","6393","24000","13150","14643","16581","93000","37185","27083","33659","21538","14361","66833","13021","(X)","(X)","(X)","(X)","(X)","(X)"
"1400000US36047024200","Census Tract 242, Kings County, New York","832","65","92.1","3.5","0.5","0.8","0.0","3.8","6.0","3.1","0.0","3.8","1.4","2.4","0.0","3.8","4.2","3.8","90.0","4.3","5.8","3.2","29.4","7.6","37.0","7.5","27.8","7.4","728","76","46.4","8.4","53.6","8.4","88.2","5.8","9.5","4.7","2.3","2.9","104","52","65.4","26.3","65.4","26.3","0.0","26.3","34.6","26.3","34.6","26.3","0.0","26.3","43.5","(X)","42.3","(X)","39.4","(X)","39583","11028","40000","11383","-","**","-","**","46250","97510","-","**","-","**","-","**","112788","182988","38125","11320","35455","38910","35625","33253","52500","18045","33125","13571","45769","17262","45357","25640","46250","25175","46731","16797","37279","63069","-","**","14861","5653","14167","3057","14167","3057","-","**","36250","225523","36250","225523","-","**","(X)","(X)","(X)","(X)","(X)","(X)"
"1400000US36047024300","Census Tract 243, Kings County, New York","1781","97","24.1","6.6","68.4","8.0","0.0","1.8","3.4","3.2","0.0","1.8","2.4","2.3","1.6","1.6","14.3","4.8","19.0","6.2","3.6","2.9","44.0","7.8","30.4","7.1","22.0","5.8","788","137","33.1","10.2","66.9","10.2","35.8","10.4","49.2","10.5","15.0","8.3","993","138","54.6","12.2","33.5","9.8","21.0","8.6","45.4","12.2","32.6","10.0","12.8","6.9","45.1","(X)","59.3","(X)","32.9","(X)","46449","15036","65278","41037","36979","17403","-","**","154352","46034","-","**","30446","57263","104688","27004","45074","20092","70982","29071","25461","46132","72411","13384","39615","23650","16844","4516","61000","11929","25865","14709","79420","21449","85985","11298","26250","21536","93250","21784","26950","13698","27941","36895","15964","8839","70804","23893","26382","15568","14662","5095","103920","47199","(X)","(X)","(X)","(X)","(X)","(X)"
"1400000US36047024400","Census Tract 244, Kings County, New York","969","83","79.8","9.0","0.8","1.3","0.0","3.3","12.4","7.7","0.0","3.3","7.0","6.4","0.0","3.3","15.4","8.3","71.4","10.2","2.3","2.3","45.2","10.5","37.3","9.1","15.3","7.8","721","106","51.7","13.0","48.3","13.0","77.9","10.9","16.2","8.5","5.8","6.8","248","93","64.1","18.6","64.1","18.6","0.0","12.3","35.9","18.6","35.9","18.6","0.0","12.3","50.5","(X)","52.7","(X)","44.0","(X)","34732","21535","42750","26206","-","**","-","**","60526","77205","-","**","31339","16429","-","**","43199","21065","30714","22075","31786","33742","28030","4882","65531","13119","21786","13817","47974","9326","43125","19275","57632","17669","58289","16694","44250","5280","-","**","14861","10607","14097","12457","14097","12457","-","**","18224","13796","18224","13796","-","**","(X)","(X)","(X)","(X)","(X)","(X)"
"1400000US36047024500","Census Tract 245, Kings County, New York","1570","158","11.5","4.6","78.0","5.0","1.3","2.1","6.6","3.6","0.0","2.0","1.2","1.4","1.5","1.8","3.8","3.2","10.8","4.6","2.5","2.3","37.4","7.6","47.3","8.5","12.9","4.8","962","166","47.4","9.8","52.6","9.8","43.6","10.7","44.0","11.5","12.5","7.8","608","145","48.7","13.9","43.3","13.4","5.4","5.1","51.3","13.9","39.5","13.2","11.8","8.4","41.8","(X)","47.8","(X)","30.4","(X)","48974","6644","73333","38082","47981","10772","-","**","60508","69951","-","**","-","**","-","**","26250","10142","74722","34327","24844","13562","52271","10035","45781","19381","29000","22428","50357","7726","37955","32331","70357","27321","70380","38411","40938","14737","26842","25992","30000","21696","31250","34139","20547","33438","47361","47802","29565","38180","40833","48570","29239","91198","(X)","(X)","(X)","(X)","(X)","(X)"
"1400000US36047024600","Census Tract 246, Kings County, New York","951","77","65.4","7.7","2.4","2.6","0.0","3.4","27.1","6.2","0.0","3.4","2.9","3.6","2.1","3.3","7.6","4.6","61.8","7.8","1.4","2.0","47.6","9.6","29.3","8.2","21.7","7.4","833","94","58.5","10.4","41.5","10.4","84.6","6.7","11.9","6.5","3.5","4.1","118","60","73.7","24.3","66.9","24.5","6.8","12.1","26.3","24.3","26.3","24.3","0.0","23.7","37.9","(X)","39.3","(X)","28.0","(X)","49219","10712","53548","11119","-","**","-","**","27019","24675","-","**","-","**","-","**","28929","41522","53952","14241","-","**","52321","10753","93438","57363","25385","5292","53266","8823","55708","16897","52581","22490","55958","9082","27375","14232","-","**","23523","11725","23750","22171","14844","22766","-","**","23417","11143","23417","11143","-","**","(X)","(X)","(X)","(X)","(X)","(X)"
"1400000US36047024700","Census Tract 247, Kings County, New York","862","80","19.0","6.8","72.0","8.4","0.0","3.7","3.2","2.6","0.0","3.7","2.3","3.4","3.4","4.3","5.8","4.2","16.4","6.3","5.7","3.9","34.3","8.0","48.3","8.6","11.7","4.7","368","78","34.5","14.2","65.5","14.2","49.7","13.7","50.3","13.7","0.0","8.4","494","105","48.0","12.4","30.4","10.6","17.6","8.0","52.0","12.4","42.3","12.7","9.7","6.3","34.8","(X)","44.0","(X)","27.9","(X)","44732","7170","84423","13784","36157","11725","-","**","75625","271260","-","**","-","**","-","**","43375","12915","85972","11546","32188","339146","68125","18316","43298","10901","19375","22917","66000","24508","65750","19039","67542","45922","71094","19671","43935","5762","-","**","35303","11875","45268","18410","22917","24129","110583","83923","31435","16413","20568","17471","88750","11123","(X)","(X)","(X)","(X)","(X)","(X)"
"1400000US36047024800","Census Tract 248, Kings County, New York","908","38","71.0","6.7","0.0","3.5","0.6","1.0","20.0","5.9","0.0","3.5","8.4","5.7","0.0","3.5","20.2","8.0","59.3","7.6","3.3","3.1","41.9","7.6","30.7","7.4","24.1","6.9","694","74","46.8","8.5","53.2","8.5","78.2","8.6","15.0","6.1","6.8","7.0","214","66","72.4","16.0","48.6","21.3","23.8","16.9","27.6","16.0","24.8","15.9","2.8","4.3","46.3","(X)","48.8","(X)","37.9","(X)","46591","13457","44750","10973","-","**","-","**","53750","67762","-","**","80333","107207","-","**","81083","66549","40735","9847","9000","7266","48214","31859","80583","19644","24508","11092","51750","23747","48170","22734","68250","25124","60114","26362","44500","61625","14760","121460","30769","6620","31490","18772","30192","9041","145139","106012","24813","13026","24438","15218","-","**","(X)","(X)","(X)","(X)","(X)","(X)"
"1400000US36047024900","Census Tract 249, Kings County, New York","1566","115","15.4","4.8","80.2","5.6","0.0","2.1","3.0","3.0","0.0","2.1","0.8","1.2","0.6","1.0","1.5","2.3","15.4","4.8","7.0","4.2","43.3","7.5","32.8","7.5","16.9","5.6","674","136","30.7","10.3","69.3","10.3","34.7","10.1","48.8","11.3","16.5","7.7","892","137","31.7","10.1","16.9","7.2","14.8","7.4","68.3","10.1","53.8","12.2","14.5","8.4","36.3","(X)","49.4","(X)","24.7","(X)","50592","10795","70568","15583","40625","9944","-","**","53798","34974","-","**","-","**","-","**","-","**","70568","15583","50789","11878","56786","11252","58359","30149","31815","16007","46288","9321","38309","11661","54659","39540","106818","50052","35156","14629","46484","9010","50263","14116","43438","13249","31576","16410","53696","29849","54183","17950","43750","25553","96902","42417","(X)","(X)","(X)","(X)","(X)","(X)"
"1400000US36047025000","Census Tract 250, Kings County, New York","507","46","34.9","10.8","2.6","3.1","4.9","6.2","54.8","10.4","0.0","6.2","2.8","4.2","0.0","6.2","5.3","5.2","34.9","10.8","0.0","6.2","34.1","11.7","48.5","11.7","17.4","8.1","391","58","41.2","10.5","58.8","10.5","77.2","11.4","11.0","8.7","11.8","8.1","116","56","60.3","26.2","38.8","25.3","21.6","24.9","39.7","26.2","16.4","15.4","23.3","26.0","47.9","(X)","47.8","(X)","48.3","(X)","43239","8817","24625","20068","-","**","-","**","43636","21307","-","**","-","**","-","**","66518","218169","24625","20068","-","**","55398","29533","45000","16819","15000","19825","43920","19415","38125","31159","57500","33779","46250","26619","44489","86497","39107","43674","29000","31595","20714","30042","11188","5183","-","**","49500","109013","24875","24606","-","**","(X)","(X)","(X)","(X)","(X)","(X)"
"1400000US36047025100","Census Tract 251, Kings County, New York","1374","98","10.3","5.1","77.7","6.3","0.0","2.3","4.9","3.3","0.0","2.3","4.7","2.6","2.4","2.3","10.8","4.7","8.4","4.9","4.0","2.8","34.9","8.2","41.0","7.0","20.0","5.0","785","115","37.1","8.9","62.9","8.9","28.9","10.5","55.9","10.0","15.2","7.2","589","118","66.6","12.9","56.2","13.5","10.4","9.1","33.4","12.9","27.2","12.4","6.3","6.4","38.1","(X)","42.2","(X)","30.2","(X)","34191","9933","48220","5826","33527","10567","-","**","43500","54156","-","**","15817","7964","2,500-","***","19185","6244","44650","9907","19609","59353","45000","9169","38259","10984","15787","5444","42665","8492","38177","15201","43780","7534","44297","11802","29205","22887","53365","33605","19511","7402","16136","9390","12261","7885","66625","61183","32798","28253","20500","29792","34702","23291","(X)","(X)","(X)","(X)","(X)","(X)"
"1400000US36047025200","Census Tract 252, Kings County, New York","1972","106","60.6","7.0","1.8","2.2","0.0","1.6","34.5","6.0","0.0","1.6","2.4","2.3","0.7","0.8","20.1","7.5","42.9","7.0","6.5","3.7","40.7","6.8","36.0","6.8","16.8","5.3","1454","161","50.6","9.3","49.4","9.3","72.8","9.1","17.1","7.4","10.1","6.5","518","144","69.9","15.1","59.3","15.6","10.6","9.9","30.1","15.1","15.6","13.3","14.5","11.1","46.0","(X)","47.9","(X)","40.9","(X)","42448","11994","49475","10556","-","**","-","**","38214","12936","-","**","40240","31547","-","**","41853","13673","53750","16964","27941","19986","49875","13342","61685","25830","15833","1983","50603","17543","51767","24831","45515","19917","54688","24722","52682","18680","24680","12076","19875","17261","17317","12768","16479","3001","132629","161897","26953","38558","70552","38644","25156","34330","(X)","(X)","(X)","(X)","(X)","(X)"
"1400000US36047025300","Census Tract 253, Kings County, New York","1029","93","27.0","8.7","52.7","11.3","0.0","3.1","4.6","4.7","0.0","3.1","14.9","8.5","0.9","1.5","31.9","9.3","17.9","7.4","4.8","3.2","40.2","7.5","31.7","8.2","23.3","7.0","440","115","45.0","14.0","55.0","14.0","45.7","14.6","35.9","12.6","18.4","12.2","589","121","40.1","12.8","34.6","13.0","5.4","5.7","59.9","12.8","33.4","12.3","26.5","10.4","35.1","(X)","38.0","(X)","30.9","(X)","43672","15805","81250","35806","32000","21998","-","**","197740","228435","-","**","10625","7411","-","**","19653","15051","91667","31987","17596","13630","61136","35759","58333","22053","16071","12693","56250","21718","63750","32273","46563","31174","82361","45980","44083","9107","35703","23266","25163","14385","19324","5737","18851","9156","51167","60916","43403","42506","11836","10357","130867","3932","(X)","(X)","(X)","(X)","(X)","(X)"
"1400000US36047025400","Census Tract 254, Kings County, New York","1151","69","44.4","7.5","2.3","3.3","0.0","2.8","47.6","7.2","0.0","2.8","4.3","2.9","1.3","1.4","18.5","5.8","32.6","7.5","3.0","2.9","29.2","8.2","44.7","8.7","23.1","6.8","915","92","44.6","10.1","55.4","10.1","76.1","7.7","14.3","6.5","9.6","6.5","236","67","53.0","18.6","46.2","17.7","6.8","10.7","47.0","18.6","41.5","17.3","5.5","7.4","46.7","(X)","47.8","(X)","26.7","(X)","50156","7288","49750","8568","-","**","-","**","50893","10888","-","**","35789","2630","-","**","51736","23810","48550","10158","50069","6256","58295","22116","52750","10225","26389","10003","50906","6414","50714","14455","51010","10834","51932","9285","47750","21691","108056","166229","32222","21394","30417","10822","27969","10160","-","**","49306","33627","38750","37064","-","**","(X)","(X)","(X)","(X)","(X)","(X)"
"1400000US36047025500","Census Tract 255, Kings County, New York","1801","41","13.7","5.0","52.2","7.1","0.0","1.8","1.1","1.2","0.0","1.8","28.3","7.1","4.8","2.5","51.9","7.1","0.0","1.8","5.2","3.2","36.0","7.1","39.3","7.5","19.6","4.7","1333","110","45.1","8.5","54.9","8.5","25.3","7.7","66.5","7.8","8.2","5.6","468","102","78.0","12.2","71.2","13.9","6.8","8.1","22.0","12.2","15.4","8.6","6.6","9.2","45.8","(X)","45.9","(X)","45.5","(X)","25838","4518","11563","2175","30699","7723","-","**","-","**","-","**","25708","8965","30000","29645","22979","7476","-","**","9861","35730","23571","4828","34726","6630","16950","13918","27813","6868","22739","5898","34722","5687","44904","15872","21433","7874","25331","14335","12188","4525","11792","5368","10458","3815","-","**","13750","10891","9828","8565","-","**","(X)","(X)","(X)","(X)","(X)","(X)"
"1400000US36047025600","Census Tract 256, Kings County, New York","1035","64","58.0","7.4","0.0","3.1","0.0","3.1","41.1","7.4","0.0","3.1","0.0","3.1","1.0","1.7","7.1","6.4","50.8","9.2","0.0","3.1","35.5","9.0","38.7","8.2","25.8","7.8","758","80","42.9","9.8","57.1","9.8","74.5","10.2","14.4","8.4","11.1","8.3","277","74","72.2","13.1","65.7","14.5","6.5","5.7","27.8","13.1","19.1","12.4","8.7","9.5","37.5","(X)","42.3","(X)","24.2","(X)","39583","11827","35357","7230","-","**","-","**","46938","36980","-","**","-","**","-","**","63594","40609","34118","7387","-","**","52898","32218","74926","27053","22679","8161","44461","11655","34926","20150","51406","20150","50156","17711","9946","14396","68372","28343","28036","11823","20417","11971","16705","9362","-","**","105078","58925","81625","70674","-","**","(X)","(X)","(X)","(X)","(X)","(X)"
"1400000US36047025700","Census Tract 257, Kings County, New York","611","68","32.4","9.0","31.8","8.4","2.9","3.8","2.6","2.4","0.0","5.2","24.5","10.3","5.7","5.1","52.9","9.8","18.5","7.8","7.9","5.2","46.8","11.5","37.6","9.4","7.7","6.5","380","79","37.4","14.4","62.6","14.4","35.3","13.6","59.2","14.0","5.5","5.5","231","71","13.0","12.2","4.8","8.0","8.2","9.5","87.0","12.2","43.3","17.4","43.7","19.0","45.2","(X)","39.5","(X)","51.9","(X)","49609","13579","19286","32961","86711","22606","-","**","16000","95042","-","**","39792","41814","48438","61686","26964","23469","54250","21941","48958","44375","55556","26690","34500","35809","85954","6814","48125","34114","24000","64004","49219","38733","86154","25715","19023","11692","47813","36342","45729","19349","51731","44305","-","**","-","**","43472","35512","6667","2713","58750","49815","(X)","(X)","(X)","(X)","(X)","(X)"
"1400000US36047025800","Census Tract 258, Kings County, New York","1536","93","71.1","6.7","0.0","2.1","0.0","2.1","24.1","6.0","0.0","2.1","3.1","3.0","1.7","1.9","12.0","5.8","60.9","7.5","0.0","2.1","36.7","7.7","40.4","8.4","22.9","6.4","1184","113","45.4","9.4","54.6","9.4","64.9","8.6","27.0","8.0","8.1","4.8","352","85","59.9","15.5","57.4","15.9","2.6","4.1","40.1","15.5","27.0","13.2","13.1","14.2","41.3","(X)","41.8","(X)","39.8","(X)","45897","6165","50284","9275","-","**","-","**","38971","12445","-","**","69167","24542","-","**","53125","35848","50193","9596","-","**","50201","6687","53949","9108","22045","5722","47885","7490","43854","10652","53860","13057","45417","7836","53571","29329","83333","126030","23375","6398","22361","17758","21111","16977","-","**","24063","13466","21453","2039","-","**","(X)","(X)","(X)","(X)","(X)","(X)"
"1400000US36047025901","Census Tract 259.01, Kings County, New York","679","69","30.2","11.4","54.8","10.7","0.0","4.7","1.8","3.5","0.0","4.7","12.4","8.5","0.9","1.3","35.2","10.5","16.5","7.9","8.1","4.7","44.5","8.2","42.1","10.1","5.3","3.5","379","89","50.1","16.4","49.9","16.4","28.0","12.8","65.2","13.4","6.9","8.7","300","80","46.0","16.8","26.7","13.4","19.3","17.2","54.0","16.8","27.3","18.4","26.7","13.9","36.7","(X)","38.8","(X)","27.0","(X)","31607","9895","40865","28487","35227","10254","-","**","-","**","-","**","15750","14931","-","**","16536","10430","52000","17982","45750","32071","26713","23818","35250","6870","16477","11994","30060","13643","22000","16247","46550","7896","48125","119826","24583","10917","-","**","35050","14636","35550","11740","26214","13399","-","**","32917","43238","15600","15306","53684","36979","(X)","(X)","(X)","(X)","(X)","(X)"
"1400000US36047025902","Census Tract 259.02, Kings County, New York","1120","23","16.5","7.7","65.7","9.3","0.9","1.4","0.0","2.9","0.0","2.9","15.2","6.9","1.7","2.8","39.9","9.3","0.0","2.9","0.0","2.9","37.0","9.1","46.8","9.4","16.3","6.8","836","81","46.7","11.2","53.3","11.2","21.1","8.2","77.9","8.5","1.1","1.8","284","75","44.7","14.8","40.1","14.7","4.6","6.6","55.3","14.8","50.7","14.8","4.6","7.0","38.2","(X)","39.8","(X)","33.5","(X)","17424","8157","9957","9501","20955","6327","-","**","-","**","-","**","10893","12620","-","**","13958","7951","-","**","-","**","20698","18012","17200","7494","12321","15700","20395","9369","12283","14405","21232","4506","27074","2555","11740","10295","-","**","8333","8561","9583","8575","9091","5381","-","**","6287","23071","5809","19213","-","**","(X)","(X)","(X)","(X)","(X)","(X)"
"1400000US36047026000","Census Tract 260, Kings County, New York","1143","89","55.5","8.0","0.0","2.8","1.0","1.7","39.5","7.8","0.0","2.8","1.6","2.5","2.4","2.6","7.2","5.3","49.9","8.7","3.2","3.4","32.8","8.7","38.4","8.2","25.5","7.0","917","119","40.0","10.0","60.0","10.0","83.2","8.5","9.2","6.6","7.6","5.7","226","90","54.4","20.4","54.4","20.4","0.0","13.4","45.6","20.4","30.5","19.3","15.0","16.3","48.8","(X)","52.1","(X)","35.4","(X)","46106","9979","42454","10158","-","**","-","**","47778","14847","-","**","-","**","-","**","65104","81149","44688","10468","82986","96611","43897","22827","58024","6823","23750","18070","47452","9910","53188","25742","46923","8633","46587","9988","64750","56239","31000","46304","26250","24191","16144","3807","16144","3807","-","**","65924","19172","65815","10445","-","**","(X)","(X)","(X)","(X)","(X)","(X)"
"1400000US36047026100","Census Tract 261, Kings County, New York","1906","156","17.8","6.5","69.9","7.0","0.0","1.7","3.0","2.6","0.0","1.7","7.6","3.7","1.6","1.8","15.4","5.5","15.2","6.1","7.2","4.3","41.2","7.8","40.9","9.3","10.7","4.9","1060","184","59.8","10.4","40.2","10.4","43.7","13.0","53.7","12.9","2.6","3.3","846","190","58.6","12.8","41.0","13.3","17.6","9.3","41.4","12.8","35.2","12.6","6.1","7.0","44.2","(X)","46.1","(X)","41.7","(X)","33132","6246","45216","19218","31799","6708","-","**","63816","5537","-","**","13897","11438","-","**","22727","13556","46005","38462","26463","50660","36815","13093","42917","18894","14100","3091","49762","20656","47560","25455","67250","22708","79434","22467","32060","10909","-","**","14926","12881","16667","16906","13361","3823","46549","41779","13629","18478","9167","14531","-","**","(X)","(X)","(X)","(X)","(X)","(X)"
"1400000US36047026200","Census Tract 262, Kings County, New York","745","82","55.8","8.5","0.5","1.5","3.6","5.7","39.3","7.7","0.0","4.3","0.7","1.1","0.0","4.3","12.3","7.2","48.3","7.9","2.7","3.2","35.4","9.8","40.9","10.4","20.9","7.9","567","88","32.5","9.5","67.5","9.5","73.9","10.1","15.0","7.9","11.1","8.3","178","77","60.7","26.2","59.0","25.9","1.7","2.8","39.3","26.2","39.3","26.2","0.0","16.6","45.1","(X)","51.9","(X)","23.6","(X)","64539","14496","60667","14775","-","**","-","**","68512","15949","-","**","-","**","-","**","128558","95317","54773","18628","-","**","54318","38938","93646","52462","39868","16944","85139","27025","54828","18359","104375","20599","84063","30142","45938","67717","105417","20596","27500","17974","28333","16132","27708","15850","-","**","24865","62997","24865","62997","-","**","(X)","(X)","(X)","(X)","(X)","(X)"
"1400000US36047026300","Census Tract 263, Kings County, New York","762","66","9.2","5.4","84.0","6.8","0.0","4.2","1.2","1.4","0.0","4.2","5.6","4.4","0.0","4.2","10.4","5.3","7.9","5.1","2.5","2.8","33.5","10.1","44.1","11.1","19.9","5.9","463","83","29.6","9.9","70.4","9.9","27.6","12.3","71.5","12.6","0.9","1.6","299","94","42.5","18.2","35.5","16.1","7.0","7.4","57.5","18.2","52.5","19.0","5.0","5.7","37.0","(X)","41.5","(X)","26.8","(X)","37172","5224","56250","56253","36596","4767","-","**","-","**","-","**","13194","33732","-","**","13194","10648","71500","64301","-","**","37226","6603","38804","13246","29500","51585","42448","11834","40365","21320","46852","13737","96250","103871","40260","14494","-","**","28250","29197","15313","31317","9537","12192","-","**","35427","28958","29750","31591","-","**","(X)","(X)","(X)","(X)","(X)","(X)"
"1400000US36047026400","Census Tract 264, Kings County, New York","1648","73","62.0","6.8","0.5","0.9","0.7","1.1","30.9","6.4","0.0","2.0","3.5","3.3","2.3","2.5","14.8","6.1","53.0","8.0","0.7","1.1","43.5","7.0","33.4","6.9","22.3","5.9","1104","120","45.7","9.0","54.3","9.0","78.3","6.9","13.3","5.5","8.4","4.8","544","112","52.2","9.5","43.8","11.7","8.5","8.3","47.8","9.5","30.0","12.1","17.8","9.3","40.7","(X)","37.2","(X)","47.8","(X)","44010","3956","43803","8224","-","**","-","**","47330","16544","-","**","43352","3695","-","**","42588","7212","43824","9290","-","**","44657","5586","57583","14884","26600","14860","44735","4362","44861","8639","44516","9109","46300","7504","28239","17733","41042","38514","40543","10002","30500","27129","16646","15703","51389","6642","42446","19087","41440","5472","54152","19888","(X)","(X)","(X)","(X)","(X)","(X)"
"1400000US36047026500","Census Tract 265, Kings County, New York","1476","109","10.2","5.8","83.1","6.5","0.0","2.2","3.9","2.6","0.0","2.2","2.1","2.6","0.7","1.1","6.4","4.7","7.3","4.7","2.2","2.6","50.7","6.9","36.5","7.2","10.6","4.3","873","129","56.2","11.2","43.8","11.2","27.6","8.6","62.0","9.7","10.4","5.3","603","143","38.6","12.8","38.6","12.8","0.0","5.2","61.4","12.8","39.1","13.9","22.2","12.5","40.0","(X)","36.5","(X)","44.9","(X)","49714","9339","104276","65310","49107","16521","-","**","21696","16094","-","**","-","**","-","**","11667","61485","109318","22340","-","**","51861","14033","37969","44714","19342","7515","30938","22783","27006","14859","50400","40996","75083","19860","22361","12792","14375","67923","51840","20213","38594","35508","38594","35508","-","**","55792","8793","19712","37864","108977","47570","(X)","(X)","(X)","(X)","(X)","(X)"
"1400000US36047026600","Census Tract 266, Kings County, New York","1183","91","61.0","8.4","0.0","2.7","7.8","8.5","28.7","7.6","0.0","2.7","1.9","2.9","0.7","1.1","7.0","4.9","55.9","10.0","0.7","1.1","30.3","9.0","48.0","10.4","21.0","7.1","953","146","47.6","11.5","52.4","11.5","76.1","8.0","23.0","8.1","0.9","1.5","230","105","79.6","24.1","44.8","23.4","34.8","24.8","20.4","24.1","20.4","24.1","0.0","13.2","62.5","(X)","58.1","(X)","63.9","(X)","62561","8894","68553","23845","-","**","-","**","50125","23178","-","**","-","**","-","**","62443","70464","66607","20159","-","**","64071","16089","68750","44817","37361","14961","63750","6677","64038","12562","63239","21411","71339","33489","62330","9909","-","**","28846","51088","44141","72208","26397","14713","104662","122300","-","**","-","**","-","**","(X)","(X)","(X)","(X)","(X)","(X)"
"1400000US36047026700","Census Tract 267, Kings County, New York","1576","137","19.7","5.8","76.0","6.3","0.0","2.0","0.6","1.0","0.0","2.0","1.4","2.3","2.3","2.0","6.5","4.0","19.2","5.7","6.5","4.4","44.2","7.7","33.7","7.4","15.6","6.3","473","123","55.4","13.1","44.6","13.1","40.6","14.3","44.4","15.8","15.0","11.6","1103","160","46.5","9.6","36.5","8.9","10.0","4.7","53.5","9.6","47.0","9.8","6.5","4.7","33.1","(X)","32.6","(X)","33.3","(X)","46273","5638","67083","19825","44750","5757","-","**","-","**","-","**","-","**","11429","32168","65707","51425","65833","18925","38636","44300","52109","17836","47022","10010","27353","34103","58693","14494","38700","18504","96875","20587","123523","95877","38400","18744","21406","43126","42557","8604","42228","12614","34115","6584","92250","16105","45136","15726","45500","13624","34231","64219","(X)","(X)","(X)","(X)","(X)","(X)"
"1400000US36047026800","Census Tract 268, Kings County, New York","1349","91","76.4","7.6","1.7","2.7","0.7","1.0","15.3","4.4","0.0","2.4","4.7","4.9","1.3","1.3","15.3","6.9","66.3","8.3","7.0","4.5","39.4","7.7","33.8","7.5","19.8","6.5","1022","107","45.9","8.8","54.1","8.8","78.1","7.3","16.6","7.2","5.3","3.2","327","102","45.3","16.0","36.7","15.0","8.6","10.1","54.7","16.0","28.7","15.4","26.0","16.8","50.3","(X)","53.2","(X)","41.0","(X)","55673","18310","53571","20968","-","**","-","**","41964","9051","-","**","-","**","-","**","60417","17785","57552","22622","13487","34065","73917","24563","59167","12111","22434","9890","61771","4733","73917","23152","59948","12958","63462","15625","37024","16383","27375","61452","18393","15658","12143","7028","9911","2598","-","**","42875","21592","27917","35127","44458","103442","(X)","(X)","(X)","(X)","(X)","(X)"
"1400000US36047026900","Census Tract 269, Kings County, New York","1083","114","13.9","6.6","85.7","6.6","0.0","3.0","0.4","0.6","0.0","3.0","0.0","3.0","0.0","3.0","4.0","3.8","10.9","5.9","2.8","3.2","37.5","9.0","34.5","9.5","25.2","8.7","616","112","35.6","11.5","64.4","11.5","43.0","12.8","52.8","13.1","4.2","5.1","467","101","43.7","15.1","36.0","15.2","7.7","9.4","56.3","15.1","41.1","15.3","15.2","10.1","42.0","(X)","45.5","(X)","37.5","(X)","47721","14869","73162","36623","39900","12589","-","**","-","**","-","**","-","**","-","**","125057","153932","52417","52596","-","**","57262","15703","45238","26036","24698","21079","55156","12612","62829","32935","46488","22611","61023","27517","41823","27562","-","**","32188","19740","51167","35926","31667","34762","-","**","21164","14827","17416","10790","93393","48158","(X)","(X)","(X)","(X)","(X)","(X)"
"1400000US36047027000","Census Tract 270, Kings County, New York","823","75","74.5","8.4","0.0","3.9","0.0","3.9","20.8","7.0","0.0","3.9","4.7","4.0","0.0","3.9","9.1","5.9","70.1","8.7","0.0","3.9","18.5","7.1","46.9","8.8","34.6","6.9","576","97","33.0","12.5","67.0","12.5","75.5","9.7","20.5","9.3","4.0","4.3","247","73","60.3","14.9","60.3","14.9","0.0","12.3","39.7","14.9","31.2","14.5","8.5","10.3","44.2","(X)","47.2","(X)","37.2","(X)","41217","15866","40742","18510","-","**","-","**","45042","41771","-","**","41458","90115","-","**","41208","29372","39531","26432","-","**","51833","28228","65625","32670","14956","9136","62857","23826","65000","20691","51250","37081","68438","24905","50208","42788","65104","66401","15398","5653","14271","12070","14271","12070","-","**","16591","6108","15398","9276","-","**","(X)","(X)","(X)","(X)","(X)","(X)"
"1400000US36047027100","Census Tract 271, Kings County, New York","1003","82","2.7","2.6","89.7","5.4","2.1","3.3","2.9","1.9","0.0","3.2","2.6","3.4","0.0","3.2","4.4","3.7","1.5","1.8","5.1","3.7","38.8","7.3","42.1","6.9","14.1","3.7","636","92","38.2","10.6","61.8","10.6","44.3","9.6","44.2","10.9","11.5","8.6","367","97","27.0","12.7","24.8","12.6","2.2","3.5","73.0","12.7","68.9","13.0","4.1","5.7","49.3","(X)","56.9","(X)","36.0","(X)","40727","5077","113250","20450","41563","7158","-","**","19886","186218","-","**","-","**","-","**","41053","21809","-","**","122639","155456","43051","7536","42188","18019","32125","10033","43309","12130","36477","19444","67708","28313","53571","30516","38352","11164","67841","100801","37067","6780","25069","6579","25625","9806","-","**","40756","8766","40494","8270","-","**","(X)","(X)","(X)","(X)","(X)","(X)"
"1400000US36047027200","Census Tract 272, Kings County, New York","1100","95","68.0","8.7","0.0","2.9","0.0","2.9","23.0","7.0","0.0","2.9","7.4","6.8","1.6","2.3","12.1","7.5","63.3","8.5","1.5","1.7","32.0","9.1","38.4","9.0","28.1","7.8","786","104","53.1","9.6","46.9","9.6","83.7","7.7","15.3","7.7","1.0","1.5","314","87","58.6","15.6","46.8","17.7","11.8","14.4","41.4","15.6","29.3","13.3","12.1","15.3","44.4","(X)","43.8","(X)","45.9","(X)","49688","10978","44231","12096","-","**","-","**","47171","22532","-","**","70444","46161","-","**","70927","23687","42788","10227","-","**","65500","16439","60000","23983","32882","13183","50682","16404","45461","16464","56536","16115","56714","20468","33929","11675","-","**","36912","32157","47750","43226","25375","22515","-","**","36765","55390","26250","33827","-","**","(X)","(X)","(X)","(X)","(X)","(X)"
"1400000US36047027300","Census Tract 273, Kings County, New York","1263","76","7.5","5.0","84.6","7.2","0.0","2.5","2.0","3.5","0.0","2.5","5.9","4.9","0.0","2.5","7.0","5.6","6.3","4.5","5.1","4.5","33.5","9.5","38.5","10.7","23.0","7.1","650","127","60.2","13.3","39.8","13.3","45.2","13.8","41.1","12.2","13.7","12.0","613","127","57.6","12.9","54.0","14.8","3.6","5.5","42.4","12.9","39.8","13.5","2.6","4.4","44.7","(X)","40.2","(X)","47.3","(X)","25938","13919","59205","76979","24489","12991","-","**","-","**","-","**","3186","1084","-","**","3554","1163","92955","77480","4231","54578","57829","47692","25625","12650","12045","6186","48873","13012","78580","54016","28906","21603","99583","61567","19663","26483","48048","39686","16738","4113","23977","18684","17148","17121","-","**","15469","6238","14615","7206","-","**","(X)","(X)","(X)","(X)","(X)","(X)"
"1400000US36047027400","Census Tract 274, Kings County, New York","908","82","61.1","9.5","0.0","3.5","0.0","3.5","37.4","9.2","0.0","3.5","1.4","2.1","0.0","3.5","4.6","4.4","57.9","9.0","0.0","3.5","27.0","8.5","44.7","9.0","28.3","7.6","702","95","51.0","12.2","49.0","12.2","75.6","10.4","8.0","6.2","16.4","9.0","206","69","83.5","15.8","83.5","15.8","0.0","14.6","16.5","15.8","16.5","15.8","0.0","14.6","50.4","(X)","45.9","(X)","66.0","(X)","39423","8474","29375","12824","-","**","-","**","56875","26312","-","**","-","**","-","**","11500","19312","33409","13615","-","**","36953","15248","50735","20612","26188","22780","44600","18008","44600","19331","46250","34362","52566","20213","63750","34242","29650","18200","16375","3807","15595","8024","15595","8024","-","**","17237","52276","17237","52276","-","**","(X)","(X)","(X)","(X)","(X)","(X)"
"1400000US36047027500","Census Tract 275, Kings County, New York","1601","118","9.7","4.2","79.6","5.7","0.0","2.0","4.7","3.2","0.0","2.0","3.6","4.5","2.4","2.3","8.9","5.3","9.7","4.2","1.5","1.7","43.8","8.6","36.9","9.3","17.8","6.9","939","145","45.7","11.0","54.3","11.0","52.3","12.7","36.4","10.6","11.3","7.7","662","150","59.8","13.2","48.0","14.0","11.8","7.9","40.2","13.2","34.3","12.5","5.9","5.8","42.3","(X)","41.1","(X)","38.8","(X)","54710","8877","84732","39131","49196","14870","-","**","60125","106819","-","**","-","**","46184","48283","97200","21931","84732","39131","44167","76211","53393","14564","63769","19487","41875","48670","58355","21622","23487","37470","95000","21839","95372","27545","23611","27712","63696","61477","41400","12867","32188","28295","19934","40367","90333","114194","42450","12545","41875","8575","56307","101604","(X)","(X)","(X)","(X)","(X)","(X)"
"1400000US36047027600","Census Tract 276, Kings County, New York","1202","79","49.5","8.5","1.0","1.6","0.0","2.7","38.0","8.3","0.0","2.7","10.5","7.2","1.0","1.7","20.9","9.5","40.1","8.4","6.1","4.9","40.4","9.0","39.9","9.0","13.6","5.4","882","112","50.7","10.7","49.3","10.7","79.6","8.5","9.8","5.5","10.7","7.2","320","86","53.4","21.4","50.3","21.4","3.1","5.2","46.6","21.4","38.1","20.2","8.4","11.9","41.3","(X)","44.9","(X)","29.1","(X)","37182","9419","32147","4977","-","**","-","**","39292","18825","-","**","63438","14261","-","**","45045","19344","31196","15860","63698","17062","34621","9055","45848","16510","24896","7994","51328","11335","38208","17306","54036","5824","53851","7591","19615","6445","32115","20195","24327","4380","23802","7179","23281","6855","-","**","24777","15611","23839","6339","-","**","(X)","(X)","(X)","(X)","(X)","(X)"
"1400000US36047027700","Census Tract 277, Kings County, New York","1486","105","3.9","2.2","90.8","4.9","0.0","2.2","1.4","2.4","0.0","2.2","3.8","3.5","0.0","2.2","10.4","5.4","2.6","2.1","4.2","3.7","42.7","8.4","35.5","8.5","17.6","5.8","952","118","50.9","8.8","49.1","8.8","25.2","10.1","65.8","11.1","9.0","6.2","534","117","61.6","13.7","51.9","12.6","9.7","6.2","38.4","13.7","33.9","12.7","4.5","7.2","51.3","(X)","59.9","(X)","32.2","(X)","30603","10752","51875","18927","28021","7409","-","**","-","**","-","**","40859","19905","-","**","47431","25862","61094","35607","36346","63446","40639","14616","36417","13144","19091","14581","36429","12758","29911","24187","41094","18440","64327","13271","25238","10552","31667","75376","25417","10592","21845","25621","13250","13707","100750","86231","26875","14608","25208","21664","-","**","(X)","(X)","(X)","(X)","(X)","(X)"
"1400000US36047027800","Census Tract 278, Kings County, New York","1155","82","73.9","7.5","0.0","2.8","0.0","2.8","23.3","6.6","0.0","2.8","1.9","3.0","1.0","1.4","5.4","4.1","72.3","7.2","0.7","1.2","42.2","10.4","28.1","9.8","29.0","8.5","710","135","46.5","12.6","53.5","12.6","69.9","12.2","21.7","11.2","8.5","6.7","445","120","61.3","17.4","56.9","16.2","4.5","5.0","38.7","17.4","36.9","17.2","1.8","3.0","41.6","(X)","44.9","(X)","35.5","(X)","38079","12542","40033","20026","-","**","-","**","36932","20407","-","**","-","**","-","**","32250","24527","38750","20027","-","**","60060","16700","38869","19600","24114","7165","41711","15257","39286","35919","42105","13870","36591","24130","42417","11916","103977","50002","23616","20913","14871","19679","14009","13901","86111","65215","54375","70280","53125","80232","-","**","(X)","(X)","(X)","(X)","(X)","(X)"
"1400000US36047027900","Census Tract 279, Kings County, New York","1404","120","6.3","4.5","84.2","6.6","0.0","2.3","5.0","4.1","0.0","2.3","2.6","2.8","1.9","2.1","8.5","5.1","4.6","3.6","1.9","2.4","37.2","8.8","41.7","8.3","19.2","5.1","878","147","31.7","8.8","68.3","8.8","47.6","10.7","44.9","9.9","7.5","5.9","526","132","62.4","12.7","48.9","13.6","13.5","9.5","37.6","12.7","29.1","11.9","8.6","9.4","44.9","(X)","51.1","(X)","34.6","(X)","51293","17682","15893","32489","58750","15531","-","**","50455","147405","-","**","-","**","-","**","17464","57333","31667","28580","-","**","61042","22959","81250","41618","20278","19375","66563","12100","66337","11186","67308","27080","97200","24740","57273","20522","35952","5111","29706","18010","19063","18700","15868","7712","103750","83303","36250","34109","30938","38349","-","**","(X)","(X)","(X)","(X)","(X)","(X)"
"1400000US36047028000","Census Tract 280, Kings County, New York","602","67","71.4","9.5","0.0","5.3","0.0","5.3","21.8","8.3","0.0","5.3","2.8","3.2","4.0","5.5","7.5","6.9","66.4","9.9","4.8","4.0","28.7","10.0","45.2","10.0","21.3","8.2","400","74","26.0","8.9","74.0","8.9","73.0","11.6","17.5","9.6","9.5","7.1","202","59","42.6","18.3","42.6","18.3","0.0","14.8","57.4","18.3","39.1","19.2","18.3","17.9","36.5","(X)","32.8","(X)","42.6","(X)","63906","12440","68804","9810","-","**","-","**","39663","21033","-","**","31458","51796","-","**","69293","19316","66818","18467","20375","23903","86375","39037","73056","15706","27083","7280","77500","23955","106250","28396","73194","26985","83611","30725","47188","38665","111000","75671","41500","25546","31471","16025","31471","16025","-","**","63281","31333","62578","57504","67989","42805","(X)","(X)","(X)","(X)","(X)","(X)"
"1400000US36047028100","Census Tract 281, Kings County, New York","1605","100","26.5","7.0","61.4","7.8","0.0","2.0","0.3","0.5","0.0","2.0","9.1","4.9","2.7","2.5","33.0","7.7","6.8","3.9","5.4","4.2","43.1","7.9","33.8","8.4","17.6","6.4","1117","136","50.3","9.2","49.7","9.2","31.9","8.7","48.3","9.2","19.9","7.7","488","126","57.8","16.1","52.7","15.5","5.1","5.7","42.2","16.1","42.2","16.1","0.0","6.4","57.6","(X)","63.1","(X)","42.0","(X)","27369","13383","22875","22206","42781","25430","-","**","-","**","-","**","17000","14906","38750","154592","16277","6171","50563","11923","2,500-","***","46543","16955","19964","16667","24125","13040","32768","12246","26172","11230","43042","16549","33056","51142","27148","15020","43229","28361","9845","3891","9899","3904","9476","1793","-","**","9799","64899","9799","64899","-","**","(X)","(X)","(X)","(X)","(X)","(X)"
"1400000US36047028200","Census Tract 282, Kings County, New York","1253","64","68.6","8.0","0.8","1.2","0.0","2.6","30.6","8.2","0.0","2.6","0.0","2.6","0.0","2.6","4.6","3.9","63.9","8.6","4.9","4.5","35.6","9.1","33.6","9.4","25.9","7.3","834","123","41.0","11.9","59.0","11.9","82.4","6.5","14.1","5.9","3.5","2.9","419","108","74.2","15.9","59.4","16.7","14.8","12.3","25.8","15.9","19.1","14.2","6.7","10.6","46.4","(X)","41.5","(X)","56.3","(X)","37750","7173","36450","8525","-","**","-","**","39500","16334","-","**","-","**","-","**","24000","26269","37450","8258","26964","88146","62500","34689","35521","23794","23142","3717","43897","25068","63333","33967","35600","21675","43346","24437","50000","69240","55938","102032","33060","13422","27321","16169","21599","4045","37700","7035","41161","62517","32188","155452","-","**","(X)","(X)","(X)","(X)","(X)","(X)"
"1400000US36047028300","Census Tract 283, Kings County, New York","1391","98","15.5","6.9","56.4","8.6","0.0","2.3","3.2","3.2","0.0","2.3","19.8","7.9","5.0","3.8","42.1","7.5","2.9","2.9","5.4","4.2","31.3","7.1","45.5","8.4","17.8","5.2","861","141","34.3","8.2","65.7","8.2","14.4","8.1","66.8","10.5","18.8","9.1","530","140","65.3","15.5","56.8","15.8","8.5","8.3","34.7","15.5","34.7","15.5","0.0","5.9","45.7","(X)","49.9","(X)","38.9","(X)","16902","9332","12071","24530","20268","18938","-","**","8250","90208","-","**","17738","12298","19722","38304","13848","5881","43693","69527","6369","15359","21250","18704","24625","33522","14214","4542","28516","23023","14784","17217","35192","18629","46071","24940","21250","23818","12021","50783","12841","4118","11962","6668","11250","2316","80391","87144","13807","5208","13807","5208","-","**","(X)","(X)","(X)","(X)","(X)","(X)"
"1400000US36047028400","Census Tract 284, Kings County, New York","1308","81","72.5","7.2","0.5","0.8","0.0","2.5","19.6","5.5","0.0","2.5","6.1","5.3","1.2","1.3","12.8","6.3","65.8","7.8","0.5","0.8","34.6","8.7","38.3","9.0","26.5","7.0","924","120","44.3","10.3","55.7","10.3","84.3","7.4","13.9","7.1","1.8","2.1","384","95","45.8","14.6","40.6","14.7","5.2","5.5","54.2","14.6","51.6","14.6","2.6","4.0","42.4","(X)","48.2","(X)","28.6","(X)","43024","5725","41111","5804","-","**","-","**","67875","48246","-","**","58333","92650","-","**","34313","14694","43412","9051","-","**","59740","17753","47171","10548","23456","11704","50878","14755","41733","18585","56250","11170","43480","11111","86023","38988","-","**","31341","3308","31532","14326","30726","23368","-","**","30750","10226","29821","7789","-","**","(X)","(X)","(X)","(X)","(X)","(X)"
"1400000US36047028501","Census Tract 285.01, Kings County, New York","71","45","63.4","42.9","0.0","34.8","0.0","34.8","0.0","34.8","0.0","34.8","36.6","42.9","0.0","34.8","36.6","42.9","63.4","42.9","15.5","25.4","40.8","37.8","43.7","40.5","0.0","34.8","44","42","68.2","44.1","31.8","44.1","90.9","19.6","9.1","19.6","0.0","44.7","27","20","18.5","26.8","0.0","57.1","18.5","26.8","81.5","26.8","18.5","28.6","63.0","35.0","47.9","(X)","40.9","(X)","59.3","(X)","93250","53982","54432","42256","-","**","-","**","-","**","-","**","-","**","-","**","-","**","54432","42256","-","**","70250","58293","-","**","-","**","102885","32471","-","**","-","**","103077","75916","-","**","-","**","54432","47211","-","**","-","**","-","**","53864","249534","-","**","-","**","(X)","(X)","(X)","(X)","(X)","(X)"
"1400000US36047028502","Census Tract 285.02, Kings County, New York","1134","48","19.6","4.8","61.2","8.7","0.0","2.8","0.0","2.8","0.0","2.8","16.0","9.3","3.2","3.5","43.9","9.8","0.0","2.8","0.0","2.8","27.3","9.6","39.3","10.7","33.3","7.6","739","83","32.6","7.6","67.4","7.6","20.2","10.1","65.8","14.1","14.1","11.4","395","86","61.5","20.7","61.5","20.7","0.0","7.9","38.5","20.7","34.4","20.5","4.1","6.2","42.0","(X)","45.5","(X)","35.4","(X)","20785","2364","29605","15689","21079","3361","-","**","-","**","-","**","14129","7003","75250","137402","20000","10960","-","**","-","**","25435","8375","21450","10364","14808","2994","27152","4623","22194","13957","27377","19469","29539","10222","25000","13234","26413","14876","12726","4455","9018","2919","9018","2919","-","**","14054","1528","13784","671","-","**","(X)","(X)","(X)","(X)","(X)","(X)"
"1400000US36047028600","Census Tract 286, Kings County, New York","1895","136","74.6","8.0","1.1","1.7","1.4","2.1","13.7","6.2","0.0","1.7","7.9","4.6","1.3","1.5","12.1","5.4","71.1","7.9","0.7","1.1","43.3","8.9","22.4","6.6","33.7","7.4","1181","168","36.4","10.1","63.6","10.1","69.0","9.3","18.8","8.6","12.2","7.7","714","154","49.6","14.2","48.2","14.4","1.4","2.3","50.4","14.2","48.7","14.6","1.7","3.1","42.4","(X)","46.5","(X)","35.6","(X)","48359","9383","48281","13146","-","**","-","**","57986","15331","-","**","38661","38980","-","**","39174","5022","48646","14169","-","**","61571","11195","54821","6652","14553","3753","52554","10130","56611","10215","44301","14781","53750","5592","39167","6921","69031","40893","27917","13865","17847","6514","17500","6594","-","**","55481","10720","54792","14375","-","**","(X)","(X)","(X)","(X)","(X)","(X)"
"1400000US36047028700","Census Tract 287, Kings County, New York","1015","84","21.8","8.8","61.8","8.9","0.0","3.1","4.1","3.0","0.7","1.2","11.6","5.6","0.0","3.1","25.7","6.7","11.1","5.7","15.8","8.8","27.5","9.5","41.7","9.3","15.1","5.1","533","116","45.4","13.0","54.6","13.0","37.1","13.6","59.1","12.9","3.8","5.1","482","122","59.1","17.2","45.2","17.6","13.9","8.9","40.9","17.2","22.8","12.9","18.0","11.2","42.6","(X)","47.8","(X)","32.4","(X)","24114","9156","37679","26149","21607","13804","-","**","31364","27350","-","**","20278","23206","-","**","24669","10037","49776","78557","35000","26394","24107","23058","19850","27876","13942","14242","23614","13435","16905","14398","32440","30987","48947","14861","12396","14160","-","**","22455","18875","20692","10947","12054","10467","49063","146315","38828","26887","19600","22609","91397","39335","(X)","(X)","(X)","(X)","(X)","(X)"
"1400000US36047028800","Census Tract 288, Kings County, New York","1042","76","57.0","7.9","0.6","1.0","0.0","3.1","36.1","7.2","0.0","3.1","5.6","5.0","0.8","1.3","8.6","4.7","52.8","7.8","2.5","3.0","33.5","7.7","32.5","8.6","31.5","8.4","634","96","34.4","9.5","65.6","9.5","79.2","7.9","20.8","7.9","0.0","5.0","408","87","32.4","12.8","32.4","12.8","0.0","7.7","67.6","12.8","49.8","14.1","17.9","11.0","43.1","(X)","48.6","(X)","34.6","(X)","37222","9134","30303","8350","-","**","-","**","42969","7498","-","**","83816","177530","-","**","49750","62838","29900","8568","-","**","39567","17693","46063","16227","16563","13182","44750","5806","31389","12606","53750","43803","45093","6658","43438","16450","-","**","27857","15194","21300","9299","21300","9299","-","**","29018","27718","16107","11658","73380","7721","(X)","(X)","(X)","(X)","(X)","(X)"
"1400000US36047028900","Census Tract 289, Kings County, New York","1349","95","25.4","7.1","62.0","9.5","0.0","2.4","0.3","0.5","0.0","2.4","10.7","5.9","1.6","2.1","33.1","9.4","7.1","3.9","0.7","1.1","41.1","7.6","39.9","8.1","18.3","5.0","763","114","52.9","11.4","47.1","11.4","30.8","13.2","56.6","14.5","12.6","8.5","586","122","48.3","12.8","46.8","12.8","1.5","2.4","51.7","12.8","39.1","11.3","12.6","9.4","47.7","(X)","38.9","(X)","59.2","(X)","24556","6529","24886","18186","28347","14647","-","**","-","**","-","**","19167","12754","-","**","20000","2893","51111","19473","-","**","48829","5547","20893","9676","16655","7353","24665","9387","38793","26865","22896","3994","52188","66722","24390","10411","19423","10428","23947","12716","28487","25689","27895","27421","-","**","22961","14514","16250","5720","49468","18404","(X)","(X)","(X)","(X)","(X)","(X)"
"1400000US36047029000","Census Tract 290, Kings County, New York","1494","71","74.6","6.8","2.3","2.7","0.5","0.8","15.5","5.4","0.0","2.1","6.6","4.2","0.5","0.7","9.1","4.5","72.6","6.6","0.5","0.7","27.7","6.3","43.1","7.2","28.7","6.4","937","106","31.2","8.1","68.8","8.1","79.8","7.0","18.2","6.7","1.9","1.9","557","101","60.9","11.6","57.1","12.3","3.8","5.7","39.1","11.6","34.5","11.0","4.7","5.5","43.2","(X)","42.9","(X)","42.2","(X)","42931","6433","45227","17325","-","**","-","**","42973","2514","-","**","20500","12648","-","**","22167","12598","45455","17861","-","**","69511","5485","50625","16175","18157","2460","56652","16612","44643","29111","60675","19953","56705","16371","41641","82843","124000","80817","21743","3680","22401","3290","21711","2795","-","**","18864","19939","17404","8306","-","**","(X)","(X)","(X)","(X)","(X)","(X)"
"1400000US36047029100","Census Tract 291, Kings County, New York","1098","124","8.9","5.0","84.2","7.5","2.2","3.5","2.4","3.1","0.0","2.9","2.4","3.6","0.0","2.9","14.5","8.2","5.9","3.9","1.0","1.6","39.4","9.2","35.4","8.8","24.1","6.3","562","123","56.4","14.3","43.6","14.3","33.3","12.4","60.3","12.4","6.4","6.1","536","112","41.8","15.5","39.7","15.2","2.1","3.3","58.2","15.5","53.5","15.2","4.7","6.6","40.1","(X)","48.6","(X)","26.3","(X)","31750","6844","51087","66556","31389","7479","-","**","-","**","-","**","-","**","-","**","26767","22165","102614","178677","-","**","38789","8204","43036","19528","17289","13256","43452","10368","42458","9732","44861","32103","52446","81977","39805","6898","44375","52887","26630","6776","26974","13171","26250","14878","-","**","26500","9540","25875","13114","-","**","(X)","(X)","(X)","(X)","(X)","(X)"
"1400000US36047029200","Census Tract 292, Kings County, New York","841","65","69.6","8.8","2.3","2.7","0.0","3.8","19.5","6.5","0.0","3.8","8.4","5.0","0.2","0.5","16.1","7.0","62.0","9.1","2.6","2.6","40.2","9.2","27.8","8.3","29.4","8.7","630","81","38.1","11.0","61.9","11.0","76.0","8.8","15.6","7.2","8.4","6.1","211","68","60.2","16.7","51.7","17.5","8.5","8.0","39.8","16.7","25.1","15.9","14.7","11.2","40.5","(X)","44.4","(X)","24.2","(X)","35133","4300","33359","10056","-","**","-","**","33750","22841","-","**","61645","103918","-","**","37118","23790","34141","10048","60385","69599","35750","8679","53571","15598","20329","8786","36944","7942","36389","14721","38250","12626","35583","5200","39643","37849","62614","40810","17292","8149","12829","6845","9681","5235","60000","25215","33750","18548","28750","16255","61058","43573","(X)","(X)","(X)","(X)","(X)","(X)"
"1400000US36047029300","Census Tract 293, Kings County, New York","1331","92","11.7","6.2","76.9","7.6","0.0","2.4","0.0","2.4","0.0","2.4","8.0","5.0","3.4","3.6","20.7","7.1","2.4","3.0","2.2","3.0","19.8","6.7","38.9","8.5","39.1","7.1","670","111","41.8","15.5","58.2","15.5","29.6","11.8","66.3","11.4","4.2","5.2","661","126","62.5","11.9","58.7","11.7","3.8","4.4","37.5","11.9","31.8","11.7","5.7","6.2","44.2","(X)","52.8","(X)","35.4","(X)","25875","5905","29318","66419","23233","3837","-","**","-","**","-","**","65667","67090","-","**","66306","15161","-","**","-","**","27125","22849","36591","29929","21488","3587","50938","42784","28472","21759","54167","18127","62339","44975","22138","8415","31154","64882","21672","3317","20506","5376","20368","5995","21094","14844","23529","6866","27250","14079","-","**","(X)","(X)","(X)","(X)","(X)","(X)"
"1400000US36047029400","Census Tract 294, Kings County, New York","599","34","73.8","7.9","3.8","2.7","0.0","5.3","19.9","7.3","0.0","5.3","1.3","2.4","1.2","1.8","15.5","10.8","61.8","11.8","4.7","7.4","20.7","8.1","39.2","12.7","35.4","12.5","402","75","30.8","11.3","69.2","11.3","64.9","15.7","25.6","14.4","9.5","8.5","197","66","61.9","17.9","45.2","17.2","16.8","20.3","38.1","17.9","25.9","17.1","12.2","13.0","35.1","(X)","48.3","(X)","8.1","(X)","53224","14479","53684","21879","46964","162856","-","**","55982","11871","-","**","-","**","-","**","26186","7079","58854","16980","-","**","48333","28701","59792","18608","26895","11311","53947","16123","53036","19137","66071","41639","54554","38220","50521","44462","59375","31953","27298","28326","55357","33843","25417","38703","-","**","26027","9753","26576","16308","14500","19060","(X)","(X)","(X)","(X)","(X)","(X)"
"1400000US36047029500","Census Tract 295, Kings County, New York","1565","116","13.6","5.5","79.0","6.2","0.0","2.1","2.7","2.4","0.0","2.1","3.6","2.5","1.0","1.7","6.7","3.5","11.4","4.9","2.9","3.1","45.8","7.5","38.7","7.9","12.7","5.2","869","136","50.4","9.8","49.6","9.8","48.9","10.0","40.3","10.1","10.8","8.1","696","131","69.5","12.6","53.3","12.3","16.2","8.8","30.5","12.6","18.8","9.4","11.6","8.5","45.4","(X)","46.3","(X)","44.4","(X)","67569","15418","123938","55887","62708","10684","-","**","14650","26594","-","**","81635","75257","-","**","77361","64501","128563","11338","-","**","81154","9769","56458","21893","23583","7935","73438","17772","65227","22113","76767","19649","107540","56035","57083","13999","56094","70967","59792","23001","58750","22961","49526","23483","77740","35199","63194","74036","39112","9466","118250","7934","(X)","(X)","(X)","(X)","(X)","(X)"
"1400000US36047029600","Census Tract 296, Kings County, New York","1931","138","79.0","6.9","0.9","1.5","0.0","1.7","18.5","6.3","0.0","1.7","0.0","1.7","1.6","1.7","3.5","2.8","77.0","6.8","1.3","1.7","24.1","6.3","41.3","7.1","33.3","7.0","1229","172","36.3","8.9","63.7","8.9","77.1","9.1","20.8","9.0","2.0","2.3","702","176","51.4","13.8","49.4","13.5","2.0","3.2","48.6","13.8","43.0","14.1","5.6","6.0","36.2","(X)","34.6","(X)","39.0","(X)","41835","7138","41411","6084","-","**","-","**","27457","51049","-","**","-","**","-","**","57647","70016","41492","6000","-","**","65217","23229","43862","11215","27216","12079","43815","7627","27308","23106","44967","19602","53152","16815","31563","20038","-","**","28421","14158","16472","7679","16083","5646","-","**","52404","45719","36406","51035","-","**","(X)","(X)","(X)","(X)","(X)","(X)"
"1400000US36047029700","Census Tract 297, Kings County, New York","1389","100","6.9","4.2","85.6","5.7","0.5","0.8","5.0","3.7","0.0","2.3","0.0","2.3","1.9","2.2","3.2","2.5","4.2","3.1","2.1","2.3","46.4","8.4","39.3","8.2","12.2","4.0","833","130","48.3","9.7","51.7","9.7","45.4","12.3","36.3","10.3","18.4","9.4","556","129","64.2","14.7","51.8","14.3","12.4","8.6","35.8","14.7","28.8","13.6","7.0","6.7","50.5","(X)","52.7","(X)","47.3","(X)","47594","12181","105000","64081","39704","12178","-","**","73333","34578","-","**","-","**","-","**","67279","27921","123452","32464","-","**","51900","30119","32667","11780","65263","27037","57938","25167","32708","16441","67268","16484","96250","49658","32353","11392","26250","41404","37632","13584","37862","13731","28810","21806","73385","26251","31953","45592","25313","32402","123750","64336","(X)","(X)","(X)","(X)","(X)","(X)"
"1400000US36047029800","Census Tract 298, Kings County, New York","1295","104","72.3","9.8","2.3","3.5","0.0","2.5","18.5","7.7","0.0","2.5","6.9","5.5","0.0","2.5","20.4","7.8","57.3","8.6","1.1","1.2","36.8","8.8","31.2","9.0","30.9","9.2","933","115","57.2","11.4","42.8","11.4","80.1","8.6","15.6","8.5","4.3","3.7","362","124","58.3","17.3","47.8","18.9","10.5","12.6","41.7","17.3","29.8","16.1","11.9","16.4","43.0","(X)","49.1","(X)","22.1","(X)","47705","8481","39671","17417","-","**","-","**","50000","24473","-","**","51350","9778","-","**","48500","14295","43929","18582","-","**","50582","4742","52619","20269","33030","7057","47886","7410","43182","10683","52644","12515","47904","8701","48095","39094","44286","170646","28947","30599","27566","14162","22011","10434","-","**","50243","40836","21442","25332","-","**","(X)","(X)","(X)","(X)","(X)","(X)"
"1400000US36047029900","Census Tract 299, Kings County, New York","773","73","3.9","3.7","85.4","6.3","0.0","4.1","1.8","1.4","0.0","4.1","7.4","5.3","1.6","1.7","17.9","7.8","2.2","2.5","9.6","5.7","39.7","9.8","37.3","7.9","13.5","7.1","575","79","48.2","13.5","51.8","13.5","20.9","9.0","70.1","9.8","9.0","5.4","198","70","45.5","24.8","43.4","24.6","2.0","3.9","54.5","24.8","54.5","24.8","0.0","15.1","39.1","(X)","40.0","(X)","28.3","(X)","23578","4233","15500","20355","25202","3187","-","**","-","**","-","**","18606","5974","-","**","19231","5045","-","**","24706","15241","25368","4981","31406","13315","11833","9441","24620","5722","24293","5163","26071","12314","58889","19517","20128","3624","60682","53769","11771","20596","8676","14649","8654","27204","-","**","23333","25466","23333","25466","-","**","(X)","(X)","(X)","(X)","(X)","(X)"
"1400000US36047030000","Census Tract 300, Kings County, New York","1112","115","60.6","6.7","0.0","2.9","0.0","2.9","32.4","5.8","0.0","2.9","6.2","5.2","0.8","1.3","10.4","6.5","56.4","7.8","1.4","2.3","38.3","7.6","37.9","6.9","22.3","6.0","780","131","47.4","11.9","52.6","11.9","85.5","6.4","13.1","6.3","1.4","2.2","332","90","52.7","16.9","42.2","18.5","10.5","9.7","47.3","16.9","33.7","16.8","13.6","13.8","43.6","(X)","48.3","(X)","32.5","(X)","49457","17418","48587","18747","-","**","-","**","55403","31115","-","**","37356","232714","-","**","43043","49489","55438","19837","-","**","49375","29156","57778","5985","25870","13841","56225","12824","60339","13589","49167","16145","56152","13147","67188","41342","-","**","39527","20576","39511","49820","37609","47923","-","**","39554","21786","26304","18640","-","**","(X)","(X)","(X)","(X)","(X)","(X)"
"1400000US36047030100","Census Tract 301, Kings County, New York","1064","77","6.2","6.6","83.2","11.2","0.0","3.0","1.1","1.8","0.0","3.0","2.2","2.7","7.3","9.3","6.4","6.0","1.7","2.6","7.5","5.7","24.8","7.0","46.5","11.4","21.1","8.0","555","117","39.3","11.1","60.7","11.1","13.2","9.0","67.6","13.8","19.3","11.5","509","124","46.6","19.1","43.6","19.3","2.9","4.8","53.4","19.1","51.9","19.5","1.6","2.5","47.1","(X)","56.2","(X)","31.8","(X)","41346","6990","8922","449","43897","4938","-","**","-","**","-","**","-","**","-","**","9477","56889","-","**","17500","31874","48349","2796","41797","12012","31827","20034","48090","12449","44688","41217","48160","12902","61083","35737","47292","39763","47674","22132","33201","33029","42936","2826","42500","3633","-","**","2,500-","***","2,500-","***","-","**","(X)","(X)","(X)","(X)","(X)","(X)"
"1400000US36047030200","Census Tract 302, Kings County, New York","1475","97","46.4","6.7","1.7","2.7","0.0","2.2","49.9","7.3","0.0","2.2","2.0","2.8","0.0","2.2","6.8","4.6","41.6","6.7","2.5","2.7","36.5","8.8","36.8","8.6","24.2","6.3","1156","129","37.9","7.9","62.1","7.9","76.5","8.1","14.4","6.8","9.1","5.4","319","110","31.3","14.2","31.3","14.2","0.0","9.7","68.7","14.2","55.5","16.9","13.2","12.4","30.8","(X)","31.6","(X)","25.1","(X)","47348","9458","40377","11227","-","**","-","**","54912","9766","-","**","-","**","-","**","59500","81405","40377","11198","65398","110993","56146","7986","55179","29563","28138","8655","53154","6926","65625","21345","41761","6378","57396","13500","47545","33921","40265","15319","29028","13148","21905","10929","21905","10929","-","**","31544","23008","23250","13544","129600","2600","(X)","(X)","(X)","(X)","(X)","(X)"
"1400000US36047030300","Census Tract 303, Kings County, New York","1591","95","1.1","1.3","92.5","4.7","0.4","0.8","0.6","0.9","0.0","2.0","5.3","4.5","0.0","2.0","12.1","5.0","1.1","1.3","3.8","3.2","46.6","8.2","29.5","6.1","20.1","5.5","1227","136","64.9","8.3","35.1","8.3","33.6","8.5","55.6","8.2","10.8","6.9","364","100","69.5","17.4","69.5","17.4","0.0","8.5","30.5","17.4","28.3","16.9","2.2","3.4","56.4","(X)","55.7","(X)","58.8","(X)","23911","5935","-","**","24624","7686","-","**","-","**","-","**","2,500-","***","-","**","12721","26895","-","**","29167","78765","21932","8572","57353","23308","11616","3512","28393","8666","22583","13892","51442","28481","60606","22320","14531","3924","35469","30789","12632","5771","10265","2823","10265","2823","-","**","22102","21983","21648","5197","-","**","(X)","(X)","(X)","(X)","(X)","(X)"
"1400000US36047030400","Census Tract 304, Kings County, New York","1520","101","64.0","6.9","1.1","1.8","0.0","2.1","29.2","5.7","0.0","2.1","4.5","4.0","1.1","1.3","9.1","5.2","60.0","7.7","1.3","2.1","33.0","7.7","33.0","7.2","32.7","6.8","1018","134","40.2","8.8","59.8","8.8","82.2","6.7","11.4","5.6","6.4","4.7","502","113","64.5","11.1","59.8","11.3","4.8","5.8","35.5","11.1","31.3","12.6","4.2","4.8","36.9","(X)","35.8","(X)","37.8","(X)","39299","5274","39750","6852","-","**","-","**","39681","29729","-","**","31797","16029","-","**","32266","29142","39231","7344","-","**","56105","10858","48398","19276","26563","12763","42250","9722","39714","50800","42938","8021","44688","9189","26250","47273","27875","118217","22014","12405","15093","6246","13036","5196","-","**","53750","8896","53036","13786","-","**","(X)","(X)","(X)","(X)","(X)","(X)"
"1400000US36047030500","Census Tract 305, Kings County, New York","2578","137","37.0","5.6","43.1","5.7","0.0","1.3","9.5","4.5","0.0","1.3","5.7","3.4","4.7","2.7","11.0","4.5","34.7","5.7","4.4","2.5","61.9","6.8","27.6","7.3","6.1","3.2","924","144","56.4","13.6","43.6","13.6","43.3","10.1","45.7","12.3","11.0","9.3","1654","178","58.8","8.2","34.5","7.7","24.3","7.9","41.2","8.2","27.9","8.4","13.3","5.8","31.9","(X)","56.6","(X)","18.1","(X)","50100","7332","75787","12116","42690","11925","-","**","34500","44084","-","**","57225","37127","15909","65730","44028","49197","77454","9449","39922","40176","63868","11591","48359","13831","42593","56915","55526","20350","44013","28840","59554","51873","77000","43130","43315","17295","143113","188974","49623","6070","48459","4209","33300","16303","77500","38705","61250","27636","43305","23967","113500","47324","(X)","(X)","(X)","(X)","(X)","(X)"
"1400000US36047030600","Census Tract 306, Kings County, New York","682","42","62.5","7.2","0.0","4.7","0.0","4.7","32.0","6.6","0.0","4.7","4.4","4.2","1.2","1.7","6.0","4.8","60.9","7.5","0.0","4.7","36.7","8.2","35.0","9.7","28.3","8.0","523","63","42.1","9.8","57.9","9.8","70.2","10.7","24.1","9.6","5.7","4.9","159","56","44.7","20.0","35.8","17.7","8.8","11.4","55.3","20.0","46.5","21.0","8.8","10.9","52.1","(X)","51.4","(X)","54.1","(X)","43629","20299","39804","8325","-","**","-","**","91486","13563","-","**","33125","71409","-","**","34271","46816","39534","7034","-","**","45000","27727","78472","33274","31681","4471","66513","28201","43269","18461","90529","18148","66513","28390","38750","71597","143125","100639","31776","6427","14803","20241","13882","8708","-","**","38977","19164","39205","30306","-","**","(X)","(X)","(X)","(X)","(X)","(X)"
"1400000US36047030700","Census Tract 307, Kings County, New York","1850","123","2.1","2.6","88.9","5.3","0.0","1.7","0.0","1.7","0.0","1.7","6.2","4.7","2.8","2.5","17.5","6.1","0.0","1.7","4.4","3.0","46.5","8.7","27.4","7.5","21.7","5.6","1158","173","76.5","7.1","23.5","7.1","21.4","7.4","65.9","10.4","12.7","7.3","692","145","64.3","12.5","55.6","14.6","8.7","10.1","35.7","12.5","34.5","12.1","1.2","1.7","40.9","(X)","42.4","(X)","37.0","(X)","21886","5989","-","**","22478","5690","-","**","-","**","-","**","11773","16714","24813","27001","23000","21765","-","**","19013","34587","24232","4164","27904","23659","12589","6444","24343","3781","23976","4679","40556","32644","41154","26307","22155","4233","29440","22827","13923","3360","12558","2919","11420","2468","40870","1434","17064","19302","16831","16396","-","**","(X)","(X)","(X)","(X)","(X)","(X)"
"1400000US36047030800","Census Tract 308, Kings County, New York","742","56","82.3","8.0","0.7","1.0","0.0","4.3","15.5","8.0","0.0","4.3","0.5","0.8","0.9","1.7","9.7","7.8","73.2","10.1","0.0","4.3","29.8","9.1","40.2","9.4","30.1","7.7","598","78","30.1","9.3","69.9","9.3","79.3","8.5","16.6","8.5","4.2","3.9","144","52","46.5","19.7","46.5","19.7","0.0","20.0","53.5","19.7","50.0","20.1","3.5","5.8","44.6","(X)","48.5","(X)","28.5","(X)","45909","12191","45492","12056","-","**","-","**","57083","86073","-","**","-","**","-","**","48095","5365","38967","19974","-","**","72411","46110","46071","50606","24398","3840","56806","27449","46923","43684","65714","26810","65357","40535","22039","59063","107841","195196","19231","3192","20972","7933","20972","7933","-","**","18631","3921","18333","4085","-","**","(X)","(X)","(X)","(X)","(X)","(X)"
"1400000US36047030900","Census Tract 309, Kings County, New York","588","98","12.8","8.6","80.8","11.8","0.0","5.4","0.0","5.4","0.0","5.4","4.6","8.2","1.9","1.8","20.9","12.0","0.7","1.3","2.9","3.6","36.7","14.1","34.9","12.5","25.5","10.1","448","97","51.6","16.7","48.4","16.7","18.1","11.1","61.4","17.5","20.5","16.4","140","61","78.6","20.9","64.3","21.7","14.3","17.8","21.4","20.9","21.4","20.9","0.0","20.5","49.7","(X)","47.1","(X)","49.3","(X)","26800","8624","11792","76843","29489","11640","-","**","-","**","-","**","-","**","17917","41199","10375","11098","-","**","-","**","29545","16735","40434","35978","18864","10836","22174","7682","23250","11840","21359","29407","48641","64778","22950","5778","10969","10602","14000","20608","12500","63222","6875","14794","-","**","20577","21043","20577","21043","-","**","(X)","(X)","(X)","(X)","(X)","(X)"
"1400000US36047031100","Census Tract 311, Kings County, New York","1118","92","6.1","4.6","91.4","5.3","0.0","2.9","0.0","2.9","0.0","2.9","2.5","3.0","0.0","2.9","7.2","5.8","6.1","4.6","4.4","3.4","39.9","10.1","36.1","8.0","19.6","8.5","662","105","47.4","14.6","52.6","14.6","39.3","12.4","45.8","13.5","15.0","9.2","456","108","34.9","14.3","23.7","11.0","11.2","10.7","65.1","14.3","53.5","14.8","11.6","9.3","44.6","(X)","46.1","(X)","38.6","(X)","42750","8371","63382","100184","42304","8603","-","**","-","**","-","**","-","**","-","**","36447","19449","63382","100184","47550","25389","65109","25481","35417","18194","42557","16710","44010","8826","53750","50086","43813","9069","67727","32029","35313","32884","44830","23889","40735","11124","41838","11580","41466","11238","42330","145554","34291","22746","33851","17132","84306","95097","(X)","(X)","(X)","(X)","(X)","(X)"
"1400000US36047031300","Census Tract 313, Kings County, New York","2078","161","8.1","3.9","82.8","6.1","0.0","1.5","1.4","1.6","0.0","1.5","5.1","5.3","2.5","2.3","6.6","4.0","6.5","3.8","5.1","4.5","30.8","7.6","40.6","9.0","23.4","6.5","968","174","42.7","13.4","57.3","13.4","42.4","14.4","56.6","14.3","1.0","1.8","1110","205","47.3","13.9","39.0","11.9","8.3","7.3","52.7","13.9","47.0","14.2","5.7","4.6","31.8","(X)","27.9","(X)","35.1","(X)","38982","5076","92552","65117","38838","5019","-","**","-","**","-","**","15068","7588","66313","12371","12500","29811","94271","25209","34071","6117","58750","14672","40714","11374","17941","9237","52364","12581","53924","33429","51250","16568","82119","8741","33333","33643","-","**","32803","10123","28583","9172","33125","18519","28389","15600","34111","14120","32596","20144","69063","36584","(X)","(X)","(X)","(X)","(X)","(X)"
"1400000US36047031400","Census Tract 314, Kings County, New York","1914","119","79.6","6.8","2.1","2.1","0.0","1.7","14.7","5.7","0.0","1.7","2.2","2.9","1.4","2.3","5.6","4.6","76.5","7.5","0.5","0.9","29.7","8.9","34.3","7.8","35.5","8.0","1140","157","33.4","8.9","66.6","8.9","74.4","8.3","20.2","8.5","5.4","3.7","774","156","72.0","9.3","70.9","9.2","1.0","1.7","28.0","9.3","24.9","9.4","3.1","3.8","43.9","(X)","38.6","(X)","49.9","(X)","43925","5930","36485","6068","81250","49610","-","**","54688","26069","-","**","-","**","-","**","50117","51315","36868","6523","-","**","49085","11728","56650","18316","27917","6121","54526","9594","48717","5622","64148","11147","54483","10948","62727","39048","41094","22859","22800","12080","15826","6382","15657","5834","-","**","42682","17939","40139","23767","-","**","(X)","(X)","(X)","(X)","(X)","(X)"
"1400000US36047031500","Census Tract 315, Kings County, New York","2404","143","17.1","4.7","70.3","5.8","0.0","1.3","2.0","2.4","0.7","1.2","3.1","2.8","6.7","3.7","7.0","3.2","15.9","4.4","4.4","3.3","45.8","7.8","35.5","6.9","14.3","4.8","895","196","39.4","13.8","60.6","13.8","34.7","12.1","56.2","13.8","9.1","7.3","1509","198","50.8","11.0","37.7","9.4","13.1","6.3","49.2","11.0","36.5","9.8","12.7","7.7","31.5","(X)","37.2","(X)","28.1","(X)","44020","4727","63525","5530","41985","12353","-","**","-","**","-","**","62958","96689","40654","10574","63599","3566","63239","10231","68077","22781","56106","13152","37583","11961","13417","23759","44606","5202","14841","48796","49569","10539","57358","68305","36895","20260","31172","97314","41327","11415","41853","17863","30042","12967","75750","36503","40903","14467","26825","10668","64125","24218","(X)","(X)","(X)","(X)","(X)","(X)"
"1400000US36047031701","Census Tract 317.01, Kings County, New York","1406","113","12.2","5.8","81.8","6.8","0.0","2.3","1.1","1.6","0.0","2.3","2.9","3.1","1.9","1.8","7.5","5.3","10.5","5.4","9.5","5.0","42.0","7.9","27.4","5.4","21.1","5.6","717","140","38.4","12.6","61.6","12.6","31.2","12.7","57.9","12.5","10.9","8.4","689","142","58.2","14.3","45.7","14.7","12.5","7.4","41.8","14.3","36.9","13.3","4.9","4.8","37.6","(X)","48.0","(X)","26.9","(X)","34315","7136","66429","45976","33427","8346","-","**","-","**","-","**","10774","2155","64107","65083","25298","18676","82750","46124","15515","12028","61620","16304","34261","31248","22125","10970","50114","30191","15927","5112","62500","54909","97917","44377","25512","11527","41842","46392","29901","7864","29609","6118","27786","13137","92885","58529","35833","19822","29667","23942","36167","27279","(X)","(X)","(X)","(X)","(X)","(X)"
"1400000US36047031702","Census Tract 317.02, Kings County, New York","1385","102","16.4","5.1","74.0","6.4","0.0","2.3","3.0","3.2","0.0","2.3","5.3","3.4","1.4","1.6","12.2","4.7","13.9","5.1","5.8","3.1","37.4","8.6","41.8","7.2","14.9","5.1","760","110","46.4","11.2","53.6","11.2","38.3","11.0","51.8","12.0","9.9","6.0","625","119","67.0","11.2","49.4","11.4","17.6","8.3","33.0","11.2","27.5","11.0","5.4","5.1","46.6","(X)","43.2","(X)","44.8","(X)","42483","7466","45156","19020","40583","9224","-","**","-","**","-","**","84926","120354","-","**","44236","72573","58056","20156","44107","15375","61912","24785","44375","17866","18068","4781","48125","12307","42406","24740","50069","20950","65625","25607","41447","23800","42440","53061","34083","10396","38102","12250","29250","5468","44071","32964","29333","26417","26429","12494","83824","21931","(X)","(X)","(X)","(X)","(X)","(X)"
"1400000US36047031900","Census Tract 319, Kings County, New York","1349","77","13.6","7.2","83.1","7.2","0.0","2.4","0.0","2.4","0.0","2.4","2.7","3.1","0.7","1.1","5.8","3.8","12.3","7.0","3.7","3.1","36.0","7.9","33.7","7.1","26.6","6.2","865","118","39.7","9.8","60.3","9.8","52.1","10.9","41.0","11.5","6.8","5.6","484","115","67.8","11.0","51.2","15.2","16.5","10.8","32.2","11.0","32.2","11.0","0.0","6.5","31.5","(X)","38.4","(X)","15.9","(X)","42740","3315","67298","19667","42344","4542","-","**","-","**","-","**","-","**","-","**","29000","37151","67016","19727","30375","18404","51458","15499","41250","5387","41964","17587","46797","9334","37039","13170","55865","11987","55653","21243","36645","15220","56360","7363","29545","9438","37647","17133","32232","20325","38750","55209","14300","4246","14300","4246","-","**","(X)","(X)","(X)","(X)","(X)","(X)"
"1400000US36047032100","Census Tract 321, Kings County, New York","2051","96","16.6","5.9","78.6","6.4","0.0","1.6","3.9","3.7","0.0","1.6","0.5","0.7","0.3","0.6","8.9","5.3","12.1","4.5","4.2","2.9","42.1","7.9","37.1","6.4","16.6","4.4","1376","159","46.9","8.4","53.1","8.4","39.3","10.8","46.5","10.9","14.2","7.4","675","146","44.3","12.9","32.4","12.6","11.9","8.3","55.7","12.9","38.5","13.0","17.2","10.6","33.9","(X)","37.2","(X)","27.1","(X)","39272","5311","33636","32277","40801","5908","-","**","37645","32992","-","**","-","**","-","**","22574","16967","51250","28644","50078","72228","55412","16851","34085","10406","41473","9537","42459","13326","40859","21907","44875","16981","69962","15692","34884","6096","50234","16710","30327","11802","40223","17147","30813","23907","48750","22225","24389","11488","24167","9872","38167","54887","(X)","(X)","(X)","(X)","(X)","(X)"
"1400000US36047032300","Census Tract 323, Kings County, New York","1395","84","16.5","4.7","77.7","5.3","0.0","2.3","1.4","1.6","0.0","2.3","3.5","2.9","0.9","1.3","11.1","4.2","12.2","4.6","0.6","0.9","35.4","7.2","43.9","7.1","20.1","5.0","826","117","36.7","9.3","63.3","9.3","39.5","10.8","53.9","10.4","6.7","4.9","569","118","66.6","13.0","51.0","12.1","15.6","9.2","33.4","13.0","24.1","11.7","9.3","8.1","37.1","(X)","47.2","(X)","22.3","(X)","49335","8504","54444","21586","50541","12817","-","**","-","**","-","**","14950","42007","-","**","34141","63466","52083","46467","-","**","53194","27284","62813","23277","40027","18573","54861","13946","45875","35449","56528","13595","49800","21324","54236","14756","83750","24303","29583","24917","41528","35695","22016","15987","127614","78334","21250","26880","12639","8757","77313","108102","(X)","(X)","(X)","(X)","(X)","(X)"
"1400000US36047032500","Census Tract 325, Kings County, New York","2447","110","8.1","4.5","86.9","5.6","1.2","1.9","0.7","1.0","0.0","1.3","2.6","2.4","0.6","1.0","7.3","5.0","5.7","3.5","4.3","3.4","24.2","7.2","51.4","6.2","20.1","4.4","1371","196","46.8","9.6","53.2","9.6","31.1","10.7","53.3","10.5","15.5","8.7","1076","195","55.2","11.4","48.9","13.0","6.3","5.7","44.8","11.4","34.9","11.8","9.9","9.4","38.7","(X)","42.3","(X)","34.2","(X)","31794","10573","29698","28091","35250","10624","-","**","-","**","-","**","10288","32303","-","**","21166","8934","45847","21991","11776","103364","29267","28733","38362","12676","24459","17351","44103","11942","31701","17806","46660","7262","81458","23027","24531","21961","16815","22307","24077","5176","29813","7459","31000","7320","18750","27929","19464","6609","18065","8997","21277","15880","(X)","(X)","(X)","(X)","(X)","(X)"
"1400000US36047032600","Census Tract 326, Kings County, New York","2266","139","28.9","6.2","47.8","8.2","0.7","1.1","12.7","6.1","0.7","1.2","7.3","4.5","1.9","2.1","16.5","7.0","22.4","5.5","0.4","0.7","27.2","8.4","42.9","6.9","29.5","6.9","1475","199","49.4","10.9","50.6","10.9","45.5","10.9","46.4","10.7","8.1","5.2","791","185","70.5","13.5","59.4","15.0","11.1","11.4","29.5","13.5","29.5","13.5","0.0","4.0","42.0","(X)","44.0","(X)","35.0","(X)","21468","3676","14286","3871","24873","8637","-","**","50278","57414","-","**","20496","9706","-","**","21017","5550","13825","4264","-","**","31818","25300","23585","13321","13154","5744","27168","17464","40804","14343","23988","5125","31705","32355","24185","15655","157762","266357","12435","4635","13803","4374","12198","5990","-","**","8750","5436","8750","5436","-","**","(X)","(X)","(X)","(X)","(X)","(X)"
"1400000US36047032700","Census Tract 327, Kings County, New York","1259","90","12.6","5.8","74.8","8.6","5.2","4.7","1.0","1.4","0.0","2.5","5.0","5.0","1.4","1.8","13.0","6.5","11.5","5.4","4.0","4.6","31.5","8.9","44.6","9.7","19.9","3.8","500","136","41.0","15.8","59.0","15.8","36.6","13.1","53.6","14.5","9.8","11.3","759","123","59.8","13.1","49.4","12.9","10.4","7.7","40.2","13.1","20.4","12.2","19.8","10.0","34.9","(X)","48.6","(X)","26.0","(X)","42134","9871","71688","28274","39846","5343","-","**","-","**","-","**","56107","39796","-","**","30000","40746","71188","25943","-","**","56625","13553","42241","8529","27829","9859","55256","19427","48295","28826","59375","33994","82644","48270","41538","27706","-","**","39986","5428","32500","19684","28992","15793","71202","47291","41402","16448","38688","7732","54524","35172","(X)","(X)","(X)","(X)","(X)","(X)"
"1400000US36047032800","Census Tract 328, Kings County, New York","1038","78","19.7","9.6","34.0","10.1","3.4","4.5","36.4","9.1","0.0","3.1","6.6","5.6","0.0","3.1","24.5","10.4","6.3","5.0","0.0","3.1","21.9","8.5","47.6","8.6","30.5","6.8","814","104","30.3","11.8","69.7","11.8","67.6","10.6","31.3","10.6","1.1","1.6","224","76","54.0","21.0","51.8","20.6","2.2","3.9","46.0","21.0","34.8","19.6","11.2","17.4","40.3","(X)","34.9","(X)","38.4","(X)","34563","7585","33906","25701","31806","8830","-","**","53056","60979","-","**","21818","41928","-","**","37589","20897","18750","13824","-","**","29107","13998","59600","33729","15662","8107","37589","8780","25807","5060","54438","44069","53125","39773","27214","14942","-","**","22685","21448","13125","18423","12344","16375","-","**","27031","73210","7396","41547","-","**","(X)","(X)","(X)","(X)","(X)","(X)"
"1400000US36047032900","Census Tract 329, Kings County, New York","2098","170","20.6","7.1","62.8","8.2","0.0","1.5","0.0","1.5","0.0","1.5","16.6","7.4","0.0","1.5","14.8","6.5","20.6","7.1","1.2","1.4","46.9","10.5","35.7","9.7","16.3","6.0","1410","208","49.5","12.3","50.5","12.3","54.6","13.8","35.7","11.9","9.6","8.0","688","182","81.5","14.1","70.1","16.3","11.5","12.6","18.5","14.1","7.6","9.5","10.9","11.7","47.3","(X)","56.9","(X)","27.6","(X)","43457","15671","53315","17539","51442","18042","-","**","-","**","-","**","31806","16403","-","**","26810","14893","53315","17539","-","**","54201","19543","37854","13846","27238","24374","51389","13906","54076","16725","43088","25622","59261","10193","35000","18783","61333","35871","25714","21282","19410","28236","16500","12038","-","**","30822","63868","-","**","-","**","(X)","(X)","(X)","(X)","(X)","(X)"
"1400000US36047033000","Census Tract 330, Kings County, New York","1625","100","40.2","7.4","45.0","6.1","0.0","2.0","5.2","3.4","0.0","2.0","9.7","4.6","0.0","2.0","19.4","6.2","32.9","6.6","3.3","2.9","21.8","7.0","47.0","8.6","27.9","6.8","1144","149","40.0","9.2","60.0","9.2","42.6","9.7","49.4","9.4","8.0","5.0","481","101","59.5","17.3","55.7","16.9","3.7","4.4","40.5","17.3","40.5","17.3","0.0","6.5","41.8","(X)","45.7","(X)","31.4","(X)","23266","3489","18934","8016","26932","5146","-","**","23370","9934","-","**","19464","43188","-","**","35357","20618","13990","3784","30750","48850","43393","21099","23627","3523","13639","5384","28188","4803","25217","14608","28949","8243","25446","6810","28520","15414","33043","12494","10975","3651","11500","3304","11050","2365","-","**","9475","7152","9475","7152","-","**","(X)","(X)","(X)","(X)","(X)","(X)"
"1400000US36047033100","Census Tract 331, Kings County, New York","1423","91","45.0","7.9","46.4","6.4","0.8","1.3","0.0","2.3","0.0","2.3","7.2","6.1","0.6","0.9","12.7","6.9","43.6","8.0","3.6","2.9","30.1","7.4","41.1","9.1","25.2","6.5","865","120","50.5","10.3","49.5","10.3","66.2","11.8","23.4","10.4","10.4","7.6","558","108","54.7","14.2","51.1","14.4","3.6","3.9","45.3","14.2","43.5","14.0","1.8","3.0","37.5","(X)","49.7","(X)","18.6","(X)","37949","5883","43850","16285","36944","7485","-","**","-","**","-","**","15227","13829","-","**","27375","36694","43850","18129","7708","6861","51823","50319","34515","8615","27100","9084","46528","11984","62969","51632","43654","6357","62540","26900","27317","15691","47609","30727","25625","12455","22639","18847","16681","17660","-","**","28405","15693","28836","15390","-","**","(X)","(X)","(X)","(X)","(X)","(X)"
"1400000US36047033300","Census Tract 333, Kings County, New York","1338","76","47.8","7.3","45.7","7.9","0.0","2.4","0.0","2.4","0.0","2.4","5.0","5.0","1.5","2.0","8.0","5.7","47.2","7.1","5.6","4.0","38.6","9.4","35.3","8.9","20.5","5.8","1051","97","61.6","8.4","38.4","8.4","72.6","6.9","15.8","5.2","11.6","7.3","287","92","32.8","19.3","26.5","17.9","6.3","6.9","67.2","19.3","55.7","18.8","11.5","14.5","38.4","(X)","38.0","(X)","40.1","(X)","44459","7307","45625","18509","44754","7831","-","**","-","**","-","**","12837","2362","-","**","13125","18770","47031","19466","13194","13684","40337","13424","53846","22730","30000","30977","50734","11334","50060","8634","60769","49356","52227","22567","39783","9091","52258","129055","24821","20211","14219","18432","14375","19549","-","**","33295","28338","17917","40811","-","**","(X)","(X)","(X)","(X)","(X)","(X)"
"1400000US36047033500","Census Tract 335, Kings County, New York","768","71","50.8","6.7","43.1","7.4","0.0","4.1","3.3","4.0","0.0","4.1","2.9","3.4","0.0","4.1","5.7","3.8","47.9","6.4","3.8","3.6","39.6","7.2","35.4","8.6","21.2","6.9","591","70","59.9","8.8","40.1","8.8","73.9","7.6","20.8","7.4","5.2","4.3","177","61","67.8","20.7","62.1","21.4","5.6","6.6","32.2","20.7","29.4","20.5","2.8","4.8","43.0","(X)","44.8","(X)","30.5","(X)","61103","11142","61053","31739","57574","24922","-","**","-","**","-","**","-","**","-","**","97500","107439","61579","35401","15938","19757","69250","26957","61974","33653","31625","35021","61767","29385","80227","46984","60724","14535","81761","31035","48625","30031","55250","131903","28063","16228","21250","15333","21042","16539","-","**","62750","95052","37000","138045","-","**","(X)","(X)","(X)","(X)","(X)","(X)"
"1400000US36047033600","Census Tract 336, Kings County, New York","1516","117","86.5","4.6","8.7","4.1","0.0","2.1","4.7","3.0","0.0","2.1","0.0","2.1","0.0","2.1","10.0","6.0","78.5","6.3","3.2","3.4","22.2","6.9","49.9","9.1","24.7","9.3","962","141","37.0","10.5","63.0","10.5","73.3","10.6","23.5","9.9","3.2","3.3","554","125","49.1","15.3","49.1","15.3","0.0","5.7","50.9","15.3","39.4","14.6","11.6","8.6","47.3","(X)","42.2","(X)","44.4","(X)","55862","8087","57368","10018","37333","34141","-","**","53750","54444","-","**","-","**","-","**","56458","95959","58558","10897","-","**","53239","14807","58702","15003","43884","4701","64634","11679","52955","9593","74000","20102","65810","6326","40900","73586","40156","96513","35563","11590","17241","16355","17241","16355","-","**","37007","12855","36514","10643","56500","43598","(X)","(X)","(X)","(X)","(X)","(X)"
"1400000US36047033700","Census Tract 337, Kings County, New York","1289","97","47.2","7.5","52.8","7.5","0.0","2.5","0.0","2.5","0.0","2.5","0.0","2.5","0.0","2.5","5.8","4.7","46.5","7.6","8.5","5.4","37.5","8.5","29.4","9.0","24.7","6.0","792","138","58.6","10.5","41.4","10.5","61.0","12.0","27.1","10.6","11.9","6.8","497","133","39.0","14.7","32.4","13.4","6.6","5.4","61.0","14.7","56.7","15.0","4.2","5.4","37.5","(X)","36.9","(X)","33.6","(X)","47888","12524","52426","9064","41763","8437","-","**","-","**","-","**","-","**","-","**","12227","56225","52694","8698","31813","25174","51106","10257","56576","22430","22143","17643","50972","12122","41583","16101","63261","18797","52875","13501","39306","13781","42333","30525","35609","7408","23906","15293","21806","9392","67656","46357","38750","21286","37031","19170","-","**","(X)","(X)","(X)","(X)","(X)","(X)"
"1400000US36047033900","Census Tract 339, Kings County, New York","1898","99","15.6","5.8","77.1","6.6","0.0","1.7","2.3","2.1","0.0","1.7","3.5","2.9","1.5","1.8","6.1","3.6","14.0","5.7","1.7","2.7","27.2","6.3","31.8","6.3","39.3","6.3","879","147","51.8","11.3","48.2","11.3","44.7","11.9","46.4","11.5","8.9","8.5","1019","151","65.2","8.9","60.1","9.5","5.1","5.2","34.8","8.9","32.2","8.8","2.6","2.0","52.0","(X)","56.3","(X)","45.7","(X)","35125","13117","73229","71147","32328","12225","-","**","9333","110224","-","**","12171","89399","-","**","45431","75295","74844","35491","-","**","51964","26601","55526","24475","12381","6050","62585","9460","43911","23993","74500","36949","101488","23083","42661","11780","94079","67478","14236","6283","15234","9453","12473","8690","83804","67420","13963","9582","13830","9165","-","**","(X)","(X)","(X)","(X)","(X)","(X)"
"1400000US36047034000","Census Tract 340, Kings County, New York","648","23","45.4","7.7","39.7","6.4","0.0","4.9","0.6","1.1","0.0","4.9","13.3","6.0","1.1","1.2","29.2","7.6","31.3","5.7","4.5","3.8","21.1","7.6","40.0","7.4","34.4","6.7","423","57","26.0","10.1","74.0","10.1","28.6","12.6","64.3","11.8","7.1","7.9","225","54","75.6","13.2","75.6","13.2","0.0","13.4","24.4","13.2","24.4","13.2","0.0","13.4","44.8","(X)","56.3","(X)","23.1","(X)","18750","5434","12500","2741","24241","7959","-","**","-","**","-","**","39722","32390","-","**","13438","14939","13578","3850","-","**","20938","30529","23973","6604","13674","3428","23980","5289","20658","28153","24901","5760","20104","12049","25000","8623","-","**","8927","556","8812","533","8812","533","-","**","9896","6417","9896","6417","-","**","(X)","(X)","(X)","(X)","(X)","(X)"
"1400000US36047034100","Census Tract 341, Kings County, New York","1057","79","10.7","4.7","80.1","6.3","0.0","3.0","0.0","3.0","0.0","3.0","5.3","4.6","3.9","3.1","11.1","5.0","7.6","4.7","0.0","3.0","31.3","8.0","45.7","10.0","23.0","8.0","506","103","37.9","11.7","62.1","11.7","58.3","14.0","29.4","12.9","12.3","8.9","551","101","35.8","13.4","34.1","13.1","1.6","2.5","64.2","13.4","60.1","13.3","4.2","4.8","40.5","(X)","50.4","(X)","31.4","(X)","40069","2865","76250","46426","38875","3006","-","**","-","**","-","**","29432","29944","48750","40937","48603","39894","75294","54001","-","**","53527","16684","38663","3670","28319","8603","50000","8985","54306","33134","40938","19511","52153","24608","38403","13339","85227","60598","38225","7262","40433","6396","40865","6789","-","**","32778","10186","31420","7810","-","**","(X)","(X)","(X)","(X)","(X)","(X)"
"1400000US36047034200","Census Tract 342, Kings County, New York","2570","156","49.0","6.2","38.4","5.9","0.5","0.8","3.4","2.4","0.7","1.0","7.5","4.9","0.5","0.8","19.0","6.6","37.5","5.8","1.2","1.9","15.6","5.7","38.3","5.4","44.8","5.0","1256","173","38.0","10.5","62.0","10.5","40.8","11.7","54.7","11.0","4.5","4.5","1314","194","71.6","10.2","70.7","10.2","0.9","1.5","28.4","10.2","26.9","10.4","1.4","2.3","39.4","(X)","51.8","(X)","27.6","(X)","13934","2698","13036","2694","17264","7128","-","**","12353","90567","-","**","12331","8059","-","**","15256","7040","12595","3024","-","**","30500","30249","19432","8535","10360","2132","26902","11482","34663","20172","24750","12429","19792","13546","35036","25179","50404","29375","9429","540","9104","498","9070","490","-","**","11629","9928","11205","7133","-","**","(X)","(X)","(X)","(X)","(X)","(X)"
"1400000US36047034300","Census Tract 343, Kings County, New York","2093","79","6.6","4.1","80.2","5.8","0.0","1.5","2.0","2.1","0.0","1.5","10.3","4.6","1.0","1.6","15.0","4.5","4.9","3.0","5.4","3.2","33.8","7.0","37.9","8.3","22.9","6.4","1206","150","57.0","8.0","43.0","8.0","31.8","11.4","60.8","11.2","7.4","5.1","887","157","63.0","10.9","56.4","10.0","6.7","5.9","37.0","10.9","33.6","11.5","3.4","3.9","50.5","(X)","48.9","(X)","52.8","(X)","25269","6441","33333","23345","24239","6826","-","**","42159","98041","-","**","15984","10158","-","**","16968","16480","36818","48488","33438","8991","36364","18430","20282","15050","16271","3062","35526","13825","26299","14695","55987","31092","92000","106099","21438","10667","54205","48692","15503","2937","15440","4060","13629","5354","32813","27051","15673","5793","14474","4501","-","**","(X)","(X)","(X)","(X)","(X)","(X)"
"1400000US36047034500","Census Tract 345, Kings County, New York","915","84","0.0","3.5","90.8","6.7","0.0","3.5","3.4","5.3","0.0","3.5","5.8","5.0","0.0","3.5","6.7","5.2","0.0","3.5","1.0","1.6","28.7","10.9","46.7","10.8","23.6","7.3","535","86","32.3","12.6","67.7","12.6","30.8","12.2","67.9","12.2","1.3","2.1","380","108","59.7","17.2","53.9","17.0","5.8","9.3","40.3","17.2","34.5","16.3","5.8","9.2","36.8","(X)","45.4","(X)","20.3","(X)","40194","7874","-","**","37089","7167","-","**","-","**","-","**","53875","70062","-","**","52875","71853","-","**","-","**","36587","15800","43487","27066","29079","15130","40129","20868","30729","23857","61563","20896","61023","21349","36250","16891","-","**","36471","10373","31488","7313","30179","11216","-","**","43914","15892","44638","32786","-","**","(X)","(X)","(X)","(X)","(X)","(X)"
"1400000US36047034700","Census Tract 347, Kings County, New York","1512","74","4.0","2.9","82.7","7.3","0.0","2.1","0.0","2.1","0.0","2.1","9.5","6.5","3.8","4.2","15.9","6.8","1.0","1.6","1.8","2.8","36.0","8.5","51.5","9.4","10.6","4.9","780","146","41.8","13.6","58.2","13.6","22.3","11.6","51.3","13.9","26.4","13.7","732","156","48.8","13.1","45.2","12.8","3.6","4.1","51.2","13.1","49.2","12.8","2.0","3.2","34.5","(X)","30.4","(X)","35.5","(X)","22358","8539","26417","21788","23864","10275","-","**","-","**","-","**","8594","17389","28232","23599","18500","30208","-","**","-","**","15694","9754","28535","8921","26528","14419","28944","9027","17875","19412","36250","17128","41786","63456","22299","9236","14706","50465","16287","9618","28822","11268","28678","10904","-","**","9981","8141","9692","7258","-","**","(X)","(X)","(X)","(X)","(X)","(X)"
"1400000US36047034800","Census Tract 348, Kings County, New York","725","77","68.1","12.2","10.2","9.9","1.9","2.9","7.4","5.7","0.0","4.4","11.6","7.5","0.7","1.0","41.1","7.9","48.1","9.3","6.3","7.5","49.1","12.3","35.2","11.3","9.4","6.2","578","106","47.6","13.2","52.4","13.2","61.1","12.5","28.4","12.8","10.6","7.9","147","65","29.3","20.3","29.3","20.3","0.0","19.7","70.7","20.3","64.6","21.5","6.1","8.8","36.1","(X)","43.3","(X)","8.2","(X)","34844","12802","27347","17064","50878","17957","-","**","41400","14861","-","**","28750","47098","-","**","22383","29113","43813","20780","50946","12485","21719","6757","52917","20224","26250","42790","33542","13114","20858","9320","63661","22747","53417","29862","12321","33448","33073","1861","8924","3521","9943","21898","9943","21898","-","**","7353","6299","6691","6696","-","**","(X)","(X)","(X)","(X)","(X)","(X)"
"1400000US36047034900","Census Tract 349, Kings County, New York","2015","108","4.4","3.5","85.9","4.4","0.9","1.4","3.1","2.6","0.0","1.6","5.7","3.0","0.0","1.6","7.5","3.4","4.4","3.5","0.5","0.8","37.6","8.0","47.3","7.4","14.6","4.2","1289","156","52.1","8.7","47.9","8.7","28.7","8.2","60.3","9.0","11.0","6.8","726","145","61.2","12.0","51.2","12.1","9.9","7.3","38.8","12.0","34.2","11.6","4.7","5.3","47.3","(X)","43.1","(X)","47.4","(X)","31139","4158","30057","25078","34020","5395","-","**","25667","2071","-","**","21932","15383","-","**","21818","9421","30057","25078","-","**","24821","10418","38054","4705","20577","4611","36103","8801","24216","17851","40900","12314","37000","23521","30139","15749","50268","26021","26800","8330","23370","7742","23269","9536","23500","12415","31136","6587","29239","10998","-","**","(X)","(X)","(X)","(X)","(X)","(X)"
"1400000US36047035000","Census Tract 350, Kings County, New York","1457","62","97.9","2.3","0.0","2.2","0.0","2.2","2.1","2.3","0.0","2.2","0.0","2.2","0.0","2.2","0.0","2.2","97.9","2.3","0.0","2.2","17.3","7.7","44.6","7.5","38.1","7.0","814","101","18.8","7.1","81.2","7.1","67.7","10.0","23.5","8.7","8.8","5.2","643","99","80.6","7.8","78.2","8.1","2.3","2.7","19.4","7.8","19.4","7.8","0.0","4.9","39.3","(X)","34.6","(X)","45.3","(X)","31701","6049","31086","5818","-","**","-","**","103438","26427","-","**","-","**","-","**","-","**","31086","5818","-","**","24141","17462","50929","8619","19076","9767","37500","15831","32014","34633","39539","17940","43542","22231","35729","24661","35789","14280","24852","9379","27708","8759","26125","8105","-","**","10625","23686","10625","23686","-","**","(X)","(X)","(X)","(X)","(X)","(X)"
"1400000US36047035100","Census Tract 351, Kings County, New York","1679","94","13.2","4.9","70.7","6.6","1.1","1.6","2.0","2.5","0.0","1.9","9.4","3.9","3.6","3.1","13.5","4.3","13.2","4.9","3.9","3.4","33.7","7.6","42.8","8.4","19.7","4.8","1082","139","52.2","11.9","47.8","11.9","48.5","9.1","45.8","9.7","5.6","5.0","597","145","56.6","14.9","52.8","14.3","3.9","6.5","43.4","14.9","36.2","14.5","7.2","6.2","46.7","(X)","51.8","(X)","37.4","(X)","25078","10138","12566","1521","36951","16858","-","**","-","**","-","**","17000","72216","-","**","17167","50954","12566","1521","55469","53592","38125","33768","24622","9727","17083","5002","36696","17245","26142","20447","49188","24151","45234","30107","35571","27431","27311","44927","16583","6503","13073","4250","12478","3138","-","**","30324","17365","30648","16246","14650","77311","(X)","(X)","(X)","(X)","(X)","(X)"
"1400000US36047035200","Census Tract 352, Kings County, New York","475","33","71.8","10.8","20.0","9.6","0.0","6.6","1.3","2.1","0.0","6.6","6.9","6.6","0.0","6.6","24.2","11.1","54.5","11.2","0.0","6.6","4.4","5.4","4.0","3.7","91.6","6.3","52","26","7.7","12.5","92.3","12.5","90.4","13.5","0.0","41.1","9.6","13.5","423","39","69.5","11.9","69.5","11.9","0.0","7.4","30.5","11.9","28.4","11.5","2.1","3.1","24.4","(X)","19.2","(X)","25.1","(X)","9959","2182","10037","2253","9899","12340","-","**","-","**","-","**","50074","86906","-","**","20795","11526","9592","537","-","**","-","**","52250","35498","9725","784","13851","496","-","**","13716","448","13682","464","-","**","-","**","9725","689","9415","534","9415","534","-","**","12426","22991","11765","14642","-","**","(X)","(X)","(X)","(X)","(X)","(X)"
"1400000US36047035300","Census Tract 353, Kings County, New York","1903","95","16.0","4.3","73.6","5.0","0.0","1.7","0.0","1.7","0.0","1.7","9.8","3.8","0.6","0.9","14.1","4.0","13.9","4.0","6.2","4.3","41.0","7.5","39.0","6.9","13.8","4.0","1145","133","55.5","8.3","44.5","8.3","42.4","10.2","46.4","10.8","11.3","6.4","758","126","56.7","11.8","46.4","12.6","10.3","7.3","43.3","11.8","35.1","10.8","8.2","6.7","48.7","(X)","51.6","(X)","43.7","(X)","38750","5124","48466","32649","37711","7265","-","**","-","**","-","**","33077","35793","-","**","31806","30449","70972","49651","62727","11886","45605","6172","33775","5528","24213","6009","45515","6164","46299","9700","43667","14047","57961","23465","35580","9231","60662","26271","27667","11178","26389","13190","17394","9116","74318","36947","30625","24863","26111","20379","94028","69408","(X)","(X)","(X)","(X)","(X)","(X)"
"1400000US36047035400","Census Tract 354, Kings County, New York","2673","81","98.6","1.4","1.4","1.4","0.0","1.2","0.0","1.2","0.0","1.2","0.0","1.2","0.0","1.2","1.0","1.6","97.6","2.1","1.3","1.6","12.0","4.2","38.7","6.2","48.0","6.2","1537","240","20.6","7.1","79.4","7.1","69.9","10.8","27.3","11.4","2.8","3.1","1136","230","65.3","10.4","63.4","11.1","1.9","3.2","34.7","10.4","28.8","10.2","5.9","6.1","28.2","(X)","21.7","(X)","37.1","(X)","47781","12874","44988","14051","78889","174893","-","**","-","**","-","**","-","**","-","**","-","**","48281","12856","-","**","81633","16817","69071","8791","19606","5952","68715","6145","74301","48894","66250","13670","68214","16433","68218","18974","-","**","19423","5278","18654","2681","18419","4027","-","**","30521","12476","19904","21776","36994","39586","(X)","(X)","(X)","(X)","(X)","(X)"
"1400000US36047035500","Census Tract 355, Kings County, New York","1958","85","13.1","4.6","76.8","6.1","0.0","1.6","0.0","1.6","0.0","1.6","10.2","5.2","0.0","1.6","13.0","5.2","11.9","4.3","7.6","4.1","34.3","7.5","39.5","8.0","18.5","5.2","1054","159","46.8","10.8","53.2","10.8","45.9","12.1","43.8","11.8","10.2","5.8","904","158","56.5","12.6","48.6","12.3","8.0","5.4","43.5","12.6","31.0","10.8","12.5","8.9","47.4","(X)","52.9","(X)","39.9","(X)","32917","12728","59531","10005","31607","8454","-","**","-","**","-","**","24406","36211","-","**","23514","11881","62569","8330","67417","46739","47569","27826","39309","15657","20791","10702","49514","12487","42054","31154","49688","8513","63088","12030","30848","9744","47500","16506","22830","4354","16250","12415","14736","6895","68393","32400","24344","34062","22625","15158","58984","45999","(X)","(X)","(X)","(X)","(X)","(X)"
"1400000US36047035601","Census Tract 356.01, Kings County, New York","1381","75","99.6","0.7","0.4","0.7","0.0","2.3","0.0","2.3","0.0","2.3","0.0","2.3","0.0","2.3","0.5","1.0","99.1","1.2","1.2","1.9","14.0","5.1","43.7","7.4","41.1","8.0","681","123","27.3","7.2","72.7","7.2","79.0","10.2","16.4","9.5","4.6","5.3","700","125","58.1","15.9","56.4","15.7","1.7","2.1","41.9","15.9","41.9","15.9","0.0","4.5","34.1","(X)","43.2","(X)","24.4","(X)","38229","13925","37604","14151","-","**","-","**","-","**","-","**","-","**","-","**","-","**","37174","14620","-","**","19652","112927","52241","9268","14944","10668","53272","20576","135804","108647","47604","15124","42176","35539","54044","29086","105625","73604","14211","3605","14946","9901","14732","9629","-","**","13393","14504","13393","14504","-","**","(X)","(X)","(X)","(X)","(X)","(X)"
"1400000US36047035602","Census Tract 356.02, Kings County, New York","2583","166","96.1","4.0","3.9","4.0","0.0","1.2","0.0","1.2","0.0","1.2","0.0","1.2","0.0","1.2","0.6","0.9","95.5","4.0","0.3","0.6","17.7","5.5","26.7","8.0","55.3","7.7","1308","197","18.2","7.1","81.8","7.1","80.3","7.6","18.2","7.1","1.5","1.9","1275","201","82.6","8.9","82.6","8.9","0.0","2.5","17.4","8.9","16.4","8.9","1.0","1.5","35.5","(X)","39.0","(X)","31.9","(X)","39953","4714","39734","4522","52898","66021","-","**","-","**","-","**","-","**","-","**","-","**","39969","4344","-","**","122906","28309","63641","16312","17500","4286","60333","17447","104000","25699","55395","15781","62000","30203","60000","24212","-","**","19209","5318","16708","5231","16708","5231","-","**","38235","68460","39191","90804","-","**","(X)","(X)","(X)","(X)","(X)","(X)"
"1400000US36047035700","Census Tract 357, Kings County, New York","949","39","1.3","1.8","84.6","7.2","1.7","3.0","0.4","0.7","0.0","3.4","12.0","6.5","0.0","3.4","17.0","7.1","0.0","3.4","11.5","6.8","42.1","8.8","32.7","8.6","13.7","5.5","554","80","68.2","10.6","31.8","10.6","17.5","8.5","77.1","9.0","5.4","5.6","395","76","63.0","13.7","56.7","14.2","6.3","7.3","37.0","13.7","37.0","13.7","0.0","7.9","39.1","(X)","35.6","(X)","39.0","(X)","14656","7862","-","**","19226","9272","-","**","-","**","-","**","8792","1028","-","**","8856","4453","-","**","8447","23499","25000","7744","20435","20591","8421","2460","19048","10613","13750","11371","26250","17550","47788","12663","9844","6401","55294","12292","10268","12230","12875","23797","13250","24491","-","**","8250","11362","8250","11362","-","**","(X)","(X)","(X)","(X)","(X)","(X)"
"1400000US36047035900","Census Tract 359, Kings County, New York","2078","132","0.7","1.2","95.9","3.1","0.0","1.5","0.9","1.2","0.0","1.5","2.3","2.8","0.3","1.1","7.7","4.3","0.0","1.5","4.2","4.0","41.9","8.5","41.7","8.5","12.2","4.7","1266","209","59.9","11.5","40.1","11.5","17.8","9.6","71.2","12.3","11.1","9.1","812","213","58.6","17.2","52.6","16.9","6.0","6.9","41.4","17.2","29.6","16.2","11.8","8.9","36.0","(X)","30.3","(X)","44.6","(X)","25667","10571","-","**","27250","10451","-","**","-","**","-","**","7098","3533","-","**","14792","9943","-","**","11174","4995","27222","12898","30746","13453","16563","20418","26207","10692","25431","11115","30511","18558","19778","33304","23310","10757","34318","16138","21364","21314","30703","16783","27109","18981","69554","112466","14712","31440","7083","39041","19537","107210","(X)","(X)","(X)","(X)","(X)","(X)"
"1400000US36047036001","Census Tract 360.01, Kings County, New York","1589","91","97.7","2.6","1.6","2.4","0.0","2.0","0.7","0.9","0.0","2.0","0.0","2.0","0.0","2.0","2.0","1.6","95.7","2.8","3.1","3.4","15.2","5.0","31.7","6.3","50.0","5.8","775","118","18.2","7.5","81.8","7.5","85.4","7.5","10.6","6.3","4.0","5.2","814","130","73.1","10.3","64.9","10.5","8.2","6.9","26.9","10.3","24.1","9.9","2.8","2.6","28.3","(X)","36.6","(X)","20.4","(X)","26216","4713","26455","4367","-","**","-","**","-","**","-","**","-","**","-","**","24722","79862","26490","4483","-","**","73750","22335","80625","24997","10508","3441","46938","23203","80230","21275","39444","22257","61159","25235","37188","19766","-","**","9880","3120","9656","775","9340","497","68950","96379","26250","19521","25000","24229","104250","67757","(X)","(X)","(X)","(X)","(X)","(X)"
"1400000US36047036002","Census Tract 360.02, Kings County, New York","1982","104","98.2","2.9","0.0","1.6","0.0","1.6","0.0","1.6","0.0","1.6","0.0","1.6","1.8","2.9","2.0","1.9","96.3","3.4","4.3","3.2","4.6","3.3","28.8","6.9","62.2","8.3","764","186","12.4","9.7","87.6","9.7","47.6","14.8","39.8","15.3","12.6","8.9","1218","179","72.6","9.1","67.1","9.9","5.5","5.2","27.4","9.1","26.7","8.9","0.7","1.3","18.3","(X)","15.1","(X)","20.4","(X)","14507","2413","14302","1853","-","**","-","**","-","**","-","**","-","**","-","**","81635","152066","14202","1771","151809","72903","35809","31279","27036","10838","10567","2635","25072","8153","20114","24601","25453","9145","14341","1560","26413","5416","151543","63817","9907","1008","9622","584","9431","428","22902","6049","11797","10640","11621","9586","-","**","(X)","(X)","(X)","(X)","(X)","(X)"
"1400000US36047036100","Census Tract 361, Kings County, New York","989","85","1.5","1.6","78.7","6.0","0.0","3.2","3.6","3.2","1.7","2.9","11.9","5.1","2.5","2.4","17.1","5.7","0.7","1.1","2.2","2.8","38.5","6.6","32.2","7.9","27.1","6.5","519","94","57.8","10.5","42.2","10.5","37.4","13.3","49.3","13.5","13.3","9.5","470","97","57.4","14.4","57.4","14.4","0.0","6.7","42.6","14.4","40.0","14.1","2.6","4.3","44.6","(X)","51.1","(X)","37.4","(X)","22650","9583","-","**","27083","13855","-","**","23125","21092","-","**","9662","22337","47917","165706","11645","12852","-","**","-","**","32321","15958","27083","31146","11769","1667","39294","13690","52500","21553","37983","20195","63462","9655","18182","15893","38324","7010","12283","2514","13712","6440","13712","6440","-","**","11090","2796","10705","2582","-","**","(X)","(X)","(X)","(X)","(X)","(X)"
"1400000US36047036200","Census Tract 362, Kings County, New York","1305","129","80.6","6.4","2.2","2.2","1.4","2.1","11.3","4.2","0.0","2.5","3.4","3.1","1.1","1.2","36.9","8.9","48.4","9.0","5.4","4.3","40.1","9.3","44.4","8.8","10.1","5.3","759","134","51.5","10.8","48.5","10.8","61.4","9.8","31.1","9.5","7.5","5.4","546","130","34.8","13.9","24.9","11.6","9.9","8.6","65.2","13.9","51.6","14.1","13.6","9.8","46.8","(X)","47.0","(X)","46.5","(X)","26922","11372","26006","6706","19107","21545","-","**","40536","41924","-","**","112609","195441","73125","57362","24286","5095","36964","20202","2,500-","***","26115","15983","26821","15146","39028","22794","32917","15033","26194","12183","41538","30793","48750","32124","23333","11439","83359","28851","21071","12426","22143","26133","20714","15043","38611","56585","20643","18061","20900","20430","2,500-","***","(X)","(X)","(X)","(X)","(X)","(X)"
"1400000US36047036300","Census Tract 363, Kings County, New York","1481","118","1.6","1.7","84.9","5.6","0.0","2.2","0.0","2.2","0.0","2.2","10.8","5.8","2.8","2.4","16.7","6.9","0.9","1.5","8.6","5.6","40.0","8.2","32.5","9.4","18.8","5.9","898","145","69.6","9.4","30.4","9.4","43.9","12.6","39.9","11.9","16.3","8.8","583","133","69.0","13.3","62.6","14.6","6.3","7.4","31.0","13.3","27.3","13.1","3.8","6.1","47.1","(X)","58.2","(X)","30.0","(X)","32958","10811","-","**","34792","10968","-","**","-","**","-","**","28278","24025","-","**","27894","20735","-","**","46510","38348","37952","7046","42935","16138","12155","2547","39737","10789","40360","11171","38355","32074","41413","8297","35192","22038","47632","85686","28413","16631","13889","5430","13819","5673","-","**","49148","19459","52668","38553","-","**","(X)","(X)","(X)","(X)","(X)","(X)"
"1400000US36047036400","Census Tract 364, Kings County, New York","861","92","73.8","8.8","3.7","3.5","0.0","3.7","20.2","7.5","0.0","3.7","2.3","3.4","0.0","3.7","17.2","8.4","60.3","8.9","5.8","5.7","17.5","9.0","49.8","12.0","26.8","7.7","500","114","46.8","13.7","53.2","13.7","83.6","7.8","14.0","7.4","2.4","2.3","361","82","69.3","13.5","56.5","15.6","12.7","12.0","30.7","13.5","30.7","13.5","0.0","8.6","29.2","(X)","34.0","(X)","22.4","(X)","35152","12003","26205","16136","31250","39875","-","**","39621","20170","-","**","-","**","-","**","15427","8076","36250","9626","2,500-","***","32813","44699","39088","6667","12188","7643","39392","10238","31591","25981","44500","26492","40625","17458","35962","8949","33750","20981","16484","16295","15455","22974","9400","8477","64750","55731","21563","17571","21563","17571","-","**","(X)","(X)","(X)","(X)","(X)","(X)"
"1400000US36047036501","Census Tract 365.01, Kings County, New York","1116","72","4.7","3.8","87.1","5.7","0.0","2.9","1.8","2.7","0.0","2.9","6.4","4.0","0.0","2.9","7.0","4.1","4.7","3.8","3.6","3.5","34.1","8.1","40.1","7.4","22.2","5.4","652","110","44.3","12.8","55.7","12.8","24.7","9.4","56.3","12.0","19.0","9.7","464","93","61.9","9.5","61.9","9.5","0.0","6.8","38.1","9.5","32.5","10.2","5.6","4.8","44.4","(X)","51.7","(X)","30.4","(X)","39420","3382","24954","7929","39333","8063","-","**","-","**","-","**","39776","12367","-","**","42500","10792","24954","7929","56071","123304","33667","11729","45109","9735","21818","10916","39638","10278","28616","9443","48785","11184","48603","19461","38388","5880","30313","64720","30714","19460","23693","17922","23693","17922","-","**","40202","19878","32279","22395","71111","81542","(X)","(X)","(X)","(X)","(X)","(X)"
"1400000US36047036502","Census Tract 365.02, Kings County, New York","406","58","7.1","6.7","74.1","12.2","0.0","7.7","0.0","7.7","0.0","7.7","13.5","10.1","5.2","5.5","24.6","11.0","3.7","4.6","1.2","2.2","48.5","13.0","37.2","11.5","13.1","9.0","249","76","53.8","18.7","46.2","18.7","51.8","20.8","42.2","19.2","6.0","7.9","157","54","28.7","20.2","28.7","20.2","0.0","18.6","71.3","20.2","71.3","20.2","0.0","18.6","41.4","(X)","51.4","(X)","25.5","(X)","50588","8489","101250","108127","49948","4703","-","**","-","**","-","**","50625","23745","-","**","65333","48550","-","**","-","**","46635","10195","52031","28857","118750","148890","52125","18778","46538","13314","67417","21732","76645","47461","26964","30681","-","**","42411","18135","50156","16690","50156","16690","-","**","39500","48525","39500","48525","-","**","(X)","(X)","(X)","(X)","(X)","(X)"
"1400000US36047036600","Census Tract 366, Kings County, New York","1243","107","68.7","7.4","3.8","2.7","0.0","2.6","19.9","5.8","0.0","2.6","4.6","3.7","3.1","3.1","17.4","6.7","57.7","7.0","1.7","2.2","44.1","7.3","31.6","7.0","22.6","5.3","860","110","43.1","10.3","56.9","10.3","70.9","9.9","12.3","6.6","16.7","8.5","383","91","67.6","13.5","63.4","14.5","4.2","6.0","32.4","13.5","30.5","13.3","1.8","3.0","45.8","(X)","48.1","(X)","40.5","(X)","39702","10191","36250","16588","34659","119612","-","**","41793","21750","-","**","57554","17243","-","**","47244","19062","34145","14204","-","**","51667","16721","43424","18588","18650","8387","45449","9019","46118","31115","44712","14363","46711","14360","34464","144058","41250","17840","18594","8868","12188","9413","9907","7481","-","**","39167","22545","39583","19145","-","**","(X)","(X)","(X)","(X)","(X)","(X)"
"1400000US36047036700","Census Tract 367, Kings County, New York","493","51","10.1","7.1","55.4","11.0","0.0","6.4","5.1","5.3","0.0","6.4","29.4","10.3","0.0","6.4","38.5","11.7","3.2","3.4","10.1","9.7","35.7","14.8","36.5","12.9","17.6","10.4","297","71","45.1","17.8","54.9","17.8","36.7","16.5","46.8","15.1","16.5","14.5","196","52","35.2","18.6","31.6","16.7","3.6","5.4","64.8","18.6","56.1","20.6","8.7","9.2","63.9","(X)","64.6","(X)","62.8","(X)","44327","11282","53750","41350","40347","6317","-","**","-","**","-","**","63828","42715","-","**","62222","20440","28571","75445","45417","11518","63750","28554","31667","20419","43365","50951","41133","24823","37941","9538","70208","35720","30568","35026","40450","6853","82303","54781","45878","7627","29107","49780","27857","49613","-","**","47375","23022","53000","20068","28393","101116","(X)","(X)","(X)","(X)","(X)","(X)"
"1400000US36047036900","Census Tract 369, Kings County, New York","1717","131","6.8","3.6","77.5","5.4","0.0","1.9","0.3","0.5","0.0","1.9","14.9","5.4","0.6","0.9","20.4","5.2","4.5","3.2","5.5","3.7","40.2","8.6","41.5","8.3","12.8","4.5","1148","143","62.2","8.9","37.8","8.9","28.0","9.4","55.8","10.7","16.1","8.2","569","137","45.7","14.9","45.7","14.9","0.0","5.5","54.3","14.9","54.3","14.9","0.0","5.5","45.5","(X)","47.0","(X)","39.0","(X)","28074","9939","38906","21110","29107","12053","-","**","-","**","-","**","13352","6957","-","**","25625","23357","48571","30331","23068","17629","25833","16890","38560","17926","14762","17072","32232","10399","19500","8713","54531","8512","71719","57821","29688","7790","21488","30317","13568","8914","14688","34198","14688","34198","-","**","12350","6310","12350","6310","-","**","(X)","(X)","(X)","(X)","(X)","(X)"
"1400000US36047037000","Census Tract 370, Kings County, New York","1569","98","75.5","5.6","0.0","2.0","0.0","2.0","22.9","5.5","0.0","2.0","0.0","2.0","1.6","2.0","5.3","4.0","70.2","6.6","1.3","2.0","30.1","6.4","46.1","6.8","22.5","5.8","1054","130","47.5","8.8","52.5","8.8","83.9","6.9","11.8","6.3","4.4","2.5","515","114","74.4","10.4","73.0","10.7","1.4","2.2","25.6","10.4","21.9","9.8","3.7","4.1","45.6","(X)","45.3","(X)","44.9","(X)","63159","8808","61599","11152","-","**","-","**","70298","24778","-","**","-","**","-","**","23221","3582","64470","14833","-","**","82440","38408","75625","13026","31838","20956","86618","19519","95069","29362","78472","18703","88676","16392","51458","72325","62500","52886","26973","7514","26973","6577","26836","6140","-","**","26250","25354","30536","29157","-","**","(X)","(X)","(X)","(X)","(X)","(X)"
"1400000US36047037100","Census Tract 371, Kings County, New York","1584","97","0.0","2.0","94.4","3.8","0.6","1.0","0.5","0.9","0.0","2.0","4.4","3.6","0.0","2.0","13.3","5.7","0.0","2.0","5.1","3.4","43.9","8.1","37.7","7.8","13.3","4.7","1242","137","42.5","10.0","57.5","10.0","42.2","9.4","44.2","9.7","13.6","7.4","342","116","52.0","16.9","46.5","16.3","5.6","6.3","48.0","16.9","39.5","16.7","8.5","7.3","47.2","(X)","51.2","(X)","21.9","(X)","49044","9865","-","**","47308","9321","-","**","-","**","-","**","62308","56424","-","**","60192","41465","-","**","44813","90375","42688","16331","61229","6740","47727","45362","55161","6818","52647","32127","60266","11140","71667","19144","29410","12672","62260","33631","25000","16255","28333","22654","24188","17361","-","**","22250","24265","21736","21321","70781","89949","(X)","(X)","(X)","(X)","(X)","(X)"
"1400000US36047037300","Census Tract 373, Kings County, New York","1477","97","7.7","4.4","77.3","5.2","0.0","2.2","0.0","2.2","0.0","2.2","13.4","5.4","1.6","2.0","22.6","5.2","0.4","0.7","5.8","5.3","41.7","8.4","25.5","8.2","26.9","6.4","1000","132","51.3","9.7","48.7","9.7","31.7","10.9","54.5","11.8","13.8","6.2","477","128","66.9","14.3","60.2","14.4","6.7","7.6","33.1","14.3","33.1","14.3","0.0","6.6","42.0","(X)","41.9","(X)","36.9","(X)","31769","6611","19524","19320","35694","8285","-","**","-","**","-","**","16058","23973","-","**","19048","20234","-","**","6528","97815","38261","9542","29913","11233","28056","12929","34750","17417","29226","13450","53417","24082","63301","6485","28384","9654","12188","4499","27875","10857","17401","12341","17072","14539","21389","28853","32059","40296","32059","40296","-","**","(X)","(X)","(X)","(X)","(X)","(X)"
"1400000US36047037401","Census Tract 374.01, Kings County, New York","1843","115","87.6","4.9","2.9","3.6","2.1","2.4","6.7","3.1","0.0","1.7","0.0","1.7","0.7","1.0","6.2","4.4","85.2","5.4","3.3","3.7","28.0","6.8","34.6","6.4","34.2","6.3","1100","152","29.4","8.2","70.6","8.2","80.7","8.5","13.7","7.6","5.5","4.7","743","154","56.1","13.3","53.4","13.2","2.7","3.2","43.9","13.3","42.8","13.6","1.1","1.7","26.3","(X)","29.2","(X)","18.7","(X)","55524","10349","48385","11076","-","**","-","**","63281","37415","-","**","-","**","-","**","67262","5685","44942","11682","-","**","67344","5056","80844","45704","33516","15026","66111","12764","83343","22017","60446","13353","66667","23228","32098","31533","69081","7207","36382","16053","43194","27518","39414","25907","-","**","30870","24598","30435","27816","-","**","(X)","(X)","(X)","(X)","(X)","(X)"
"1400000US36047037402","Census Tract 374.02, Kings County, New York","1950","138","93.0","3.0","1.2","1.5","0.0","1.7","3.6","2.2","0.0","1.7","1.4","2.2","0.7","1.0","1.4","2.2","93.0","3.0","0.0","1.7","20.6","6.5","23.2","7.4","56.2","9.4","1028","173","33.2","11.6","66.8","11.6","76.3","12.0","19.0","9.5","4.8","6.2","922","204","67.6","13.5","66.7","13.5","0.9","1.3","32.4","13.5","32.4","13.5","0.0","3.5","23.5","(X)","26.7","(X)","15.7","(X)","27297","5514","25507","6033","-","**","-","**","90500","67423","-","**","-","**","-","**","-","**","25507","6033","-","**","58511","15430","27929","16108","20200","10024","41848","21400","59250","20878","39046","17093","38882","17355","63083","9194","-","**","11545","4207","9939","2438","9901","2221","-","**","20313","12463","20313","12463","-","**","(X)","(X)","(X)","(X)","(X)","(X)"
"1400000US36047037500","Census Tract 375, Kings County, New York","1013","102","11.2","6.7","84.0","7.8","0.0","3.2","3.7","3.0","0.0","3.2","0.0","3.2","1.2","2.6","13.3","6.8","2.7","3.3","4.3","3.9","45.7","10.2","38.3","10.6","11.6","5.8","631","118","47.2","12.8","52.8","12.8","36.3","12.2","50.4","12.0","13.3","10.1","382","129","48.2","16.1","36.6","14.7","11.5","10.4","51.8","16.1","44.2","16.9","7.6","9.1","33.4","(X)","34.4","(X)","27.2","(X)","43488","7260","27366","14068","44083","5280","-","**","-","**","-","**","-","**","-","**","32019","16323","-","**","8750","9757","43720","5811","48265","10492","22763","15698","43635","7554","35089","6502","47526","7503","44943","68657","32857","17064","37813","52546","32500","18132","32955","33249","25938","32743","43472","46244","31944","19287","26563","15936","-","**","(X)","(X)","(X)","(X)","(X)","(X)"
"1400000US36047037700","Census Tract 377, Kings County, New York","1497","120","12.0","4.4","76.6","5.8","1.9","2.2","3.2","3.3","0.0","2.1","3.5","2.9","2.8","2.9","11.1","4.8","10.0","4.2","9.8","5.1","36.9","7.3","40.1","7.9","13.1","4.7","932","144","36.6","11.1","63.4","11.1","32.6","11.2","55.8","10.5","11.6","8.3","565","131","60.2","15.6","39.8","12.1","20.4","12.9","39.8","15.6","15.4","10.7","24.4","13.9","55.2","(X)","62.9","(X)","41.6","(X)","49283","7383","35563","30202","50395","6774","-","**","89375","75283","-","**","35625","62058","77717","129991","35833","20468","37422","65465","17656","5220","47853","14306","60515","19165","33906","62696","51705","10470","31760","17768","71339","23726","63750","35455","49783","19978","42262","21027","39028","15052","38500","25820","18906","32231","88789","55810","50250","30537","16458","20390","63571","43966","(X)","(X)","(X)","(X)","(X)","(X)"
"1400000US36047037900","Census Tract 379, Kings County, New York","1374","114","5.7","3.9","91.6","4.7","0.0","2.3","0.0","2.3","0.0","2.3","2.1","2.4","0.6","1.0","7.5","4.8","4.9","4.2","3.6","3.3","36.1","9.7","40.2","8.4","20.1","6.0","971","124","37.0","10.8","63.0","10.8","29.2","9.7","45.1","11.4","25.6","10.8","403","100","54.6","16.5","52.4","16.2","2.2","3.5","45.4","16.5","29.3","15.6","16.1","13.4","45.6","(X)","43.3","(X)","39.7","(X)","45482","6030","63981","12507","44653","5360","-","**","-","**","-","**","-","**","-","**","24583","31702","64118","48818","46607","22182","44091","12099","57122","12382","21087","4434","45701","12873","16298","13966","61071","11658","42045","29213","41750","22654","59620","24103","41528","19148","25000","14886","23750","14861","-","**","63603","26497","47344","77081","63750","34516","(X)","(X)","(X)","(X)","(X)","(X)"
"1400000US36047038100","Census Tract 381, Kings County, New York","1834","129","3.3","2.0","83.6","5.3","0.0","1.8","0.0","1.8","0.0","1.8","9.8","4.4","3.3","2.7","12.4","4.6","3.3","2.0","1.1","1.1","46.9","8.7","24.9","7.7","27.1","7.0","1166","153","47.6","11.4","52.4","11.4","10.8","5.4","72.7","10.3","16.5","8.8","668","136","49.7","13.8","44.8","13.8","4.9","4.1","50.3","13.8","31.9","13.4","18.4","10.9","49.6","(X)","53.3","(X)","43.0","(X)","23556","7773","21250","11179","23662","8888","-","**","-","**","-","**","28065","28690","16563","141720","14044","24045","21250","11179","22031","14484","28387","11222","37000","23649","18281","5433","29103","10964","16280","11014","39279","20495","56111","76020","19628","8031","46429","15894","19306","2924","11447","1710","11042","1979","26806","24661","23929","10514","20685","4727","74148","25732","(X)","(X)","(X)","(X)","(X)","(X)"
"1400000US36047038200","Census Tract 382, Kings County, New York","2090","87","31.0","7.8","35.1","6.6","0.6","1.1","20.5","5.7","0.0","1.5","11.9","6.3","0.9","1.4","30.3","6.4","15.3","5.1","0.7","1.1","31.0","6.2","45.0","7.8","23.3","6.8","1505","153","45.5","10.1","54.5","10.1","52.8","10.3","43.0","10.5","4.2","3.3","585","146","60.2","15.6","51.3","15.3","8.9","13.2","39.8","15.6","39.8","15.6","0.0","5.4","33.3","(X)","32.2","(X)","31.1","(X)","19279","4291","14413","7381","25204","16620","-","**","22250","12736","-","**","14476","10928","-","**","14927","11431","14005","8884","-","**","21159","7095","18750","3695","13400","9226","22489","8556","20941","8155","26415","4647","21405","4140","27802","12573","31467","48405","9445","1157","9176","739","8824","459","-","**","10568","4134","10568","4134","-","**","(X)","(X)","(X)","(X)","(X)","(X)"
"1400000US36047038300","Census Tract 383, Kings County, New York","1542","117","6.4","4.7","89.9","5.3","0.0","2.1","0.6","1.0","0.0","2.1","2.4","2.4","0.7","1.1","7.7","5.0","4.6","4.0","4.6","4.0","36.7","8.4","36.7","8.2","22.0","6.0","926","122","42.0","11.4","58.0","11.4","47.6","12.4","42.7","10.3","9.7","7.8","616","127","52.1","13.7","40.6","13.6","11.5","7.3","47.9","13.7","43.7","13.3","4.2","4.8","54.1","(X)","56.8","(X)","47.9","(X)","58457","15328","55714","85717","59601","18995","-","**","-","**","-","**","35481","29271","-","**","29167","42613","105302","105553","21641","24971","77500","48109","64000","15374","48795","40246","82974","17754","83583","40303","82762","20218","108661","23170","71699","28127","29643","88010","25608","4829","34886","28471","30395","21814","123083","97146","23278","5244","22665","7244","-","**","(X)","(X)","(X)","(X)","(X)","(X)"
"1400000US36047038500","Census Tract 385, Kings County, New York","1311","137","10.8","6.3","81.9","7.3","0.0","2.4","1.3","1.4","0.0","2.4","3.7","4.2","2.3","2.7","14.6","6.4","3.2","3.9","0.7","1.4","31.8","9.5","52.8","9.7","14.7","5.2","748","123","52.0","12.1","48.0","12.1","36.5","13.5","46.0","14.2","17.5","10.7","563","155","50.3","14.9","50.3","14.9","0.0","5.6","49.7","14.9","49.7","14.9","0.0","5.6","39.6","(X)","46.4","(X)","30.6","(X)","43702","11542","13352","4419","45357","9012","-","**","-","**","-","**","-","**","-","**","43304","49818","-","**","-","**","44714","9314","42841","32533","24779","8845","47679","22091","26518","17385","60469","16903","58266","16549","29844","28361","31528","81886","19144","10297","33813","24725","33813","24725","-","**","15735","8339","15735","8339","-","**","(X)","(X)","(X)","(X)","(X)","(X)"
"1400000US36047038600","Census Tract 386, Kings County, New York","1196","97","61.9","8.9","0.0","2.7","0.0","2.7","29.2","7.8","0.0","2.7","8.2","6.3","0.8","1.2","17.7","8.3","53.1","8.1","2.2","3.4","36.0","9.5","35.8","7.6","26.1","7.4","912","112","45.2","11.1","54.8","11.1","86.3","7.1","8.4","5.3","5.3","4.3","284","98","50.0","16.3","50.0","16.3","0.0","10.8","50.0","16.3","50.0","16.3","0.0","10.8","45.8","(X)","50.2","(X)","31.7","(X)","41736","5114","39615","10041","-","**","-","**","47375","20583","-","**","31667","49538","-","**","32333","15845","42714","19364","-","**","61116","28456","46579","11377","26094","5240","43487","3719","42556","10977","44839","5538","40781","6130","52639","15033","71111","49026","24355","6869","24063","11821","24063","11821","-","**","24457","48201","24457","48201","-","**","(X)","(X)","(X)","(X)","(X)","(X)"
"1400000US36047038700","Census Tract 387, Kings County, New York","1358","134","19.2","6.8","68.7","8.3","0.0","2.4","7.1","4.7","0.0","2.4","4.9","4.4","0.0","2.4","24.8","6.4","6.8","3.6","2.8","3.2","39.2","8.8","43.9","8.7","14.1","6.4","791","130","47.4","13.9","52.6","13.9","43.5","10.0","45.0","9.9","11.5","8.3","567","156","48.9","15.1","44.1","14.2","4.8","5.7","51.1","15.1","46.7","15.1","4.4","7.1","45.4","(X)","38.8","(X)","51.0","(X)","28000","5588","24427","4975","30284","10641","-","**","47969","50967","-","**","29598","54030","-","**","24890","7887","38403","17966","-","**","35059","13314","26625","7284","20750","19335","27433","8749","26344","7563","31250","10058","39063","42768","23646","5635","21726","7337","27017","7905","13063","13698","11477","7839","-","**","38889","16639","37153","13584","-","**","(X)","(X)","(X)","(X)","(X)","(X)"
"1400000US36047038800","Census Tract 388, Kings County, New York","1412","105","87.7","6.8","0.8","1.3","0.0","2.3","3.9","3.3","0.0","2.3","3.6","5.0","4.0","4.0","7.9","5.8","83.4","7.2","5.4","5.9","31.7","8.5","35.6","8.0","27.4","8.5","998","151","51.2","10.9","48.8","10.9","77.9","10.6","18.4","10.5","3.7","3.0","414","128","59.9","16.8","49.0","17.4","10.9","12.7","40.1","16.8","37.4","16.4","2.7","4.2","43.5","(X)","45.6","(X)","32.4","(X)","47905","4714","49167","5557","-","**","-","**","27188","91659","-","**","-","**","-","**","11167","7842","49583","6643","-","**","54417","12171","49953","24001","37582","20737","52857","7076","54107","6231","47854","12451","53448","4595","19423","62684","68472","74199","27313","22072","43514","25338","28958","36922","-","**","25250","8149","22321","8240","-","**","(X)","(X)","(X)","(X)","(X)","(X)"
"1400000US36047038900","Census Tract 389, Kings County, New York","1072","88","42.1","9.7","7.6","6.4","1.1","1.9","7.4","4.4","0.0","3.0","35.6","9.9","6.3","6.0","63.4","9.4","20.1","5.7","6.8","5.5","42.2","9.3","29.8","8.9","21.3","6.4","593","129","52.8","15.8","47.2","15.8","59.5","13.4","34.7","13.6","5.7","6.3","479","111","68.7","13.4","44.1","13.9","24.6","13.3","31.3","13.4","11.5","10.8","19.8","10.8","36.2","(X)","41.8","(X)","26.3","(X)","37200","13887","45547","27230","12702","12079","-","**","51125","52394","-","**","40063","24357","77841","193406","31842","14269","64750","8681","63583","42141","52885","17383","31250","14055","8775","4434","32303","32280","26971","37384","41522","26883","50184","45683","20667","24056","-","**","35650","17247","25966","35267","6833","1189","61719","34853","61786","24346","14792","193026","62583","11630","(X)","(X)","(X)","(X)","(X)","(X)"
"1400000US36047039000","Census Tract 390, Kings County, New York","799","76","90.4","6.8","0.0","4.0","1.3","1.9","8.4","6.6","0.0","4.0","0.0","4.0","0.0","4.0","1.0","1.6","89.4","7.0","0.6","0.9","33.7","8.8","36.4","8.8","29.3","7.7","572","82","42.0","10.9","58.0","10.9","79.0","8.4","18.4","8.4","2.6","2.1","227","68","52.9","18.6","48.5","18.0","4.4","5.3","47.1","18.6","47.1","18.6","0.0","13.3","39.0","(X)","46.5","(X)","20.3","(X)","41453","7357","43077","7206","-","**","-","**","20341","10652","-","**","-","**","-","**","-","**","42432","7153","-","**","42083","17574","47625","14936","34773","3460","43500","9168","53958","40314","40147","9374","42266","11365","45625","22042","71250","134541","34360","10020","33636","17780","33068","22650","-","**","35938","26275","35938","26275","-","**","(X)","(X)","(X)","(X)","(X)","(X)"
"1400000US36047039100","Census Tract 391, Kings County, New York","1002","60","42.5","8.3","5.6","3.9","1.1","1.8","4.8","3.1","0.0","3.2","40.9","8.4","5.1","4.8","65.4","5.6","23.3","5.5","3.8","2.8","52.1","8.5","28.7","8.1","15.4","5.9","566","112","56.7","14.7","43.3","14.7","55.3","13.9","41.7","13.8","3.0","4.8","436","103","39.0","15.5","31.2","14.7","7.8","6.5","61.0","15.5","45.9","14.5","15.1","12.2","33.9","(X)","46.6","(X)","11.5","(X)","44219","11115","49519","42980","10972","11005","-","**","93269","122322","-","**","43906","13809","59375","54007","42910","11086","76055","57380","38333","25529","62143","34469","41136","29680","17500","10190","44637","11055","44638","10465","44635","43911","61042","17386","32000","21637","-","**","36098","20684","17917","15255","11500","13792","91250","98923","75313","40817","38333","39182","100156","50052","(X)","(X)","(X)","(X)","(X)","(X)"
"1400000US36047039200","Census Tract 392, Kings County, New York","892","97","91.4","5.5","1.3","2.4","0.0","3.6","6.2","5.5","0.0","3.6","1.1","1.7","0.0","3.6","5.5","5.2","85.9","7.9","1.9","2.3","33.4","11.2","31.2","11.0","33.5","8.9","585","113","47.9","14.4","52.1","14.4","80.7","8.9","19.3","8.9","0.0","5.4","307","90","70.4","14.8","66.8","14.3","3.6","5.6","29.6","14.8","27.0","14.9","2.6","4.3","32.0","(X)","27.0","(X)","32.2","(X)","36607","12644","39896","15212","-","**","-","**","25694","51771","-","**","-","**","-","**","31856","48021","43013","16469","-","**","44194","21692","53864","16313","22708","7826","50813","15525","37024","23936","53854","14165","50769","16197","50893","56426","-","**","18850","5914","17647","7803","16750","6546","-","**","21250","8194","22361","20416","-","**","(X)","(X)","(X)","(X)","(X)","(X)"
"1400000US36047039300","Census Tract 393, Kings County, New York","1186","100","47.9","8.9","35.0","10.3","1.0","1.6","1.5","1.9","0.0","2.7","11.0","6.8","3.6","3.2","56.6","9.8","18.0","7.6","4.4","4.1","54.0","10.5","30.6","9.7","11.0","5.1","717","110","57.7","13.1","42.3","13.1","33.1","9.9","55.1","10.7","11.9","8.7","469","119","53.1","15.1","40.5","14.6","12.6","10.1","46.9","15.1","26.9","15.2","20.0","13.0","44.9","(X)","53.4","(X)","31.8","(X)","52143","11103","72976","38789","47788","30173","-","**","-","**","-","**","62727","91007","30781","18907","51845","13641","92813","77402","145694","106821","53603","13883","46422","37760","16711","69412","53750","5866","51307","5150","59531","24186","54632","21542","55231","30498","50602","18803","30324","16630","26360","17653","16304","14315","116172","43864","39762","45252","22167","12636","92813","134983","(X)","(X)","(X)","(X)","(X)","(X)"
"1400000US36047039400","Census Tract 394, Kings County, New York","781","63","88.1","5.8","0.0","4.1","1.3","2.0","1.2","1.4","0.0","4.1","4.5","4.2","5.0","3.7","7.9","5.4","84.6","6.8","3.6","3.6","31.2","6.7","38.5","7.7","26.6","5.7","545","78","47.3","12.0","52.7","12.0","87.9","6.6","10.1","5.9","2.0","3.2","236","67","54.2","15.4","47.5","16.1","6.8","7.5","45.8","15.4","40.7","15.0","5.1","8.6","40.7","(X)","45.0","(X)","30.9","(X)","47639","11972","48333","10638","-","**","-","**","-","**","-","**","34236","37530","61042","38483","61667","37113","45625","10488","33750","6914","53043","19238","60625","23843","38077","16570","53641","14225","64375","16212","49821","15676","52554","10572","119135","57215","-","**","28241","14502","19118","7137","18529","3413","-","**","40119","12848","38611","14927","-","**","(X)","(X)","(X)","(X)","(X)","(X)"
"1400000US36047039500","Census Tract 395, Kings County, New York","1189","98","48.2","9.8","37.9","8.8","0.0","2.7","8.3","4.5","0.0","2.7","2.9","2.9","2.6","2.8","53.6","6.3","8.9","5.2","1.4","1.9","43.1","7.9","34.1","6.5","21.3","5.3","605","107","49.1","12.9","50.9","12.9","46.1","14.3","49.8","14.0","4.1","4.9","584","112","55.3","16.4","43.8","15.5","11.5","7.9","44.7","16.4","36.0","13.5","8.7","8.9","37.5","(X)","51.2","(X)","23.3","(X)","25955","6586","24766","18296","32904","13997","-","**","13554","17396","-","**","27813","52981","28750","24252","25032","6633","49464","32493","-","**","44263","8995","19375","14297","15917","13456","30069","14174","25197","10282","45147","26173","47684","7842","18777","6480","-","**","14561","15207","13309","5816","11607","3214","48080","32372","32978","27097","14583","41115","50987","67514","(X)","(X)","(X)","(X)","(X)","(X)"
"1400000US36047039600","Census Tract 396, Kings County, New York","695","80","98.6","1.8","0.0","4.6","0.0","4.6","0.6","1.3","0.0","4.6","0.0","4.6","0.9","1.3","4.0","4.8","94.5","5.1","3.9","4.8","30.6","10.8","37.0","10.2","28.5","10.5","463","96","55.5","14.9","44.5","14.9","79.5","10.1","15.8","9.2","4.8","5.0","232","86","48.7","17.2","44.0","17.9","4.7","7.4","51.3","17.2","47.0","17.7","4.3","7.3","38.7","(X)","38.7","(X)","38.8","(X)","44509","13345","44955","14249","-","**","-","**","-","**","-","**","-","**","-","**","-","**","46875","17334","-","**","107656","103041","52847","20902","36667","9782","62841","37595","72159","65966","44911","43645","88214","53011","19609","31035","-","**","28661","4611","26250","2874","25857","5080","-","**","30625","8532","31875","9849","-","**","(X)","(X)","(X)","(X)","(X)","(X)"
"1400000US36047039700","Census Tract 397, Kings County, New York","1224","116","23.3","7.4","62.5","8.7","5.0","7.2","0.0","2.6","0.0","2.6","7.6","4.2","1.6","1.8","29.2","7.4","10.8","5.4","2.0","2.2","37.1","9.9","45.3","9.8","15.6","5.5","679","110","47.3","12.1","52.7","12.1","33.9","11.7","59.1","10.2","7.1","7.4","545","143","53.2","16.9","32.1","13.6","21.1","16.4","46.8","16.9","36.5","15.8","10.3","8.3","54.9","(X)","52.7","(X)","51.0","(X)","36389","14547","35179","21949","32135","24563","-","**","-","**","-","**","29688","39466","-","**","24750","24929","40125","30335","-","**","40250","38231","40850","14998","25956","27458","35139","23926","21780","8117","46579","13806","49038","19796","23603","20988","2,500-","***","40306","22742","45375","40630","25114","35146","85553","89934","40139","21713","40250","32463","34615","45049","(X)","(X)","(X)","(X)","(X)","(X)"
"1400000US36047039800","Census Tract 398, Kings County, New York","815","64","64.4","8.7","0.0","3.9","0.9","1.3","30.8","8.2","0.0","3.9","2.0","3.1","2.0","1.8","12.9","6.4","55.0","8.6","0.0","3.9","30.7","9.0","44.3","10.7","25.0","8.8","668","86","26.8","9.7","73.2","9.7","79.8","9.6","14.5","8.3","5.7","4.9","147","63","53.1","25.5","48.3","25.3","4.8","6.8","46.9","25.5","39.5","27.0","7.5","13.4","40.9","(X)","44.0","(X)","22.4","(X)","46125","15943","37420","6905","-","**","-","**","67396","46501","-","**","-","**","154000","71105","52292","23106","35372","5658","-","**","56964","15735","46875","30936","24659","6825","52500","10919","87361","33177","45625","14002","53021","14012","42292","21525","58750","3806","22188","10280","16905","12526","17232","14693","-","**","23466","29395","22841","38221","-","**","(X)","(X)","(X)","(X)","(X)","(X)"
"1400000US36047039900","Census Tract 399, Kings County, New York","1303","91","30.4","9.0","56.6","9.2","0.8","1.3","2.1","3.0","0.0","2.5","6.9","5.7","3.2","2.7","47.3","9.6","5.1","4.4","7.6","5.3","34.5","9.2","37.9","9.2","20.0","6.0","845","121","42.7","10.8","57.3","10.8","41.3","11.4","44.5","10.1","14.2","8.7","458","101","44.8","16.1","37.3","14.8","7.4","7.9","55.2","16.1","47.8","15.8","7.4","7.8","46.3","(X)","53.1","(X)","33.6","(X)","38175","15395","57083","33441","27743","10003","-","**","-","**","-","**","39919","80989","13750","88717","31818","20100","113636","71264","39153","38715","42976","19053","37639","20760","17171","13212","44583","13662","20994","18829","62778","17234","63009","16601","38712","33870","26944","55700","17237","11859","15888","3639","13906","5192","115476","110843","27050","17082","25350","23803","-","**","(X)","(X)","(X)","(X)","(X)","(X)"
"1400000US36047040000","Census Tract 400, Kings County, New York","1103","66","59.0","7.6","1.0","1.4","0.0","2.9","34.5","7.4","0.0","2.9","2.4","2.8","3.1","3.4","9.6","5.7","51.9","7.5","5.3","3.8","35.5","7.6","36.2","8.0","23.0","7.2","801","100","35.8","10.4","64.2","10.4","71.2","9.2","15.6","7.5","13.2","6.9","302","88","51.0","14.9","48.7","15.0","2.3","3.9","49.0","14.9","43.7","14.7","5.3","5.9","26.3","(X)","24.1","(X)","32.1","(X)","41290","5584","41156","9657","-","**","-","**","40870","14233","-","**","-","**","-","**","43519","19630","40375","12543","16250","30310","44259","7226","66181","23065","17206","11457","50231","16674","41250","11660","59500","24448","54250","21904","28594","12361","67870","49087","16974","12174","16061","8847","15795","5025","-","**","25000","15919","24643","15466","-","**","(X)","(X)","(X)","(X)","(X)","(X)"
"1400000US36047040100","Census Tract 401, Kings County, New York","1078","110","23.0","9.5","61.7","10.8","2.0","3.0","0.0","3.0","0.0","3.0","11.8","7.6","1.5","2.4","30.8","9.6","8.1","5.4","12.0","7.8","28.8","10.3","40.6","11.7","18.6","6.2","728","119","35.7","14.6","64.3","14.6","25.1","13.3","58.1","13.8","16.8","10.4","350","89","50.3","16.9","31.1","17.5","19.1","15.8","49.7","16.9","40.6","19.0","9.1","11.6","49.5","(X)","64.8","(X)","17.7","(X)","46375","14004","51167","44261","47313","9976","-","**","-","**","-","**","25341","15567","-","**","29571","25042","72961","38577","29250","3856","55393","15883","48594","23450","20859","22794","48594","17712","41667","38646","49844","21743","63542","37582","36442","19547","56615","7600","24464","48086","24732","51892","45125","52369","24125","68603","21875","54061","20208","46253","170682","174775","(X)","(X)","(X)","(X)","(X)","(X)"
"1400000US36047040200","Census Tract 402, Kings County, New York","898","75","61.4","7.7","0.0","3.6","0.9","1.3","35.5","7.6","0.0","3.6","2.2","3.6","0.0","3.6","14.1","8.0","50.3","8.8","3.0","2.7","39.1","8.6","37.5","7.7","20.4","7.1","669","90","29.9","8.2","70.1","8.2","64.4","9.7","18.5","8.1","17.0","8.2","229","79","34.1","18.1","28.4","15.1","5.7","9.5","65.9","18.1","65.9","18.1","0.0","13.2","39.9","(X)","44.2","(X)","27.1","(X)","42105","10549","42639","18312","-","**","-","**","43036","30597","-","**","-","**","-","**","27188","22585","48929","18556","-","**","42679","29460","70156","51995","42250","12030","50375","18520","31750","13372","65179","30196","61563","37585","51739","29045","36375","10258","18750","14738","17708","6310","19063","10805","-","**","19485","43361","19485","43361","-","**","(X)","(X)","(X)","(X)","(X)","(X)"
"1400000US36047040300","Census Tract 403, Kings County, New York","1198","105","13.9","5.7","71.5","7.1","0.0","2.7","1.1","1.4","0.0","2.7","12.5","6.2","1.0","1.6","25.9","7.1","3.7","3.4","8.8","6.2","43.4","9.7","27.6","7.9","20.2","7.2","863","117","53.8","10.8","46.2","10.8","22.7","8.6","69.3","9.4","8.0","7.2","335","91","56.7","18.2","45.7","19.3","11.0","11.1","43.3","18.2","43.3","18.2","0.0","9.2","48.5","(X)","59.3","(X)","20.6","(X)","28293","10956","43719","25360","21554","13459","-","**","-","**","-","**","21452","15488","-","**","28017","14105","41618","47746","10450","16334","28103","17709","36250","25537","30577","27198","35461","10504","13966","18271","44479","42759","68750","61198","30938","17216","11725","17378","13646","11306","20270","16824","9440","13936","34659","13897","12902","8228","12902","8228","-","**","(X)","(X)","(X)","(X)","(X)","(X)"
"1400000US36047040400","Census Tract 404, Kings County, New York","766","59","66.1","8.6","2.0","1.5","0.0","4.2","32.0","8.6","0.0","4.2","0.0","4.2","0.0","4.2","5.6","5.0","60.4","9.6","0.0","4.2","16.6","6.8","53.0","9.7","30.4","9.8","571","85","21.0","7.7","79.0","7.7","88.8","6.0","8.8","5.5","2.5","2.9","195","72","43.6","21.1","37.9","18.7","5.6","9.0","56.4","21.1","51.8","22.1","4.6","8.3","46.2","(X)","51.7","(X)","30.3","(X)","38138","9169","48167","26696","-","**","-","**","36435","6431","-","**","-","**","-","**","39779","18135","53438","42999","-","**","39954","33681","49833","31406","31023","7944","50795","22902","38971","15934","60750","30050","47583","20694","160556","174045","-","**","24375","7794","23438","21510","28036","14720","-","**","24583","8590","27708","11070","-","**","(X)","(X)","(X)","(X)","(X)","(X)"
"1400000US36047040500","Census Tract 405, Kings County, New York","482","63","15.1","8.5","64.7","11.7","0.0","6.5","6.4","5.7","0.0","6.5","12.0","8.1","1.7","2.7","32.4","9.7","3.1","3.6","8.5","3.8","36.5","13.4","44.0","13.3","11.0","4.6","373","84","47.7","14.9","52.3","14.9","48.8","15.4","29.2","13.7","22.0","16.5","109","58","46.8","31.2","46.8","31.2","0.0","25.3","53.2","31.2","30.3","32.1","22.9","19.5","45.4","(X)","53.1","(X)","19.3","(X)","50250","17576","43466","18352","52955","36990","-","**","2,500-","***","-","**","104107","34616","-","**","50250","33880","-","**","31042","56611","41071","20355","67813","28385","102981","47395","61250","21674","44886","41459","68477","14691","68359","25115","31875","19360","92772","21170","20980","14268","20777","2519","20777","2519","-","**","41071","67180","60625","46348","-","**","(X)","(X)","(X)","(X)","(X)","(X)"
"1400000US36047040600","Census Tract 406, Kings County, New York","1075","93","55.3","8.3","1.8","2.7","0.0","3.0","36.8","7.3","0.0","3.0","3.3","5.4","2.9","3.7","11.0","9.1","49.3","9.6","4.8","5.3","42.2","11.0","32.7","8.3","20.2","7.2","821","116","43.8","11.9","56.2","11.9","81.0","10.4","9.5","5.6","9.5","8.4","254","89","39.0","18.1","31.1","17.0","7.9","10.1","61.0","18.1","61.0","18.1","0.0","12.0","28.1","(X)","32.3","(X)","14.6","(X)","45750","7525","36622","13750","-","**","-","**","46308","5330","-","**","-","**","-","**","37105","61979","37365","19746","-","**","46083","13485","46750","11280","31458","18352","48922","5293","51319","7366","47404","4124","50313","5371","35789","24543","47167","46690","26563","14116","19531","28428","16771","14187","-","**","27031","12830","27031","12830","-","**","(X)","(X)","(X)","(X)","(X)","(X)"
"1400000US36047040700","Census Tract 407, Kings County, New York","0","12","-","**","-","**","-","**","-","**","-","**","-","**","-","**","-","**","-","**","-","**","-","**","-","**","-","**","0","12","-","**","-","**","-","**","-","**","-","**","0","12","-","**","-","**","-","**","-","**","-","**","-","**","-","(X)","-","(X)","-","(X)","-","**","-","**","-","**","-","**","-","**","-","**","-","**","-","**","-","**","-","**","-","**","-","**","-","**","-","**","-","**","-","**","-","**","-","**","-","**","-","**","-","**","-","**","-","**","-","**","-","**","-","**","-","**","(X)","(X)","(X)","(X)","(X)","(X)"
"1400000US36047040800","Census Tract 408, Kings County, New York","1058","82","55.3","8.2","2.7","4.3","0.0","3.0","39.9","7.9","0.0","3.0","0.0","3.0","2.1","2.6","3.0","2.9","52.3","8.3","0.0","3.0","43.5","10.0","32.6","9.0","23.9","7.5","759","107","39.4","10.9","60.6","10.9","88.5","8.0","7.5","5.6","4.0","5.4","299","87","39.5","17.9","36.8","17.7","2.7","4.2","60.5","17.9","53.2","19.5","7.4","8.7","22.9","(X)","26.1","(X)","14.7","(X)","45565","10416","41604","9325","-","**","-","**","46563","16960","-","**","-","**","-","**","41071","42059","41675","11063","-","**","46000","20707","69612","14612","33606","15843","61250","15650","54350","28048","63603","16395","61912","18639","53477","4114","-","**","15938","6769","15556","10166","13750","10056","-","**","16625","24400","14408","26136","-","**","(X)","(X)","(X)","(X)","(X)","(X)"
"1400000US36047040900","Census Tract 409, Kings County, New York","1247","93","33.0","8.0","28.5","8.3","0.0","2.6","2.4","2.8","0.0","2.6","32.8","8.8","3.3","3.0","65.7","7.0","10.8","4.0","7.5","4.4","34.8","8.6","44.8","9.7","12.8","5.5","975","116","40.6","10.9","59.4","10.9","30.9","10.2","51.0","10.6","18.2","8.2","272","99","40.4","21.9","24.6","18.8","15.8","11.4","59.6","21.9","30.1","20.5","29.4","20.9","41.0","(X)","39.4","(X)","41.5","(X)","32473","6472","35489","6781","40000","26081","-","**","-","**","-","**","24901","13310","19327","56643","31060","7326","45341","34314","21522","47360","35372","5776","29719","22685","22692","20154","29809","5049","24667","13319","34598","8237","63938","25251","17694","6409","33080","15946","38846","34128","14500","123153","4448","71747","110903","124132","39135","35675","43750","64105","39135","43543","(X)","(X)","(X)","(X)","(X)","(X)"
"1400000US36047041000","Census Tract 410, Kings County, New York","697","54","82.1","8.3","0.0","4.6","0.0","4.6","15.6","7.5","0.0","4.6","2.3","3.7","0.0","4.6","15.6","6.8","68.7","9.7","0.0","4.6","22.7","6.7","43.0","8.1","34.3","7.6","534","74","32.6","8.8","67.4","8.8","78.3","9.4","13.7","6.6","8.1","7.2","163","56","66.9","20.9","63.2","20.8","3.7","5.6","33.1","20.9","29.4","21.7","3.7","5.6","22.1","(X)","23.8","(X)","16.6","(X)","55063","17803","55500","19406","-","**","-","**","58625","39467","-","**","-","**","-","**","79950","88331","44435","11344","-","**","88611","72823","66389","11028","31987","3976","68879","19832","111250","63241","67500","25129","79300","13290","44570","3321","22443","51418","29479","8243","24044","8491","23603","7785","-","**","31250","9903","30962","5192","-","**","(X)","(X)","(X)","(X)","(X)","(X)"
"1400000US36047041100","Census Tract 411, Kings County, New York","1108","101","13.1","7.2","53.6","11.7","1.0","1.9","0.0","2.9","0.0","2.9","31.0","11.1","1.3","2.2","40.3","11.3","5.3","4.3","5.6","4.8","30.1","8.9","44.8","11.1","19.5","7.5","726","125","59.2","14.3","40.8","14.3","46.6","11.2","36.5","10.0","16.9","12.6","382","108","38.7","14.0","22.8","12.0","16.0","12.3","61.3","14.0","50.8","15.0","10.5","10.8","49.4","(X)","43.1","(X)","49.0","(X)","35195","17213","81523","39954","27237","15828","-","**","-","**","-","**","26288","3711","-","**","40588","31900","80820","29091","66111","62006","39000","16042","27400","41257","12025","1770","25563","10101","25317","7393","41029","60665","59615","36819","25370","3462","10029","1819","36223","15739","50192","35131","25417","44649","51635","54535","35345","42111","13889","25483","-","**","(X)","(X)","(X)","(X)","(X)","(X)"
"1400000US36047041200","Census Tract 412, Kings County, New York","1036","83","83.7","6.0","0.0","3.1","0.0","3.1","10.7","3.8","0.0","3.1","4.3","4.1","1.3","2.0","16.0","8.2","72.0","8.7","5.9","5.7","36.0","10.1","38.1","10.6","20.0","6.9","706","109","44.5","12.1","55.5","12.1","63.7","14.1","29.7","13.2","6.5","7.3","330","102","73.6","11.8","66.7","14.8","7.0","8.1","26.4","11.8","16.1","9.9","10.3","8.4","24.5","(X)","25.1","(X)","20.6","(X)","41833","8381","41396","10669","-","**","-","**","172583","219836","-","**","20139","24135","-","**","53603","15002","39756","6912","15580","14347","50382","14571","44196","36298","36250","22707","53167","14569","55776","29359","52667","14348","56466","7160","42679","28881","-","**","19922","21937","18011","11156","17208","10945","-","**","38472","31537","19875","75472","38611","113245","(X)","(X)","(X)","(X)","(X)","(X)"
"1400000US36047041300","Census Tract 413, Kings County, New York","1148","98","35.0","8.6","37.8","8.8","2.7","3.2","1.5","2.4","0.0","2.8","19.9","7.6","3.1","3.0","61.0","9.6","7.5","5.4","4.4","4.0","38.0","8.7","39.5","9.0","18.0","5.6","842","119","43.2","11.3","56.8","11.3","41.7","10.0","47.3","10.9","11.0","6.0","306","102","52.9","18.2","49.7","17.9","3.3","4.9","47.1","18.2","27.1","19.2","19.9","15.8","48.0","(X)","47.7","(X)","44.8","(X)","40132","8396","42778","18501","42500","17056","-","**","-","**","-","**","41382","11255","10682","83099","31974","9200","63083","37966","25662","71573","38750","8291","49894","23407","30550","10205","47153","9612","35833","17757","49309","5506","53958","25337","40588","18343","26321","11226","28636","7999","16912","16463","16176","21620","-","**","35167","16464","30156","25868","43618","56023","(X)","(X)","(X)","(X)","(X)","(X)"
"1400000US36047041401","Census Tract 414.01, Kings County, New York","504","46","96.0","4.0","0.0","6.2","0.0","6.2","1.8","1.9","0.0","6.2","2.2","3.5","0.0","6.2","5.2","4.8","93.1","5.1","0.0","6.2","39.1","8.5","33.7","11.9","27.2","10.0","381","58","10.0","7.9","90.0","7.9","82.7","12.7","12.9","11.9","4.5","5.2","123","47","56.1","24.1","43.9","22.5","12.2","14.8","43.9","24.1","43.9","24.1","0.0","22.9","30.4","(X)","35.4","(X)","14.6","(X)","54868","10406","55667","14636","-","**","-","**","-","**","-","**","-","**","-","**","52955","54940","56250","15099","-","**","65779","852","52632","14596","44940","12456","65492","8748","46750","276307","65576","6107","65716","2700","48036","83376","-","**","38516","32698","39219","31028","23333","33287","-","**","37813","85625","37813","85625","-","**","(X)","(X)","(X)","(X)","(X)","(X)"
"1400000US36047041402","Census Tract 414.02, Kings County, New York","659","47","98.0","2.8","0.0","4.8","0.0","4.8","2.0","2.8","0.0","4.8","0.0","4.8","0.0","4.8","0.0","4.8","98.0","2.8","1.7","2.4","27.8","10.2","24.3","8.7","46.3","10.9","387","71","45.0","15.3","55.0","15.3","97.9","3.0","1.3","2.6","0.8","1.4","272","68","76.8","15.7","71.3","17.5","5.5","7.1","23.2","15.7","21.0","15.7","2.2","3.3","38.8","(X)","42.6","(X)","33.5","(X)","39336","10894","39737","14189","-","**","-","**","-","**","-","**","-","**","-","**","-","**","39737","14189","-","**","68783","16488","53047","12876","23438","13168","69572","15066","67697","39458","101078","18947","69836","15151","-","**","-","**","18214","6578","15625","9249","13125","9117","-","**","19010","16479","18698","8615","-","**","(X)","(X)","(X)","(X)","(X)","(X)"
"1400000US36047041500","Census Tract 415, Kings County, New York","1318","74","47.3","8.5","40.5","8.9","1.4","2.2","2.6","2.9","0.0","2.4","5.7","3.5","2.6","2.9","59.5","7.3","4.2","2.9","4.6","3.7","42.2","8.7","41.5","8.4","11.7","4.9","1078","116","45.9","10.4","54.1","10.4","36.3","10.5","56.7","10.7","7.1","5.5","240","98","65.8","19.7","46.7","21.8","19.2","12.7","34.2","19.7","19.2","18.0","15.0","14.4","51.3","(X)","49.8","(X)","53.3","(X)","49345","13101","48828","18520","48846","14206","-","**","2,500-","***","-","**","37656","37673","-","**","39902","28197","48750","70018","11838","44293","58286","11098","53750","21992","20875","7535","53333","18295","37367","25191","64727","20313","59964","10664","38113","8920","71635","55409","23977","21463","22000","57306","18056","8659","85167","16891","24432","24464","-","**","48750","45482","(X)","(X)","(X)","(X)","(X)","(X)"
"1400000US36047041600","Census Tract 416, Kings County, New York","753","59","88.2","6.9","1.9","2.9","0.0","4.2","6.1","5.6","0.0","4.2","3.9","3.8","0.0","4.2","6.6","5.8","84.7","7.0","2.4","3.1","34.9","10.3","39.7","9.4","23.0","7.6","647","77","55.3","10.5","44.7","10.5","78.2","10.5","17.2","10.2","4.6","6.2","106","56","67.9","25.2","67.9","25.2","0.0","25.9","32.1","25.2","32.1","25.2","0.0","25.9","41.6","(X)","41.9","(X)","39.6","(X)","45846","6062","45968","9747","-","**","-","**","47604","8436","-","**","86250","119720","-","**","43750","49188","47016","10948","-","**","49769","10618","42431","13545","42569","28629","49213","10235","51250","23756","46845","14106","53718","13800","32926","15765","56364","3019","13594","10886","14375","19639","14375","19639","-","**","9432","29093","9432","29093","-","**","(X)","(X)","(X)","(X)","(X)","(X)"
"1400000US36047041700","Census Tract 417, Kings County, New York","1210","108","43.1","9.6","28.2","7.8","0.0","2.6","8.3","4.9","0.0","2.6","19.1","7.9","1.4","1.7","69.3","7.2","1.7","2.7","4.6","4.8","31.3","7.5","34.7","8.2","29.3","7.0","869","132","54.4","10.4","45.6","10.4","45.2","11.2","40.3","11.8","14.5","7.3","341","103","54.0","17.5","52.2","17.5","1.8","3.2","46.0","17.5","37.2","15.4","8.8","11.2","44.1","(X)","45.7","(X)","40.2","(X)","28038","13264","27621","23748","36875","20792","-","**","17188","30886","-","**","25820","35885","-","**","25742","17330","-","**","11053","29708","58450","19357","36633","11225","11732","1500","41434","11815","47721","14031","35714","24549","48456","9142","17097","20977","65278","55399","10625","2468","9627","1573","9515","1518","-","**","13750","9466","14485","10551","-","**","(X)","(X)","(X)","(X)","(X)","(X)"
"1400000US36047041800","Census Tract 418, Kings County, New York","691","80","97.3","2.9","0.0","4.6","0.4","0.8","2.3","2.8","0.0","4.6","0.0","4.6","0.0","4.6","4.6","3.8","93.1","4.4","3.0","3.5","20.8","8.9","29.8","9.5","46.3","10.9","377","91","38.2","14.2","61.8","14.2","72.7","13.9","22.3","13.0","5.0","6.6","314","76","61.1","15.8","58.6","15.9","2.5","3.9","38.9","15.8","35.0","16.1","3.8","6.3","35.6","(X)","46.2","(X)","22.9","(X)","33519","4890","33346","5388","-","**","-","**","-","**","-","**","-","**","-","**","55500","61530","33250","5181","-","**","60179","15213","56324","55188","21250","3923","56875","18369","60893","12722","40694","52560","61071","24431","38269","55574","-","**","22321","1929","21205","1766","21198","2265","-","**","24900","24206","24300","10089","-","**","(X)","(X)","(X)","(X)","(X)","(X)"
"1400000US36047041900","Census Tract 419, Kings County, New York","1211","102","43.2","9.0","31.6","7.9","3.3","3.7","0.7","1.3","0.0","2.6","19.6","7.8","1.7","2.0","65.9","7.1","7.8","4.8","3.1","3.8","49.1","9.0","35.0","6.9","12.8","5.0","880","123","57.7","10.1","42.3","10.1","44.7","10.1","48.5","10.3","6.8","5.8","331","103","40.5","15.4","37.8","15.0","2.7","4.6","59.5","15.4","39.3","18.3","20.2","14.7","41.2","(X)","44.2","(X)","33.2","(X)","36045","5519","36851","15374","33854","10362","-","**","-","**","-","**","19261","37764","-","**","35856","10500","57702","21860","-","**","39271","8002","32037","16829","20847","19478","35925","5291","21000","21653","37407","15686","53750","6234","19803","12973","36212","3847","37813","12319","10000","11649","9598","8121","-","**","43466","14821","39196","11386","57863","24722","(X)","(X)","(X)","(X)","(X)","(X)"
"1400000US36047042000","Census Tract 420, Kings County, New York","503","60","81.5","10.3","2.2","3.2","1.6","2.3","2.4","3.8","0.0","6.3","12.3","9.5","0.0","6.3","13.5","7.0","76.9","9.6","2.8","3.3","29.0","9.3","44.5","9.4","23.7","7.4","426","56","65.7","9.7","34.3","9.7","85.4","8.3","10.6","7.3","4.0","4.1","77","38","75.3","18.8","75.3","18.8","0.0","32.9","24.7","18.8","24.7","18.8","0.0","32.9","41.4","(X)","41.3","(X)","41.6","(X)","52546","11040","53889","6894","-","**","-","**","-","**","-","**","26667","9338","-","**","17197","12805","54954","10301","-","**","54167","26264","62031","26784","19306","28029","54630","9742","60781","21743","53393","5045","61094","12893","40375","34492","-","**","11250","7999","13000","10997","13000","10997","-","**","10750","35227","10750","35227","-","**","(X)","(X)","(X)","(X)","(X)","(X)"
"1400000US36047042100","Census Tract 421, Kings County, New York","1255","113","52.2","9.5","18.6","6.7","0.0","2.6","7.5","5.0","0.0","2.6","20.1","7.5","1.7","1.8","69.6","6.8","11.6","5.2","8.5","4.9","43.6","8.2","32.4","6.8","15.5","5.5","740","125","32.7","10.0","67.3","10.0","50.7","13.5","28.1","10.3","21.2","11.1","515","118","47.0","13.6","34.4","12.2","12.6","7.8","53.0","13.6","30.1","14.5","22.9","13.6","45.1","(X)","45.0","(X)","45.2","(X)","40444","12542","57639","28186","34315","13025","-","**","49038","43328","-","**","31125","19552","-","**","32684","15358","91324","28488","51838","29306","47596","46965","45833","24608","15509","9801","39318","15513","27619","8598","54483","18935","71679","19058","25682","6716","39233","10219","26976","22854","21905","13642","15417","10590","63661","55682","43795","29714","16678","11933","79286","55203","(X)","(X)","(X)","(X)","(X)","(X)"
"1400000US36047042200","Census Tract 422, Kings County, New York","1075","102","77.7","9.6","3.6","3.0","0.0","3.0","13.0","8.2","0.0","3.0","5.7","5.5","0.0","3.0","9.2","6.0","74.1","9.6","2.4","2.3","36.9","9.1","37.2","9.2","23.4","8.2","771","114","39.9","11.8","60.1","11.8","87.0","8.8","6.7","5.5","6.2","5.9","304","103","59.2","21.2","50.3","18.3","8.9","14.3","40.8","21.2","19.7","13.9","21.1","19.6","42.2","(X)","42.4","(X)","41.8","(X)","59145","7883","61442","7411","57917","93285","-","**","44297","68668","-","**","43992","23018","-","**","48854","13645","62684","7627","-","**","63194","13023","62500","38246","42000","30824","75060","19623","66111","51760","76250","17181","72216","25383","60833","28406","77024","23768","31563","22312","30208","11129","26302","6601","-","**","43548","25970","14891","24083","55096","22172","(X)","(X)","(X)","(X)","(X)","(X)"
"1400000US36047042300","Census Tract 423, Kings County, New York","1206","97","68.7","9.5","11.6","6.5","1.6","2.4","1.8","3.0","0.0","2.7","16.3","7.8","0.0","2.7","74.8","7.2","20.9","6.7","3.4","2.6","49.0","9.2","33.4","8.2","14.2","6.0","834","124","56.8","10.7","43.2","10.7","54.6","12.4","35.6","11.3","9.8","7.5","372","97","42.2","14.6","24.2","15.8","18.0","11.4","57.8","14.6","12.9","9.2","44.9","14.0","52.2","(X)","57.1","(X)","41.1","(X)","39038","8655","49567","17762","53929","56665","-","**","-","**","-","**","21875","17009","-","**","37500","9161","64643","36714","50972","62233","46250","17334","47250","33029","17525","8684","36125","9412","28846","9856","46705","18757","34205","14108","31719","37425","36500","15520","65357","36644","26477","23917","17167","5836","88750","82878","76838","23451","9722","22842","87216","52763","(X)","(X)","(X)","(X)","(X)","(X)"
"1400000US36047042400","Census Tract 424, Kings County, New York","1251","85","67.3","7.9","3.3","3.3","0.9","1.6","23.3","7.1","0.0","2.6","4.4","3.4","0.9","1.4","8.2","5.2","64.4","8.7","1.6","1.8","42.4","7.9","30.4","7.2","25.6","7.4","847","129","30.3","8.5","69.7","8.5","71.3","9.2","11.2","6.3","17.5","8.4","404","109","30.4","14.8","30.4","14.8","0.0","7.7","69.6","14.8","61.9","15.7","7.7","8.7","40.8","(X)","47.0","(X)","28.0","(X)","41271","7781","37214","8145","87212","70055","-","**","44563","27407","-","**","48672","48448","-","**","41923","13312","36571","7897","-","**","43523","16989","53724","7009","28000","3729","48549","8608","48958","65005","48500","9571","49537","20026","36836","17574","48707","9590","29038","4442","13750","17071","13750","17071","-","**","32240","7165","33864","10545","-","**","(X)","(X)","(X)","(X)","(X)","(X)"
"1400000US36047042500","Census Tract 425, Kings County, New York","999","79","43.0","9.5","11.4","5.4","0.0","3.2","3.9","3.3","0.0","3.2","39.1","9.1","2.5","4.1","67.5","7.2","25.3","7.7","6.4","5.2","59.7","6.9","30.2","6.6","3.7","3.9","534","109","53.7","12.1","46.3","12.1","39.0","12.0","36.0","14.7","25.1","12.3","465","104","38.7","14.4","27.1","13.8","11.6","7.7","61.3","14.4","20.6","12.1","40.6","15.8","30.1","(X)","28.8","(X)","29.5","(X)","38531","9927","50096","22589","37917","35140","-","**","18523","79031","-","**","39297","14815","-","**","31979","8927","56528","19241","25700","30226","46932","11874","30667","8825","-","**","32326","9075","27188","9732","44150","12991","31932","29532","40714","6467","30357","9109","41528","25204","21250","9516","18529","8033","68929","44943","51683","13446","33382","30452","60893","24538","(X)","(X)","(X)","(X)","(X)","(X)"
"1400000US36047042600","Census Tract 426, Kings County, New York","1450","90","55.6","7.8","2.3","2.1","0.0","2.2","37.2","6.5","0.0","2.2","3.0","4.2","1.8","2.1","9.1","5.7","50.3","7.0","1.4","2.4","23.7","6.7","47.4","8.1","27.4","7.5","1107","127","39.8","9.8","60.2","9.8","79.5","8.5","15.2","7.0","5.3","4.1","343","115","76.7","15.3","73.5","15.7","3.2","5.1","23.3","15.3","17.8","14.2","5.5","9.0","31.8","(X)","30.4","(X)","27.1","(X)","45000","8822","44313","12226","193833","89163","-","**","46324","11745","-","**","-","**","-","**","22708","49126","44656","11760","-","**","52375","26417","50172","12967","16875","4581","50801","7820","46563","10220","53182","16177","46250","8585","63750","31069","132969","49919","14023","7567","13125","9777","12222","8567","-","**","14432","97690","13352","52389","-","**","(X)","(X)","(X)","(X)","(X)","(X)"
"1400000US36047042700","Census Tract 427, Kings County, New York","1686","84","47.9","7.9","9.5","4.7","0.0","1.9","2.8","2.4","0.0","1.9","38.0","6.6","1.8","1.6","71.4","5.5","19.2","5.0","10.6","4.8","57.9","8.7","25.8","7.1","5.7","3.4","1083","144","60.7","8.4","39.3","8.4","36.2","10.7","37.5","9.5","26.3","9.0","603","127","48.8","14.5","19.1","11.6","29.7","12.0","51.2","14.5","27.5","13.7","23.7","12.3","36.7","(X)","38.5","(X)","25.2","(X)","42935","13754","47188","18351","21974","51157","-","**","43472","72824","-","**","33016","12897","71125","36646","34701","6876","70956","29174","44583","34845","45980","10829","35938","22317","26771","37098","30246","6942","17336","8777","45122","17318","35882","28337","18214","8290","45060","26161","47433","12485","58100","16128","45787","39020","70324","13224","34191","33142","9904","29106","89115","11047","(X)","(X)","(X)","(X)","(X)","(X)"
"1400000US36047042800","Census Tract 428, Kings County, New York","1446","77","72.3","5.7","0.0","2.2","0.0","2.2","24.4","5.4","0.0","2.2","3.3","3.0","0.0","2.2","5.9","3.8","70.1","6.3","1.8","2.1","33.6","7.1","36.5","6.1","28.1","6.4","1055","119","39.1","8.5","60.9","8.5","80.9","6.4","15.0","5.7","4.2","3.2","391","107","60.6","13.3","53.7","15.2","6.9","8.2","39.4","13.3","35.3","13.7","4.1","6.9","27.0","(X)","27.1","(X)","26.6","(X)","42315","15877","38393","10461","-","**","-","**","56016","24193","-","**","54438","2341","-","**","53875","3722","37206","7182","-","**","54423","13246","64167","22065","22308","8178","54617","5718","54808","15988","54549","20073","54872","5432","36703","9084","91250","73553","20875","6726","22375","10711","21250","6516","-","**","14773","28897","18438","58558","-","**","(X)","(X)","(X)","(X)","(X)","(X)"
"1400000US36047042900","Census Tract 429, Kings County, New York","1843","106","45.1","8.3","11.2","4.6","0.4","0.7","2.6","2.0","0.0","1.7","37.8","8.2","2.9","2.3","76.4","5.8","15.4","5.3","5.0","3.4","53.8","7.1","34.2","7.4","7.1","3.6","1379","147","49.5","9.4","50.5","9.4","41.5","8.7","42.9","8.5","15.6","6.7","464","121","38.8","12.7","23.9","12.3","14.9","9.2","61.2","12.7","36.6","15.1","24.6","12.6","40.2","(X)","39.4","(X)","32.1","(X)","43383","5912","46567","5827","44000","20530","-","**","45982","56328","-","**","27100","18137","49239","50347","38417","10111","65625","15874","68988","5616","43991","4258","45231","10821","13707","10003","30759","9040","24375","6057","42586","13091","36711","13792","23386","3956","46875","18745","45968","9025","26316","15275","9966","39222","35341","39645","49545","17683","46957","20294","86136","22721","(X)","(X)","(X)","(X)","(X)","(X)"
"1400000US36047043000","Census Tract 430, Kings County, New York","1201","83","68.2","7.4","0.0","2.7","0.0","2.7","28.2","6.7","0.0","2.7","3.6","3.6","0.0","2.7","8.3","4.5","64.0","7.0","3.4","3.7","36.5","9.3","31.1","9.4","29.1","6.6","813","105","20.0","10.6","80.0","10.6","75.9","10.2","14.8","8.3","9.3","7.4","388","96","55.7","16.4","53.9","16.1","1.8","2.7","44.3","16.4","39.4","16.0","4.9","7.6","46.8","(X)","57.6","(X)","24.2","(X)","41625","9826","41719","13257","-","**","-","**","39469","33719","-","**","62760","38092","-","**","57237","12336","37361","12841","64010","63817","61098","15374","54821","43060","16920","3356","46681","24153","41927","16702","55357","35271","45560","17766","42895","25867","96042","140083","21250","9248","17054","7046","16741","6938","-","**","57500","50043","29375","57607","-","**","(X)","(X)","(X)","(X)","(X)","(X)"
"1400000US36047043100","Census Tract 431, Kings County, New York","1766","93","35.9","8.0","12.2","5.7","0.0","1.8","9.9","4.8","0.0","1.8","40.5","7.9","1.5","1.3","71.5","6.6","15.2","5.5","8.7","4.9","49.5","7.3","32.9","6.8","8.9","4.4","1211","157","45.8","8.4","54.2","8.4","44.1","9.5","33.8","8.2","22.1","9.2","555","150","40.4","14.7","26.8","12.5","13.5","10.1","59.6","14.7","30.6","14.5","29.0","12.1","45.7","(X)","43.6","(X)","42.0","(X)","27361","9030","23068","5433","40966","11744","-","**","34213","48808","-","**","26806","8758","31071","57441","25525","5833","36181","19710","61528","44451","31250","12400","27235","8495","10081","2243","26979","11257","20361","9186","32774","5336","34545","15843","15544","5335","35000","25074","27760","9488","31538","35815","9682","5984","69345","70614","27245","6810","26742","4428","36250","79931","(X)","(X)","(X)","(X)","(X)","(X)"
"1400000US36047043200","Census Tract 432, Kings County, New York","1502","94","68.5","5.3","1.3","2.0","1.1","1.7","26.2","4.4","0.0","2.1","1.5","1.7","1.5","2.0","19.0","5.8","53.6","6.5","4.9","3.4","35.6","7.3","35.0","6.9","24.4","4.5","1167","109","42.8","7.8","57.2","7.8","70.4","7.0","19.1","6.6","10.5","5.2","335","109","38.8","16.6","36.4","16.1","2.4","3.7","61.2","16.6","45.7","17.7","15.5","12.3","38.7","(X)","45.3","(X)","15.8","(X)","41500","9755","49145","7996","-","**","-","**","36381","2288","-","**","-","**","-","**","27885","18890","50865","9015","24079","26857","49861","8914","47632","22077","18938","14875","45168","5712","37151","12969","47460","5661","44063","10426","38854","22666","56087","11963","17358","8044","11719","7871","11094","6303","-","**","26641","36563","25375","46579","35938","150550","(X)","(X)","(X)","(X)","(X)","(X)"
"1400000US36047043300","Census Tract 433, Kings County, New York","1414","69","50.6","9.5","20.7","8.1","0.0","2.3","3.0","2.5","0.0","2.3","22.3","8.8","3.5","2.5","81.0","5.8","8.5","4.1","1.8","1.9","52.3","7.6","30.0","7.7","15.9","4.3","1046","124","64.1","8.5","35.9","8.5","51.2","12.0","36.3","11.4","12.4","7.5","368","105","54.9","14.5","54.9","14.5","0.0","8.4","45.1","14.5","27.7","14.5","17.4","10.0","41.1","(X)","43.1","(X)","30.4","(X)","31510","9084","44176","13588","48158","25817","-","**","21944","27264","-","**","14847","3274","13875","9806","29295","9027","59896","70909","-","**","44773","10812","22963","22553","9721","10498","40652","13214","42604","19652","34643","19352","44792","21269","27788","18909","32315","20506","9882","15426","9579","7655","9579","7655","-","**","42625","63170","8281","3136","59896","71988","(X)","(X)","(X)","(X)","(X)","(X)"
"1400000US36047043400","Census Tract 434, Kings County, New York","1272","82","67.9","7.0","4.3","3.7","0.0","2.5","24.2","5.3","0.0","2.5","0.8","1.3","2.8","3.2","7.1","4.5","61.6","7.1","1.4","2.0","32.0","8.2","48.4","8.3","18.2","3.9","859","95","44.7","9.7","55.3","9.7","70.4","10.0","14.3","7.5","15.3","8.0","413","93","41.9","14.5","41.9","14.5","0.0","7.6","58.1","14.5","35.8","14.5","22.3","14.0","36.3","(X)","37.4","(X)","34.1","(X)","42292","10770","46652","9450","16513","93243","-","**","35625","25406","-","**","-","**","-","**","52917","16357","45313","12193","-","**","49323","26335","60417","25508","14962","8719","48073","18358","49271","32895","46394","23859","61016","34427","31776","14309","55724","23087","23412","11481","33036","31896","33036","31896","-","**","21429","12198","15750","8778","40595","46148","(X)","(X)","(X)","(X)","(X)","(X)"
"1400000US36047043500","Census Tract 435, Kings County, New York","1478","84","42.3","9.5","30.9","7.3","0.0","2.2","0.5","1.0","0.0","2.2","21.7","8.1","4.5","3.2","79.0","5.9","3.4","3.4","1.2","2.0","43.2","8.7","47.8","8.7","7.7","4.6","1158","128","61.7","10.3","38.3","10.3","37.6","10.4","50.8","10.4","11.7","6.8","320","112","67.2","18.4","51.3","17.3","15.9","15.2","32.8","18.4","16.6","14.5","16.3","14.0","52.1","(X)","54.1","(X)","31.6","(X)","37713","8123","41964","22835","30341","14934","-","**","-","**","-","**","29471","7632","73661","34292","34956","10929","88750","62056","-","**","41250","9909","29959","15406","42500","28312","39167","8382","33348","16175","40781","11734","71932","34846","24265","10435","36202","12644","28186","6675","27615","30444","12800","14716","-","**","29856","45192","22366","44460","49792","16311","(X)","(X)","(X)","(X)","(X)","(X)"
"1400000US36047043600","Census Tract 436, Kings County, New York","1637","44","80.6","4.8","0.0","2.0","0.0","2.0","15.9","4.6","0.0","2.0","1.0","1.1","2.5","2.0","6.6","3.4","75.9","5.0","0.4","0.7","36.7","7.1","33.8","7.7","29.0","6.0","1205","135","42.5","8.9","57.5","8.9","74.8","7.3","20.3","6.4","4.9","4.0","432","129","59.3","16.1","49.8","17.2","9.5","8.9","40.7","16.1","31.5","14.7","9.3","10.8","49.0","(X)","50.8","(X)","38.7","(X)","40087","9277","38417","13347","-","**","-","**","41200","26392","-","**","-","**","83194","89745","50714","52239","39500","11971","-","**","48514","10944","59063","37425","14130","5532","42191","16798","41312","6644","60327","27657","49899","26752","27450","25094","28795","19252","17800","6787","14122","21871","12802","11799","79236","36756","18450","4214","17250","10004","-","**","(X)","(X)","(X)","(X)","(X)","(X)"
"1400000US36047043700","Census Tract 437, Kings County, New York","1664","105","37.6","6.2","29.5","7.0","0.6","0.9","1.7","1.6","0.0","1.9","28.4","7.4","2.1","1.7","61.3","6.0","13.9","4.0","6.3","3.9","44.3","7.0","35.8","7.3","13.6","5.0","1197","110","48.1","9.2","51.9","9.2","32.2","8.2","53.0","9.5","14.7","7.4","467","112","52.9","15.8","17.6","11.7","35.3","13.0","47.1","15.8","18.8","9.7","28.3","13.0","63.3","(X)","60.8","(X)","64.5","(X)","43141","4735","52653","19264","31948","15228","-","**","39219","54001","-","**","44757","16616","46250","23799","42500","5329","62935","21750","45556","30356","48355","11397","38444","20392","31544","6960","36979","9058","22895","11826","39255","12639","38700","21601","36979","12435","29167","41063","44659","10683","44432","8579","40972","19892","47361","17473","45313","56597","17206","62492","68958","55056","(X)","(X)","(X)","(X)","(X)","(X)"
"1400000US36047043800","Census Tract 438, Kings County, New York","901","58","85.8","6.1","0.6","0.9","0.0","3.5","7.1","3.6","0.0","3.5","5.9","4.9","0.7","1.0","12.0","7.0","79.7","7.8","4.3","4.4","36.0","7.8","37.2","7.2","22.5","6.3","654","79","41.3","8.2","58.7","8.2","76.6","9.7","9.9","6.0","13.5","9.2","247","69","49.8","15.8","49.8","15.8","0.0","12.3","50.2","15.8","30.0","15.6","20.2","13.8","39.5","(X)","46.5","(X)","21.1","(X)","41797","13584","46629","15181","-","**","-","**","46250","61011","-","**","31382","15415","-","**","38333","14693","46250","20851","16172","11427","46818","22428","62688","15130","19020","3346","49444","24803","47083","32075","55417","34289","48194","26200","100781","67302","20750","98040","19750","13072","20380","11932","20380","11932","-","**","18000","36653","9500","7439","45333","12370","(X)","(X)","(X)","(X)","(X)","(X)"
"1400000US36047043900","Census Tract 439, Kings County, New York","1286","61","31.2","8.5","26.4","7.9","1.1","1.9","8.9","5.3","0.0","2.5","32.5","10.3","0.0","2.5","69.9","7.0","1.9","2.1","2.3","2.8","39.6","8.6","38.3","8.5","19.8","7.5","928","101","43.4","9.8","56.6","9.8","42.3","12.8","44.2","10.9","13.5","8.4","358","92","32.4","17.5","32.4","17.5","0.0","8.7","67.6","17.5","41.1","18.9","26.5","17.8","48.5","(X)","45.9","(X)","55.3","(X)","37803","9979","39363","25660","24961","7514","-","**","52500","153955","-","**","41750","7206","-","**","39464","5067","-","**","-","**","39263","9776","44542","14822","17202","15710","38813","4628","43424","12448","35855","10673","44514","13678","30313","8639","39046","54470","27596","31125","4318","15325","4318","15325","-","**","28702","18296","7875","19937","47250","60330","(X)","(X)","(X)","(X)","(X)","(X)"
"1400000US36047044000","Census Tract 440, Kings County, New York","863","79","90.7","6.2","0.0","3.7","0.6","1.0","1.6","2.6","0.0","3.7","3.8","4.3","3.2","4.0","6.3","4.2","88.3","5.7","3.9","3.5","29.7","8.9","39.5","8.0","26.9","6.4","640","94","53.4","10.5","46.6","10.5","81.7","9.0","12.5","7.0","5.8","6.6","223","76","61.0","18.6","61.0","18.6","0.0","13.5","39.0","18.6","32.3","18.2","6.7","11.1","43.7","(X)","42.3","(X)","47.5","(X)","46193","13971","53083","14543","-","**","-","**","-","**","-","**","-","**","-","**","35357","58796","52353","15155","31538","175237","80385","12240","42228","20504","22813","13430","51471","19466","78750","29425","46477","12685","57750","21745","32000","20514","80721","89588","30347","13550","21250","5487","21250","5487","-","**","77583","44252","58654","57011","-","**","(X)","(X)","(X)","(X)","(X)","(X)"
"1400000US36047044100","Census Tract 441, Kings County, New York","1909","106","40.1","6.8","11.3","4.6","0.5","0.8","10.8","3.9","0.0","1.7","35.4","7.7","1.8","2.0","70.6","5.3","16.5","5.5","7.3","4.3","53.6","6.6","23.4","6.2","15.7","4.6","1419","149","63.9","9.6","36.1","9.6","59.1","8.7","18.7","7.6","22.1","7.0","490","116","41.2","14.5","28.0","12.7","13.3","9.4","58.8","14.5","30.4","14.6","28.4","15.7","41.0","(X)","37.0","(X)","44.9","(X)","45996","8327","51413","16831","54205","7803","-","**","52727","38815","-","**","32079","6846","2,500-","***","36094","10960","63563","32246","45885","67032","52097","8207","51544","11673","9531","1653","44049","12245","32788","11604","50307","5566","51687","7526","29271","8141","27037","19399","26538","43450","10854","2669","10213","1813","80125","142207","49896","26979","25865","54889","73438","41859","(X)","(X)","(X)","(X)","(X)","(X)"
"1400000US36047044200","Census Tract 442, Kings County, New York","832","64","94.5","4.3","0.0","3.8","0.0","3.8","3.7","3.5","0.0","3.8","1.8","2.7","0.0","3.8","1.8","2.7","94.5","4.3","8.1","6.8","29.9","9.6","38.9","8.2","23.1","7.4","662","76","41.2","11.3","58.8","11.3","76.7","10.3","18.9","9.0","4.4","5.4","170","63","62.9","18.8","62.9","18.8","0.0","17.3","37.1","18.8","31.8","16.4","5.3","10.5","41.2","(X)","36.1","(X)","61.2","(X)","51318","8766","52364","9378","-","**","-","**","30461","27499","-","**","-","**","-","**","-","**","52364","9378","80037","75122","31993","17130","65313","17414","33611","12279","55543","15696","52250","25484","56181","19474","62917","21002","52313","23621","31908","110679","22500","17932","26250","24160","26250","24160","-","**","21625","31296","20500","17863","-","**","(X)","(X)","(X)","(X)","(X)","(X)"
"1400000US36047044300","Census Tract 443, Kings County, New York","1812","118","47.6","6.6","5.7","3.9","0.0","1.8","10.9","3.7","0.0","1.8","33.2","6.2","2.6","2.2","66.8","6.0","17.9","5.6","8.2","4.1","54.2","7.2","27.8","5.8","9.8","3.7","1304","144","54.4","8.3","45.6","8.3","51.0","8.1","27.8","7.8","21.2","6.5","508","125","41.7","13.9","26.2","12.2","15.6","9.0","58.3","13.9","24.0","11.4","34.3","13.6","37.4","(X)","33.9","(X)","43.1","(X)","53571","10792","60657","6985","91985","61856","-","**","46000","22850","-","**","39688","10685","88875","38604","44375","13035","64531","19164","81071","67781","52024","17230","53929","20071","31944","41570","45000","13109","35230","7562","61932","12685","52589","15838","36250","12705","46313","38367","24559","76339","9745","8818","9821","6984","7292","98769","76806","32750","20500","5407","91695","10463","(X)","(X)","(X)","(X)","(X)","(X)"
"1400000US36047044400","Census Tract 444, Kings County, New York","1090","101","92.9","4.5","0.8","1.7","1.2","1.9","2.1","2.8","0.0","2.9","1.9","2.2","1.0","1.5","7.2","5.8","88.9","6.7","2.7","2.1","27.0","8.3","42.1","7.8","28.3","6.5","740","109","41.5","9.5","58.5","9.5","72.4","7.9","21.6","7.9","5.9","4.2","350","77","53.4","14.4","53.4","14.4","0.0","8.9","46.6","14.4","35.1","12.1","11.4","11.0","45.2","(X)","48.6","(X)","38.0","(X)","49773","24320","60104","29169","-","**","-","**","-","**","-","**","-","**","-","**","38462","55225","51458","24015","24219","42625","52083","26352","63787","19901","21875","32773","66597","15900","63177","16314","69750","45830","71250","18913","63148","23293","97857","54162","21810","8638","20043","12154","20043","12154","-","**","30288","14377","32404","12893","18750","14338","(X)","(X)","(X)","(X)","(X)","(X)"
"1400000US36047044500","Census Tract 445, Kings County, New York","1556","90","50.4","7.5","5.7","4.5","1.0","1.5","14.7","4.0","0.0","2.1","24.6","8.2","3.7","2.7","51.1","6.7","26.4","5.5","9.4","5.0","47.0","8.6","33.9","8.6","9.6","4.3","1041","127","46.1","9.3","53.9","9.3","41.5","9.8","37.0","11.5","21.5","9.8","515","117","46.2","14.5","31.1","11.7","15.1","8.4","53.8","14.5","32.0","15.2","21.7","12.5","41.5","(X)","39.0","(X)","34.6","(X)","40750","4977","35333","15415","44167","1255","-","**","86250","37352","-","**","40438","12795","29750","19227","27139","11774","60486","18165","31625","25125","44069","11141","38795","5144","24643","18425","38068","5749","29750","11578","44072","11588","72727","29303","27958","10015","36810","19783","43162","21626","35761","15449","35694","16545","36000","37589","55966","43436","15281","6139","68523","5436","(X)","(X)","(X)","(X)","(X)","(X)"
"1400000US36047044600","Census Tract 446, Kings County, New York","682","53","66.4","9.4","0.0","4.7","0.0","4.7","31.5","9.1","0.0","4.7","0.9","1.4","1.2","1.9","10.7","7.9","56.6","11.3","1.5","2.3","30.8","9.7","42.7","8.2","25.1","8.1","451","71","21.1","8.2","78.9","8.2","58.1","13.2","23.1","12.2","18.8","10.9","231","75","44.2","20.4","40.3","19.9","3.9","4.7","55.8","20.4","25.1","15.4","30.7","23.9","58.8","(X)","55.0","(X)","66.2","(X)","54205","20494","53920","18705","-","**","-","**","72697","65819","-","**","-","**","-","**","65327","63685","52955","11806","-","**","67083","34354","55250","33461","34861","19845","63438","24148","48512","22766","69833","20645","69667","53464","47600","67218","74904","64220","40781","37342","16875","22581","15938","24775","-","**","65625","30985","31630","10951","-","**","(X)","(X)","(X)","(X)","(X)","(X)"
"1400000US36047044700","Census Tract 447, Kings County, New York","840","81","51.8","13.0","11.2","6.3","0.0","3.8","2.5","2.6","0.0","3.8","27.7","11.6","6.8","7.6","57.4","9.2","28.6","8.5","7.5","4.7","51.8","11.7","37.6","10.0","3.1","4.7","497","92","57.3","16.0","42.7","16.0","35.4","11.8","31.4","13.8","33.2","16.4","343","92","43.7","17.7","32.1","18.0","11.7","8.3","56.3","17.7","29.2","18.6","27.1","14.8","35.6","(X)","45.7","(X)","21.0","(X)","46571","8223","46939","6463","60000","53564","-","**","105469","83543","-","**","33009","29831","11657","4390","45375","19624","68077","28732","50078","7355","45854","9869","51983","22980","-","**","47104","9409","36806","25586","51406","8503","61389","58716","45156","23550","45824","26273","44097","26100","27917","45707","11395","28974","65000","35843","57750","44652","14671","42844","86958","5961","(X)","(X)","(X)","(X)","(X)","(X)"
"1400000US36047044800","Census Tract 448, Kings County, New York","777","55","89.8","5.8","1.2","1.9","0.0","4.1","4.6","3.9","0.0","4.1","3.1","3.7","1.3","2.0","5.8","4.6","87.1","6.2","0.5","1.0","31.1","7.4","36.9","7.3","31.4","6.8","377","68","32.6","10.9","67.4","10.9","74.3","13.5","18.8","10.9","6.9","10.3","400","71","55.8","12.8","55.8","12.8","0.0","7.8","44.3","12.8","34.0","13.1","10.3","11.9","38.1","(X)","40.8","(X)","35.5","(X)","52067","15730","51731","18061","-","**","-","**","59286","102227","-","**","-","**","-","**","22434","65735","52212","23761","-","**","63125","19541","66847","23434","35600","17161","66051","7465","76750","30785","65852","21539","73182","18177","45694","41975","-","**","38611","17914","37125","13610","37125","13610","-","**","50096","41025","28913","17464","-","**","(X)","(X)","(X)","(X)","(X)","(X)"
"1400000US36047044900","Census Tract 449, Kings County, New York","1090","64","50.9","10.9","30.9","8.3","0.0","2.9","0.6","0.7","0.0","2.9","15.9","7.0","1.7","1.9","40.4","9.4","32.1","9.5","7.0","4.5","36.1","9.0","36.8","8.5","20.1","6.0","743","90","34.9","9.1","65.1","9.1","42.4","10.4","47.2","10.7","10.4","6.7","347","90","69.2","14.4","53.0","15.4","16.1","11.5","30.8","14.4","15.3","9.6","15.6","11.7","44.3","(X)","37.8","(X)","58.2","(X)","41275","12867","40734","16112","41250","28257","-","**","-","**","-","**","59250","77213","56607","286869","47900","27189","42300","26777","65139","76186","53786","28022","26972","14215","19135","21716","49482","11535","49543","53768","44861","21167","75240","18838","41989","14696","27813","40242","22303","10200","16795","8092","15000","7207","67024","10097","28490","5341","27125","11820","28947","69424","(X)","(X)","(X)","(X)","(X)","(X)"
"1400000US36047045000","Census Tract 450, Kings County, New York","211","82","65.4","24.2","4.7","7.4","0.0","14.2","0.0","14.2","0.0","14.2","29.9","27.2","0.0","14.2","34.1","26.6","61.1","23.7","1.9","2.9","36.0","21.6","37.0","23.6","25.1","21.3","180","84","37.2","24.8","62.8","24.8","64.4","24.4","35.6","24.4","0.0","16.5","31","19","71.0","35.1","71.0","35.1","0.0","53.3","29.0","35.1","0.0","53.3","29.0","35.1","35.5","(X)","35.0","(X)","38.7","(X)","41553","49580","115481","52922","-","**","-","**","-","**","-","**","-","**","-","**","28750","38081","115625","49239","-","**","116154","67662","41667","40549","16360","11027","42045","74562","116202","34437","40492","44055","77292","101308","40985","7551","-","**","15938","108844","9250","7274","9250","7274","-","**","-","**","-","**","-","**","(X)","(X)","(X)","(X)","(X)","(X)"
"1400000US36047045200","Census Tract 452, Kings County, New York","854","84","96.1","3.3","0.0","3.7","1.2","1.8","0.4","0.6","0.0","3.7","1.8","2.5","0.6","1.0","5.0","4.3","92.9","4.7","0.0","3.7","31.4","10.9","37.4","8.2","31.3","7.8","626","88","43.8","9.4","56.2","9.4","89.9","5.1","10.1","5.1","0.0","5.1","228","73","47.8","17.3","47.8","17.3","0.0","13.3","52.2","17.3","52.2","17.3","0.0","13.3","42.3","(X)","49.7","(X)","21.9","(X)","63594","13129","63672","13290","-","**","-","**","-","**","-","**","-","**","-","**","99750","106565","63359","10048","-","**","63281","18452","61477","51417","71382","22063","78269","29238","100096","72264","78077","25286","91094","27542","16250","5944","-","**","35667","13346","31250","48809","31250","48809","-","**","36083","9867","36083","9867","-","**","(X)","(X)","(X)","(X)","(X)","(X)"
"1400000US36047045300","Census Tract 453, Kings County, New York","634","53","70.3","8.9","2.5","3.7","0.0","5.0","3.9","3.8","0.0","5.0","23.2","7.9","0.0","5.0","45.0","9.6","50.2","9.8","7.1","4.8","63.7","7.1","18.3","7.1","10.9","5.5","295","73","45.8","16.9","54.2","16.9","32.9","13.1","26.8","19.7","40.3","17.7","339","71","57.8","11.3","29.8","11.3","28.0","10.9","42.2","11.3","28.6","10.0","13.6","9.2","36.8","(X)","46.1","(X)","25.1","(X)","49405","9336","54900","11458","-","**","-","**","80938","7683","-","**","18648","1209","-","**","19260","8755","70500","30982","90515","27368","54773","15443","38750","17102","12650","5994","36985","6499","19260","7555","46250","12812","53073","23382","35125","45526","19872","28470","54647","10914","46250","14513","42938","36529","90313","34312","70250","29200","54816","80082","80625","21020","(X)","(X)","(X)","(X)","(X)","(X)"
"1400000US36047045400","Census Tract 454, Kings County, New York","545","76","83.7","8.9","0.0","5.8","0.0","5.8","6.2","5.5","0.0","5.8","7.7","6.9","2.4","2.7","7.7","6.9","83.7","8.9","1.7","1.8","30.6","11.0","42.0","11.5","25.7","8.7","409","73","54.0","10.8","46.0","10.8","69.4","12.7","24.9","11.4","5.6","6.7","136","62","42.6","21.9","42.6","21.9","0.0","21.1","57.4","21.9","31.6","22.4","25.7","19.1","40.9","(X)","43.5","(X)","33.1","(X)","58427","15970","59839","13556","-","**","-","**","18804","867","-","**","73750","60614","-","**","73750","60614","59839","13556","-","**","57540","33602","84479","23385","31250","34940","74450","22859","76806","53487","73800","20748","68750","44047","90882","24449","-","**","19375","23235","16618","5842","16618","5842","-","**","37857","36033","43073","22225","18750","21043","(X)","(X)","(X)","(X)","(X)","(X)"
"1400000US36047045600","Census Tract 456, Kings County, New York","880","48","91.0","5.2","1.0","1.8","0.0","3.6","5.1","5.0","0.0","3.6","1.4","2.2","1.5","1.7","1.4","2.2","91.0","5.2","7.7","7.5","29.9","7.3","39.4","8.6","23.0","4.8","711","72","32.5","8.9","67.5","8.9","86.1","8.5","11.8","8.3","2.1","1.6","169","56","82.8","12.3","82.8","12.3","0.0","17.4","17.2","12.3","17.2","12.3","0.0","17.4","36.3","(X)","40.6","(X)","16.6","(X)","28696","8477","28207","9719","-","**","-","**","19402","21162","-","**","-","**","-","**","-","**","28207","9719","4679","16134","32188","18932","60809","30444","14286","1095","31836","13345","24464","11358","40250","21276","33125","26754","30000","22110","45750","53930","13155","5214","12619","7090","12619","7090","-","**","17250","22342","17250","22342","-","**","(X)","(X)","(X)","(X)","(X)","(X)"
"1400000US36047045800","Census Tract 458, Kings County, New York","508","53","94.7","5.8","0.0","6.2","0.0","6.2","2.6","4.1","0.0","6.2","0.0","6.2","2.8","4.3","2.8","4.3","94.7","5.8","0.0","6.2","16.5","7.6","47.2","11.0","36.2","8.4","373","57","48.0","10.4","52.0","10.4","96.8","3.4","3.2","3.4","0.0","8.3","135","46","76.3","17.5","76.3","17.5","0.0","21.2","23.7","17.5","20.0","16.8","3.7","6.0","49.2","(X)","50.9","(X)","44.4","(X)","62159","12729","65905","8215","-","**","-","**","-","**","-","**","-","**","-","**","-","**","65905","8215","-","**","54722","22122","87813","51657","44773","34271","71023","48322","70341","53010","88438","52614","72386","60627","-","**","-","**","23977","12242","23295","5322","23295","5322","-","**","44000","75312","52750","128006","-","**","(X)","(X)","(X)","(X)","(X)","(X)"
"1400000US36047046000","Census Tract 460, Kings County, New York","1191","79","64.6","9.1","12.8","7.4","0.0","2.7","18.9","6.2","0.0","2.7","1.7","1.9","2.1","3.2","3.3","2.7","63.1","9.2","2.7","3.0","38.6","8.1","35.9","8.6","22.8","5.2","842","96","42.2","9.5","57.8","9.5","71.4","11.3","19.7","8.7","8.9","7.8","349","93","64.2","15.3","64.2","15.3","0.0","8.9","35.8","15.3","23.5","14.6","12.3","9.4","31.7","(X)","35.2","(X)","21.2","(X)","46992","7297","38144","11755","99276","7184","-","**","32163","29685","-","**","-","**","-","**","44875","19555","38220","11523","-","**","48171","13188","68750","45988","29306","16712","51759","25187","48281","14534","68250","34647","45170","13555","68056","48165","99967","54960","24539","23011","23026","33014","23026","33014","-","**","30417","21621","38333","33025","12240","156992","(X)","(X)","(X)","(X)","(X)","(X)"
"1400000US36047046201","Census Tract 462.01, Kings County, New York","982","75","82.9","7.6","0.0","3.3","0.0","3.3","10.8","5.4","0.0","3.3","5.6","6.1","0.7","1.4","8.9","6.9","79.6","7.6","7.5","4.4","24.5","7.4","33.8","10.3","34.1","7.5","566","115","45.8","13.4","54.2","13.4","80.4","11.4","13.6","9.9","6.0","6.1","416","106","68.5","13.5","68.5","13.5","0.0","7.5","31.5","13.5","22.8","13.4","8.7","9.1","34.1","(X)","38.9","(X)","27.6","(X)","37027","6228","36824","5899","-","**","-","**","53103","43196","-","**","-","**","-","**","41685","52250","35743","8439","24200","11203","53405","23318","62619","26432","11417","5476","37155","13765","53319","40241","36336","7430","38661","24966","67969","75270","-","**","19265","24580","10250","7794","10250","7794","-","**","39491","7256","40380","20345","-","**","(X)","(X)","(X)","(X)","(X)","(X)"
"1400000US36047046202","Census Tract 462.02, Kings County, New York","595","47","89.1","7.3","0.8","1.2","0.0","5.3","1.8","2.9","0.0","5.3","8.2","6.5","0.0","5.3","14.5","9.8","83.7","10.3","3.5","3.0","44.2","10.3","35.6","9.6","16.6","7.3","477","63","48.4","15.2","51.6","15.2","82.6","12.1","8.0","5.8","9.4","10.5","118","46","27.1","17.7","27.1","17.7","0.0","23.7","72.9","17.7","68.6","18.6","4.2","7.5","60.0","(X)","57.9","(X)","56.8","(X)","44663","10095","46029","13264","-","**","-","**","-","**","-","**","26328","106638","-","**","42969","32946","48500","19725","-","**","43072","9668","59286","19618","45956","37826","44980","16276","43287","22002","53000","29858","44919","15845","84423","112236","-","**","22045","15442","20714","43162","20714","43162","-","**","23182","18023","22614","26037","-","**","(X)","(X)","(X)","(X)","(X)","(X)"
"1400000US36047046400","Census Tract 464, Kings County, New York","680","38","89.3","5.8","0.0","4.7","0.0","4.7","7.1","5.5","0.0","4.7","3.7","5.8","0.0","4.7","4.6","5.9","88.4","5.9","6.3","5.3","25.7","7.4","50.6","9.5","17.4","6.0","578","58","58.5","9.1","41.5","9.1","88.9","6.6","10.2","6.5","0.9","1.5","102","54","22.5","24.4","17.6","20.9","4.9","10.4","77.5","24.4","72.5","26.6","4.9","7.9","46.5","(X)","48.6","(X)","34.3","(X)","49405","12582","49226","10625","-","**","-","**","28750","19908","-","**","-","**","-","**","-","**","49583","11088","39306","43174","40724","21608","58636","16991","50000","20535","55781","13815","52083","19319","58214","19357","57031","11590","19542","93849","-","**","42917","32667","17396","35493","-","**","-","**","43681","73925","43333","62145","-","**","(X)","(X)","(X)","(X)","(X)","(X)"
"1400000US36047046800","Census Tract 468, Kings County, New York","508","68","97.2","3.2","0.0","6.2","0.0","6.2","2.8","3.2","0.0","6.2","0.0","6.2","0.0","6.2","0.0","6.2","97.2","3.2","0.0","6.2","66.1","10.6","21.7","7.0","12.2","9.1","418","87","72.7","8.5","27.3","8.5","93.5","5.4","4.8","4.6","1.7","2.8","90","57","47.8","38.3","47.8","38.3","0.0","29.4","52.2","38.3","52.2","38.3","0.0","29.4","44.5","(X)","42.3","(X)","54.4","(X)","28214","29989","27216","26970","-","**","-","**","-","**","-","**","-","**","-","**","-","**","27216","26970","-","**","27230","27782","95714","12141","19239","40858","44107","28940","42917","32093","85417","40787","43780","32687","55714","75138","-","**","16000","9571","17663","2465","17663","2465","-","**","2,500-","***","2,500-","***","-","**","(X)","(X)","(X)","(X)","(X)","(X)"
"1400000US36047047000","Census Tract 470, Kings County, New York","754","49","98.0","1.7","0.7","1.0","0.0","4.2","1.3","1.4","0.0","4.2","0.0","4.2","0.0","4.2","1.2","1.0","97.5","1.7","1.6","2.4","27.9","9.8","37.4","9.4","33.2","11.3","640","64","44.1","8.7","55.9","8.7","96.9","3.3","1.4","2.4","1.7","2.1","114","55","63.2","25.0","63.2","25.0","0.0","24.4","36.8","25.0","33.3","24.9","3.5","5.6","46.6","(X)","47.0","(X)","43.9","(X)","50500","11492","47383","12651","-","**","-","**","-","**","-","**","-","**","-","**","-","**","47813","12501","-","**","53065","14508","76667","18179","42721","27463","52563","11224","34079","25105","65625","29642","51750","11122","-","**","-","**","21667","41432","12625","6930","12625","6930","-","**","56316","14844","56053","52341","-","**","(X)","(X)","(X)","(X)","(X)","(X)"
"1400000US36047047200","Census Tract 472, Kings County, New York","762","58","100.0","4.2","0.0","4.2","0.0","4.2","0.0","4.2","0.0","4.2","0.0","4.2","0.0","4.2","1.0","1.5","99.0","1.5","5.2","4.6","34.6","8.7","36.0","7.7","24.1","7.8","652","67","49.4","10.0","50.6","10.0","91.1","6.1","8.0","5.8","0.9","1.6","110","49","68.2","21.2","68.2","21.2","0.0","25.2","31.8","21.2","28.2","20.9","3.6","5.8","59.2","(X)","61.0","(X)","46.4","(X)","54786","6641","54786","6641","-","**","-","**","-","**","-","**","-","**","-","**","-","**","54500","6194","21563","21880","50135","4521","71071","55447","104722","150510","55671","9206","48913","7727","107826","65983","54714","5187","66563","71728","-","**","30714","36541","23438","10857","23438","10857","-","**","121442","121779","121827","155385","-","**","(X)","(X)","(X)","(X)","(X)","(X)"
"1400000US36047047400","Census Tract 474, Kings County, New York","797","57","94.9","5.4","0.0","4.0","0.0","4.0","3.8","5.0","0.0","4.0","0.0","4.0","1.4","2.2","6.4","5.8","88.5","7.9","6.0","4.8","35.0","10.0","31.9","8.3","27.1","7.8","611","71","50.1","9.5","49.9","9.5","96.7","3.3","2.1","2.4","1.1","2.1","186","61","45.2","22.1","45.2","22.1","0.0","16.0","54.8","22.1","37.1","22.0","17.7","15.4","55.7","(X)","58.8","(X)","45.7","(X)","51766","8013","54444","9826","-","**","-","**","-","**","-","**","-","**","-","**","21086","864","56681","15432","50119","47496","39013","21963","84412","26002","60313","47935","57284","24008","52778","15373","90046","54688","57112","21289","110938","136354","-","**","21364","16402","46875","38281","46875","38281","-","**","14904","10371","19861","21629","-","**","(X)","(X)","(X)","(X)","(X)","(X)"
"1400000US36047047600","Census Tract 476, Kings County, New York","967","88","95.2","6.6","0.0","3.3","4.8","6.6","0.0","3.3","0.0","3.3","0.0","3.3","0.0","3.3","4.2","5.0","91.0","8.0","2.4","2.5","30.2","8.4","35.5","10.7","32.0","9.1","717","104","58.9","11.2","41.1","11.2","97.4","2.9","1.4","2.3","1.3","1.9","250","100","89.6","10.6","85.6","11.3","4.0","6.2","10.4","10.6","8.0","9.3","2.4","3.6","57.4","(X)","58.0","(X)","55.6","(X)","41411","11127","43319","10118","-","**","-","**","-","**","-","**","-","**","-","**","-","**","42419","9004","-","**","46429","31595","53105","14149","24076","18419","46838","17462","40500","22686","82031","77343","49063","21261","-","**","-","**","13750","24864","16250","30750","14107","27803","-","**","9821","2413","9286","1491","-","**","(X)","(X)","(X)","(X)","(X)","(X)"
"1400000US36047047700","Census Tract 477, Kings County, New York","1660","75","86.4","6.1","5.1","5.1","0.0","1.9","5.6","4.1","0.0","1.9","1.8","1.6","1.1","1.6","15.2","5.5","74.1","7.4","6.7","3.8","60.7","7.4","19.4","5.0","13.2","5.1","527","117","22.0","10.9","78.0","10.9","71.5","11.2","13.9","7.0","14.6","11.2","1133","122","47.0","8.8","23.5","7.1","23.6","8.3","53.0","8.8","27.1","8.7","25.9","7.8","39.0","(X)","44.0","(X)","36.6","(X)","76600","10436","76950","8523","57214","259865","-","**","108277","18415","-","**","18864","12221","-","**","18864","12897","79303","9437","65929","38301","88707","20198","71000","22431","25865","3774","72292","31149","84118","55590","67306","36128","103625","22327","19432","27874","26250","15712","76625","9854","64250","29639","35833","18786","107669","42675","77750","17224","57695","7630","103813","7060","(X)","(X)","(X)","(X)","(X)","(X)"
"1400000US36047047800","Census Tract 478, Kings County, New York","1147","104","74.2","9.7","0.6","1.0","0.0","2.8","4.4","2.9","0.0","2.8","17.2","8.9","3.6","3.5","21.1","9.7","71.2","10.1","7.2","5.3","45.2","9.2","35.9","8.3","11.7","4.5","808","132","57.5","9.7","42.5","9.7","79.6","10.3","12.6","9.8","7.8","7.0","339","112","43.4","20.7","43.4","20.7","0.0","9.1","56.6","20.7","38.6","20.4","18.0","14.6","54.7","(X)","46.8","(X)","73.5","(X)","26677","10916","28109","13034","-","**","-","**","40156","47772","-","**","19726","39321","58984","44777","22700","41852","27348","11316","9896","1498","25909","15020","58611","32986","19327","6830","28013","10071","19708","12454","55272","26780","26738","7442","11757","38624","56576","126878","19599","22935","17566","13660","17566","13660","-","**","21667","38448","19979","27510","88207","115612","(X)","(X)","(X)","(X)","(X)","(X)"
"1400000US36047048000","Census Tract 480, Kings County, New York","980","82","79.8","7.7","3.6","3.1","0.0","3.3","11.8","4.2","0.0","3.3","3.1","4.6","1.7","2.8","12.7","7.6","70.2","8.9","4.0","4.4","42.9","7.1","35.0","7.7","18.2","5.1","724","97","68.8","8.3","31.2","8.3","97.2","3.1","0.0","4.4","2.8","3.1","256","69","28.5","14.0","28.5","14.0","0.0","11.9","71.5","14.0","44.1","20.6","27.3","19.2","39.0","(X)","37.8","(X)","42.2","(X)","40741","21124","48333","26593","-","**","-","**","50469","60203","-","**","-","**","-","**","21167","18344","54063","37493","-","**","61774","22483","50547","53223","27813","15174","53750","21307","42037","38546","55313","40424","52344","20843","-","**","-","**","10556","10086","9327","990","9327","990","-","**","18750","15163","9229","738","24167","139963","(X)","(X)","(X)","(X)","(X)","(X)"
"1400000US36047048100","Census Tract 481, Kings County, New York","1326","114","88.1","6.6","3.2","3.7","0.0","2.4","3.6","3.3","0.0","2.4","4.3","4.2","0.8","1.1","30.7","8.9","62.3","9.7","7.6","5.1","45.2","8.8","26.0","8.5","21.1","4.6","399","127","28.6","15.5","71.4","15.5","81.2","14.2","5.0","7.2","13.8","13.4","927","121","50.3","10.5","28.0","8.3","22.2","8.8","49.7","10.5","27.7","9.8","22.0","10.1","37.1","(X)","53.6","(X)","30.0","(X)","63750","11475","63601","13156","16458","799","-","**","73571","123587","-","**","88074","8481","-","**","62528","26453","70766","16347","82841","53062","79583","20534","72159","17026","12961","3558","71326","25610","121146","102571","47264","39087","72348","38286","-","**","-","**","55179","17807","38200","40438","11282","4279","80500","31679","64976","27602","55536","20057","94674","47194","(X)","(X)","(X)","(X)","(X)","(X)"
"1400000US36047048200","Census Tract 482, Kings County, New York","1957","90","68.4","5.2","7.8","3.0","0.0","1.6","18.1","4.0","0.0","1.6","4.3","3.6","1.4","1.6","5.8","3.2","66.8","5.3","1.6","1.9","39.3","5.8","35.4","5.5","23.7","4.5","1254","129","47.8","8.1","52.2","8.1","74.9","7.7","21.5","8.0","3.7","3.7","703","119","64.2","10.7","54.6","11.6","9.5","7.1","35.8","10.7","32.7","9.9","3.1","3.8","37.6","(X)","39.2","(X)","34.9","(X)","29660","3778","29153","4830","34063","20216","-","**","26563","5282","-","**","48846","22385","-","**","49760","8656","29428","5141","-","**","29280","5597","37065","5765","16985","11466","30366","5813","27514","4590","38661","6292","36432","6727","27460","5138","25200","11721","25422","6358","25355","13266","16277","12419","32039","154484","32794","23813","33889","25031","-","**","(X)","(X)","(X)","(X)","(X)","(X)"
"1400000US36047048400","Census Tract 484, Kings County, New York","1549","92","70.8","7.4","10.3","5.1","0.0","2.1","12.7","5.4","0.0","2.1","6.3","4.1","0.0","2.1","8.8","4.9","68.2","7.3","4.4","3.5","36.8","6.7","45.6","7.6","13.2","4.4","1139","128","47.6","7.9","52.4","7.9","73.7","9.2","14.4","7.3","11.9","7.1","410","117","59.0","15.9","54.4","15.9","4.6","5.1","41.0","15.9","32.4","15.6","8.5","10.8","36.9","(X)","38.3","(X)","33.2","(X)","40327","6751","40278","9304","36645","6051","-","**","45500","37406","-","**","44148","21647","-","**","43239","33075","41389","9351","40625","11400","45074","8750","31802","9339","29375","25565","45142","5310","42731","8881","49922","8910","47132","11512","30000","12361","38988","22977","30609","3852","30833","2802","30394","3695","-","**","30104","14631","31198","8932","-","**","(X)","(X)","(X)","(X)","(X)","(X)"
"1400000US36047048500","Census Tract 485, Kings County, New York","897","67","71.0","8.1","1.9","2.4","0.7","1.1","3.6","4.2","0.0","3.6","19.8","6.6","3.0","2.5","37.5","6.5","57.0","7.3","17.9","8.2","52.3","8.3","24.5","8.2","5.2","4.0","282","77","31.2","14.7","68.8","14.7","59.6","15.7","19.5","14.3","20.9","11.4","615","78","41.0","10.1","10.4","5.4","30.6","8.7","59.0","10.1","16.6","10.2","42.4","12.0","46.0","(X)","27.3","(X)","53.8","(X)","73170","15255","77227","20081","-","**","-","**","-","**","-","**","34630","34994","72917","18939","61875","21613","88125","27671","63977","37107","92772","35073","40455","30953","60521","52737","59464","28730","58393","30025","61250","52366","65000","15914","21683","63375","33259","4811","78750","22607","75682","23214","42031","34948","87981","23046","94042","37093","39167","170554","94208","24389","(X)","(X)","(X)","(X)","(X)","(X)"
"1400000US36047048600","Census Tract 486, Kings County, New York","913","55","37.8","7.8","1.1","1.3","0.0","3.5","43.8","8.8","0.0","3.5","17.3","7.3","0.0","3.5","30.8","8.4","24.3","6.4","2.6","2.9","44.4","9.0","41.9","8.2","11.1","4.5","752","71","48.5","7.6","51.5","7.6","66.8","10.3","19.1","7.0","14.1","7.2","161","58","51.6","18.8","40.4","17.0","11.2","9.6","48.4","18.8","26.1","17.8","22.4","16.9","41.0","(X)","43.9","(X)","18.0","(X)","34875","13128","50451","13212","-","**","-","**","22215","5172","-","**","50500","22448","-","**","43438","13853","52414","12439","-","**","35781","27901","35625","14165","26875","9128","30667","9810","24180","4648","43646","17047","31417","10353","35893","40125","20250","24158","50446","8011","46875","19837","46806","28384","47000","110333","51196","35332","18250","35255","111042","87903","(X)","(X)","(X)","(X)","(X)","(X)"
"1400000US36047048800","Census Tract 488, Kings County, New York","1426","85","65.4","7.1","6.0","3.4","0.0","2.3","16.3","5.2","0.0","2.3","10.8","6.9","1.6","1.5","15.6","7.0","59.7","6.9","3.9","3.3","41.0","7.3","43.1","8.0","11.9","3.6","1077","105","46.9","8.9","53.1","8.9","72.6","9.8","15.7","7.8","11.7","7.0","349","85","57.3","17.7","49.6","17.0","7.7","7.5","42.7","17.7","30.4","15.0","12.3","13.8","32.7","(X)","33.6","(X)","29.8","(X)","49074","16509","59250","28484","58063","32358","-","**","18516","1772","-","**","63913","130114","21607","222476","85417","67072","57750","27136","10761","10237","53750","42554","54453","20115","47778","27372","48162","20384","27617","11871","85200","55969","62667","29554","32545","17851","19559","29822","53750","24816","57833","13443","57875","14680","32250","221925","43194","60297","27500","24573","-","**","(X)","(X)","(X)","(X)","(X)","(X)"
"1400000US36047048900","Census Tract 489, Kings County, New York","1463","64","29.2","8.9","40.8","7.6","0.8","1.2","0.0","2.2","0.0","2.2","28.2","8.5","1.0","1.5","61.7","7.1","1.5","2.3","4.4","3.5","34.2","9.7","30.1","9.6","31.3","8.6","966","135","40.5","11.7","59.5","11.7","32.8","10.3","58.6","10.7","8.6","5.8","497","126","64.8","15.6","56.7","15.9","8.0","9.3","35.2","15.6","35.2","15.6","0.0","6.3","45.2","(X)","47.5","(X)","40.8","(X)","18906","5083","17083","5649","25750","6661","-","**","-","**","-","**","15156","7464","-","**","17718","4548","-","**","14258","84420","24792","11403","28879","5140","12213","2987","24861","5916","23438","11289","27050","9493","35684","7801","23264","7582","18220","5551","9908","3296","15455","14383","9845","11941","-","**","9351","1315","9351","1315","-","**","(X)","(X)","(X)","(X)","(X)","(X)"
"1400000US36047049000","Census Tract 490, Kings County, New York","2080","114","65.9","7.1","13.9","6.1","0.8","1.2","10.3","3.9","0.0","1.5","6.6","4.1","2.5","2.7","11.9","4.0","60.8","6.8","2.7","2.6","44.8","8.3","29.3","7.2","23.2","6.0","1370","159","52.8","8.8","47.2","8.8","69.6","9.8","23.1","9.1","7.3","5.0","710","174","64.2","16.9","56.1","18.1","8.2","8.1","35.8","16.9","27.9","15.1","7.9","7.9","35.0","(X)","39.1","(X)","27.0","(X)","33520","9545","24679","5673","60854","8117","-","**","33993","19401","-","**","60313","51797","-","**","44219","15183","24231","6176","18654","132419","46310","14843","27399","16442","25250","11278","34541","11318","32214","14455","45259","24855","33269","23685","35962","31334","33611","13633","31280","22811","16620","30027","16019","20519","74667","46817","41786","45617","40536","42750","75833","86675","(X)","(X)","(X)","(X)","(X)","(X)"
"1400000US36047049100","Census Tract 491, Kings County, New York","2392","195","30.8","6.9","23.2","5.8","1.8","2.9","25.1","4.6","0.0","1.3","17.6","7.1","1.5","1.7","41.7","7.2","13.8","4.5","2.9","2.4","24.6","6.7","41.3","8.8","31.1","7.4","1515","232","34.4","8.3","65.6","8.3","61.3","10.8","30.1","10.0","8.6","5.1","877","212","68.5","11.0","57.5","12.3","11.1","7.5","31.5","11.0","24.9","10.8","6.6","5.8","42.5","(X)","41.8","(X)","39.6","(X)","33727","2972","44500","13148","37333","12930","-","**","27188","7484","-","**","29397","11290","-","**","35712","12221","43357","17694","42917","41611","46089","6652","34420","12517","18717","6620","36096","7726","33605","7273","43500","13702","36058","10508","43716","17248","33786","6577","26551","6627","27014","8172","25509","7821","70764","74404","22019","21404","20625","15638","73875","36410","(X)","(X)","(X)","(X)","(X)","(X)"
"1400000US36047049200","Census Tract 492, Kings County, New York","1121","72","51.1","9.4","22.0","9.1","0.0","2.9","15.3","6.7","0.0","2.9","11.5","9.4","0.0","2.9","13.8","9.5","49.5","9.3","3.2","3.0","49.7","9.8","25.7","8.8","21.4","7.1","688","126","57.0","12.5","43.0","12.5","60.0","13.4","18.3","9.6","21.7","14.0","433","110","72.1","13.9","66.3","14.3","5.8","5.6","27.9","13.9","23.8","13.3","4.2","5.8","24.2","(X)","25.0","(X)","22.9","(X)","40380","18118","45493","23346","30977","33711","-","**","45600","38348","-","**","34063","48557","-","**","34479","59361","45362","22577","92857","49976","46226","24707","46591","40704","17679","7560","45100","33586","34507","26169","63088","27897","42446","65703","24716","14931","63309","16533","30039","26450","30781","23583","27132","23407","91406","108883","12841","53134","11830","3311","-","**","(X)","(X)","(X)","(X)","(X)","(X)"
"1400000US36047049300","Census Tract 493, Kings County, New York","3128","160","51.6","7.2","16.0","3.9","0.4","0.7","2.7","2.3","0.0","1.0","24.1","6.3","5.3","3.2","66.6","5.7","17.7","4.1","1.1","1.3","42.0","6.3","39.2","6.5","17.6","3.7","1776","240","45.8","10.9","54.2","10.9","40.1","10.4","45.3","9.6","14.5","8.6","1352","230","69.4","10.6","50.3","12.2","19.1","8.3","30.6","10.6","22.1","8.7","8.5","5.2","50.3","(X)","48.0","(X)","48.4","(X)","29190","7714","44422","10019","19007","7027","-","**","55417","25270","-","**","20409","8697","25526","27655","24219","6996","52560","13141","-","**","48780","10655","20906","18774","15185","8043","36250","12985","29275","8540","39644","7512","56286","5608","24646","7893","18056","16084","17347","5625","16196","9149","9449","3666","76786","34417","20625","32968","16853","6347","71031","14952","(X)","(X)","(X)","(X)","(X)","(X)"
"1400000US36047049400","Census Tract 494, Kings County, New York","2083","82","65.5","8.0","7.3","2.5","0.0","1.5","18.5","6.9","0.0","1.5","5.6","3.3","3.1","2.4","9.9","3.4","61.4","7.6","1.4","1.4","43.0","7.2","36.5","7.7","19.0","5.0","1189","168","43.7","7.4","56.3","7.4","79.1","7.4","12.0","7.1","8.8","5.2","894","172","73.7","11.4","62.6","12.8","11.1","10.3","26.3","11.4","17.3","9.5","8.9","7.7","29.0","(X)","32.0","(X)","25.1","(X)","45878","5476","38409","15872","87898","58946","-","**","47157","21900","-","**","65806","65340","62614","43572","48750","19115","33333","17407","-","**","50761","18923","47850","21967","13370","3770","54375","20394","42232","30768","59853","34432","49018","25791","115903","93225","31422","46160","30305","28237","32348","27206","21442","18761","46996","69407","13358","27011","9855","7218","66613","68211","(X)","(X)","(X)","(X)","(X)","(X)"
"1400000US36047049500","Census Tract 495, Kings County, New York","1262","80","85.7","5.9","2.3","2.8","0.0","2.5","5.5","4.2","0.0","2.5","4.3","3.6","2.1","2.6","20.5","7.6","72.3","8.0","2.5","2.9","61.1","9.6","25.0","8.4","11.4","5.2","583","125","38.1","13.4","61.9","13.4","69.1","13.3","19.6","11.4","11.3","12.6","679","129","49.2","12.1","29.3","11.4","19.9","9.0","50.8","12.1","20.5","11.6","30.3","11.5","40.3","(X)","43.9","(X)","37.1","(X)","63864","25070","71111","25901","-","**","-","**","83036","122594","-","**","29107","26440","-","**","41595","15290","82885","31979","-","**","79821","24076","34712","87557","37059","17766","87939","41340","70833","80988","88818","48722","101875","21249","45200","8789","-","**","52266","24771","30875","17313","25040","17084","74702","105548","83194","52019","9479","48919","98182","39668","(X)","(X)","(X)","(X)","(X)","(X)"
"1400000US36047049600","Census Tract 496, Kings County, New York","1367","78","52.2","7.4","5.8","3.3","0.0","2.3","27.7","7.1","0.0","2.3","12.5","6.6","1.8","2.4","17.8","8.4","47.8","7.8","3.1","2.8","47.9","8.3","32.1","8.4","16.9","5.8","890","116","63.9","10.0","36.1","10.0","70.2","10.9","22.9","8.9","6.9","5.4","477","107","55.1","13.7","38.8","13.8","16.4","12.5","44.9","13.7","22.6","13.9","22.2","13.5","29.9","(X)","33.5","(X)","23.3","(X)","60568","8096","54674","22463","83625","41485","-","**","53462","15053","-","**","61921","29384","-","**","60505","8328","65436","23403","39028","95367","67049","18885","56779","8456","32772","23193","61875","11402","62091","16912","54688","26199","70104","19956","42222","44944","78438","30526","52991","29592","56010","29840","18750","64291","101466","68131","34891","37356","32826","28219","53839","71813","(X)","(X)","(X)","(X)","(X)","(X)"
"1400000US36047049700","Census Tract 497, Kings County, New York","1444","67","87.1","5.1","0.0","2.2","0.0","2.2","5.9","3.6","0.0","2.2","2.3","2.5","4.7","3.1","9.8","5.1","81.0","6.3","6.0","3.6","60.6","6.8","17.0","5.0","16.5","4.8","397","95","19.6","11.9","80.4","11.9","71.5","11.2","20.4","11.8","8.1","9.1","1047","100","65.1","7.9","40.4","8.7","24.7","8.3","34.9","7.9","20.0","7.7","14.9","6.3","37.7","(X)","49.4","(X)","33.3","(X)","68646","14988","68438","14558","-","**","-","**","100139","92786","-","**","-","**","98500","54773","116875","84366","66641","14559","82500","64769","85208","16299","37450","77096","18056","11621","81875","64238","37200","74427","115063","45886","119583","18455","26298","10441","-","**","65042","11281","57206","20296","17888","13844","95313","16564","67443","37259","56250","33353","100875","14443","(X)","(X)","(X)","(X)","(X)","(X)"
"1400000US36047049800","Census Tract 498, Kings County, New York","1592","120","57.3","7.4","5.5","3.9","0.0","2.0","28.4","6.7","0.0","2.0","4.3","3.2","4.5","5.6","8.4","4.2","55.2","7.2","2.4","2.7","45.9","8.4","37.1","8.1","14.5","5.2","917","139","52.6","9.8","47.4","9.8","74.9","8.9","14.9","6.6","10.1","6.6","675","124","52.3","13.8","25.5","9.5","26.8","12.8","47.7","13.8","34.1","12.9","13.6","8.5","36.1","(X)","36.1","(X)","36.0","(X)","48158","9068","49605","14190","45625","40351","-","**","32460","15553","-","**","79050","37762","53443","13502","63667","30261","47386","11446","-","**","52566","17461","56375","19711","34306","17621","44495","11163","31410","19364","53004","11352","46875","17461","24688","33262","100677","13776","50144","15342","59934","23134","66944","35700","58092","35120","36524","18873","27059","17916","67500","16463","(X)","(X)","(X)","(X)","(X)","(X)"
"1400000US36047049900","Census Tract 499, Kings County, New York","833","73","91.2","6.3","0.0","3.8","0.0","3.8","4.3","4.4","0.0","3.8","3.2","3.9","1.2","1.3","11.2","6.2","83.9","7.6","3.2","4.3","46.9","6.3","32.7","6.2","17.2","6.5","347","80","28.2","10.8","71.8","10.8","66.6","13.1","15.9","11.1","17.6","12.8","486","97","51.6","11.7","37.4","11.7","14.2","8.2","48.4","11.7","35.0","10.9","13.4","8.5","46.5","(X)","37.8","(X)","52.7","(X)","64583","14329","67632","14189","-","**","-","**","50000","174392","-","**","-","**","-","**","58264","48507","67938","17005","-","**","80260","8886","57069","22573","19063","13466","69901","11434","81125","39490","67614","26379","73533","9720","44375","34279","95375","163204","44545","30178","41696","20699","33750","22234","81250","41081","70938","41046","32208","21235","87321","144415","(X)","(X)","(X)","(X)","(X)","(X)"
"1400000US36047050000","Census Tract 500, Kings County, New York","1521","86","75.2","6.4","10.4","5.1","1.0","1.5","10.3","4.7","0.0","2.1","0.0","2.1","3.1","2.4","6.4","3.0","69.6","6.5","3.1","2.4","31.6","8.1","45.7","8.9","19.6","4.9","783","118","64.2","10.4","35.8","10.4","82.9","6.8","10.1","6.0","7.0","4.7","738","125","65.6","9.9","54.2","12.4","11.4","6.4","34.4","9.9","29.1","8.7","5.3","5.1","35.6","(X)","37.2","(X)","33.9","(X)","65605","11182","69286","12014","90192","74906","-","**","56750","9214","-","**","-","**","14063","103543","102813","102138","66953","12208","49886","12414","102960","13160","66917","13642","35875","18632","101250","23063","105339","5089","76875","26620","103151","14929","82639","54383","51161","59835","40326","9896","42337","20225","40054","11793","69286","40714","21532","23997","20605","13398","102563","125040","(X)","(X)","(X)","(X)","(X)","(X)"
"1400000US36047050100","Census Tract 501, Kings County, New York","1338","89","91.3","5.1","0.7","1.0","1.9","3.0","3.4","2.7","0.0","2.4","2.2","3.1","0.7","1.1","15.0","7.8","80.3","7.9","1.2","1.9","54.0","8.9","24.8","7.9","20.0","6.0","572","120","46.3","13.3","53.7","13.3","64.9","12.9","24.1","11.0","11.0","9.6","766","113","48.8","10.8","32.5","10.0","16.3","8.4","51.2","10.8","29.8","10.4","21.4","8.6","49.0","(X)","47.2","(X)","48.2","(X)","65189","7201","66156","7716","-","**","-","**","86625","74915","-","**","-","**","-","**","37083","29313","73333","12744","-","**","80000","17777","62609","21428","35556","20242","55313","12084","38229","37021","61250","50553","85694","46320","29643","6841","24188","142412","68889","10983","47500","18609","42594","3588","77375","30244","83611","38695","75250","16678","134474","48927","(X)","(X)","(X)","(X)","(X)","(X)"
"1400000US36047050202","Census Tract 502.02, Kings County, New York","1100","24","90.9","5.8","2.6","3.0","0.0","2.9","5.3","4.7","0.0","2.9","1.2","1.7","0.0","2.9","8.6","5.6","84.5","7.1","2.5","3.6","31.5","5.3","42.5","6.6","23.5","5.3","522","88","43.3","11.0","56.7","11.0","92.9","5.5","5.4","5.2","1.7","2.4","578","85","76.0","9.4","59.9","12.5","16.1","9.9","24.0","9.4","20.1","8.9","4.0","4.1","17.8","(X)","9.2","(X)","25.6","(X)","85313","22585","87909","12387","-","**","-","**","7417","241533","-","**","-","**","-","**","71875","30559","88091","13154","-","**","91042","3860","89073","12542","18603","17393","97273","25167","110357","25501","93629","18920","105096","26395","82727","114810","-","**","69167","45646","69345","44262","54167","56091","89432","36680","37321","73498","35952","28377","-","**","(X)","(X)","(X)","(X)","(X)","(X)"
"1400000US36047050300","Census Tract 503, Kings County, New York","1194","66","89.3","5.9","0.0","2.7","0.0","2.7","4.9","3.7","0.0","2.7","5.6","4.4","0.2","0.7","17.6","6.8","75.9","7.7","5.5","4.2","55.4","8.7","24.0","8.6","15.2","5.2","350","77","56.9","11.5","43.1","11.5","83.1","8.5","14.9","8.6","2.0","3.1","844","93","53.3","10.5","32.8","9.3","20.5","7.6","46.7","10.5","27.7","8.6","19.0","7.4","30.7","(X)","32.6","(X)","29.1","(X)","66126","8249","66892","9976","-","**","-","**","102625","123282","-","**","18207","21731","-","**","19573","12543","73214","17247","43194","69652","93125","22063","65469","25895","19150","8294","66507","80309","66901","315546","39861","50865","75313","144044","25833","28859","-","**","59821","20713","56944","27823","40515","30654","102697","38500","65833","23587","18696","18610","109028","30344","(X)","(X)","(X)","(X)","(X)","(X)"
"1400000US36047050400","Census Tract 504, Kings County, New York","1993","85","69.9","6.7","15.2","6.3","0.0","1.6","4.5","2.9","0.0","1.6","7.2","4.3","3.2","3.9","16.0","5.6","63.8","6.6","5.8","3.6","44.6","7.6","35.7","7.0","13.8","5.2","1078","147","38.9","9.5","61.1","9.5","75.9","10.2","18.3","9.1","5.8","5.6","915","143","60.1","9.9","44.6","10.5","15.5","9.5","39.9","9.9","29.2","9.2","10.7","6.4","30.9","(X)","35.1","(X)","22.8","(X)","85925","8728","90656","9338","54375","40462","-","**","112266","16271","-","**","66250","44896","38723","904","52679","29453","92406","8107","51786","31707","106989","21035","74909","15564","36275","6021","91855","10336","87314","10627","96326","21451","108424","13475","68854","29672","85250","43155","68173","22956","75250","28184","46563","27923","135300","28560","53839","21867","54018","33720","52321","32391","(X)","(X)","(X)","(X)","(X)","(X)"
"1400000US36047050500","Census Tract 505, Kings County, New York","1845","76","44.3","9.1","18.0","8.1","0.9","1.3","7.6","2.0","0.0","1.7","25.4","8.1","3.7","2.5","58.0","7.7","25.1","7.0","5.2","3.6","38.5","7.6","27.5","7.5","28.8","7.6","965","137","38.9","8.3","61.1","8.3","43.7","10.0","48.2","9.8","8.1","5.0","880","143","54.5","11.5","41.5","10.6","13.1","8.4","45.5","11.5","33.4","12.3","12.0","6.3","38.9","(X)","39.0","(X)","38.9","(X)","20221","3227","25156","9332","17974","8301","-","**","22837","7161","-","**","18353","2415","30278","45170","18787","1421","35000","20929","56875","92012","33125","17924","18164","2582","13787","4234","22440","5626","24628","10694","20385","8012","24653","15383","20913","8571","19091","46339","18209","3201","12875","10747","12076","3649","60089","52068","19088","4586","18209","2066","73269","122168","(X)","(X)","(X)","(X)","(X)","(X)"
"1400000US36047050600","Census Tract 506, Kings County, New York","1834","102","19.9","5.1","56.1","7.1","0.0","1.8","4.7","2.8","0.0","1.8","16.7","6.1","2.6","2.5","27.1","6.4","11.7","4.5","4.0","3.4","36.4","7.2","41.1","6.7","18.6","3.1","1154","137","48.1","9.3","51.9","9.3","42.5","10.4","43.0","9.2","14.6","6.3","680","145","45.6","14.1","33.4","12.5","12.2","6.8","54.4","14.1","40.0","12.3","14.4","9.9","38.7","(X)","38.5","(X)","34.0","(X)","36848","8910","43267","18713","35224","4690","-","**","82895","118010","-","**","43350","34826","76154","52507","34792","27835","44250","53083","26181","60132","44950","24437","44574","18781","29750","16957","37471","14937","42861","15232","37139","27960","60071","33140","35481","5052","35167","35290","29677","6725","22273","21453","15625","6057","87386","85664","29758","27244","25956","17437","87206","29533","(X)","(X)","(X)","(X)","(X)","(X)"
"1400000US36047050700","Census Tract 507, Kings County, New York","471","60","71.5","9.2","5.7","4.2","0.0","6.7","0.8","1.7","0.0","6.7","16.1","8.4","5.7","6.9","40.8","11.5","48.2","9.3","14.9","11.2","53.5","11.8","28.2","10.3","3.4","4.2","418","65","82.8","9.3","17.2","9.3","72.5","13.4","15.1","13.8","12.4","10.1","53","37","45.3","41.7","45.3","41.7","0.0","40.7","54.7","41.7","39.6","47.8","15.1","26.7","42.9","(X)","47.4","(X)","7.5","(X)","25347","13479","18681","14453","75694","98089","-","**","-","**","-","**","39500","29484","-","**","30658","20481","14899","13667","12035","28596","18611","11280","36989","13346","-","**","23125","16535","20000","14781","36111","21384","23281","14973","11361","737","35795","5159","45298","37123","21429","2292","21429","2292","-","**","46726","6762","-","**","-","**","(X)","(X)","(X)","(X)","(X)","(X)"
"1400000US36047050801","Census Tract 508.01, Kings County, New York","1333","109","9.5","5.8","70.7","6.1","0.0","2.4","5.2","6.4","0.0","2.4","13.9","7.6","0.8","1.3","23.7","7.5","4.7","4.1","0.0","2.4","47.5","9.9","43.6","9.8","8.9","4.3","953","142","45.5","10.5","54.5","10.5","45.1","12.1","46.9","11.7","8.0","6.2","380","139","45.3","21.0","42.9","21.1","2.4","4.0","54.7","21.0","41.1","17.0","13.7","13.7","54.8","(X)","67.4","(X)","17.6","(X)","39176","12844","56204","21296","39318","9505","-","**","-","**","-","**","51726","71125","-","**","50357","56914","56944","15078","-","**","35536","21960","48531","11657","21295","5801","36750","21837","33158","7717","64219","33103","53438","28232","23942","19332","16875","116757","38580","26717","51250","23983","50125","26232","-","**","14097","21455","11667","9473","-","**","(X)","(X)","(X)","(X)","(X)","(X)"
"1400000US36047050803","Census Tract 508.03, Kings County, New York","883","77","22.3","9.8","69.3","11.1","0.0","3.6","2.8","3.2","1.0","1.6","4.0","4.8","0.6","0.9","10.1","7.1","20.5","10.0","3.2","2.9","53.6","7.4","24.7","8.5","18.6","6.2","443","118","45.4","13.8","54.6","13.8","34.5","14.3","63.0","14.6","2.5","3.1","440","95","58.9","16.3","53.0","16.8","5.9","6.9","41.1","16.3","12.7","7.8","28.4","18.3","44.7","(X)","51.7","(X)","37.7","(X)","42938","13744","61328","18612","38250","16802","-","**","-","**","-","**","-","**","-","**","14511","45297","60911","5195","41818","12669","61276","11007","26111","12310","23452","9404","48068","15226","37625","32110","57153","16364","55972","12044","39875","15257","-","**","31000","37282","29438","29764","27813","20323","130469","66305","67708","118861","13750","6707","109792","49268","(X)","(X)","(X)","(X)","(X)","(X)"
"1400000US36047050804","Census Tract 508.04, Kings County, New York","2347","113","21.4","6.2","61.9","6.7","0.0","1.4","4.9","2.6","0.0","1.4","10.8","4.8","1.0","1.5","21.0","5.3","15.1","4.6","4.0","3.0","41.5","7.5","45.5","6.5","8.9","3.7","1142","177","51.7","11.5","48.3","11.5","48.9","12.8","42.8","11.3","8.2","5.0","1205","155","52.5","11.7","47.6","11.6","5.0","5.0","47.5","11.7","31.2","10.2","16.3","8.8","46.8","(X)","59.6","(X)","33.8","(X)","49319","3629","45667","20243","49792","12356","-","**","17604","13949","-","**","55172","5791","-","**","50382","18036","50833","13003","49408","55601","49871","11316","50685","3851","16250","12588","52429","14949","49250","14365","61630","22733","62951","28552","32049","20664","38929","38489","37109","17602","31563","21533","30460","10000","73333","51945","43333","22557","30000","30844","53158","27841","(X)","(X)","(X)","(X)","(X)","(X)"
"1400000US36047050900","Census Tract 509, Kings County, New York","648","50","83.2","8.1","3.4","3.6","0.0","4.9","0.0","4.9","0.0","4.9","13.4","7.0","0.0","4.9","17.1","7.2","80.9","7.7","9.0","6.3","53.4","8.1","30.7","6.8","6.9","2.9","632","53","83.4","6.6","16.6","6.6","86.2","7.9","8.4","6.1","5.4","5.4","16","18","43.8","56.2","43.8","56.2","0.0","74.1","56.3","56.3","56.3","56.3","0.0","74.1","43.8","(X)","43.8","(X)","43.8","(X)","29559","4670","30656","5297","-","**","-","**","-","**","-","**","19076","11981","-","**","27961","15986","30300","7393","10625","5018","25000","13097","36250","16053","2,500-","***","28676","6252","25417","11741","30212","1494","29083","7963","19620","19002","28816","9605","-","**","-","**","-","**","-","**","-","**","-","**","-","**","(X)","(X)","(X)","(X)","(X)","(X)"
"1400000US36047051001","Census Tract 510.01, Kings County, New York","1371","107","9.5","6.3","80.5","6.9","2.7","3.3","0.0","2.3","0.0","2.3","5.8","4.1","1.5","1.6","11.5","5.4","6.6","4.7","6.5","5.6","43.2","10.5","42.7","10.4","7.7","5.1","906","169","51.2","13.0","48.8","13.0","25.4","12.9","50.3","14.7","24.3","13.2","465","159","55.1","16.8","42.8","16.9","12.3","12.7","44.9","16.8","36.3","18.9","8.6","10.6","27.4","(X)","32.1","(X)","18.1","(X)","42088","6030","37647","62970","50238","16621","-","**","-","**","-","**","40511","7244","-","**","32500","22568","39081","12688","36042","16100","43429","12404","51098","18211","31359","50559","55329","12379","51212","15235","77708","46229","50000","29147","52778","14902","65637","42802","28292","13212","29750","10211","27266","18029","29875","63911","16569","18744","15878","7926","-","**","(X)","(X)","(X)","(X)","(X)","(X)"
"1400000US36047051002","Census Tract 510.02, Kings County, New York","1791","83","16.2","5.3","73.2","6.4","0.5","0.8","1.8","1.7","0.0","1.8","8.0","4.9","0.3","0.5","16.5","6.1","8.7","4.0","3.1","2.1","40.1","6.8","41.6","7.3","15.2","3.2","1155","148","42.4","10.0","57.6","10.0","44.1","12.7","40.2","11.5","15.8","7.0","636","143","53.8","13.3","45.4","14.6","8.3","7.4","46.2","13.3","35.2","12.0","11.0","10.2","40.1","(X)","47.5","(X)","25.5","(X)","44153","3483","44985","23928","44266","7841","-","**","2,500-","***","-","**","27650","16433","-","**","43135","19993","56818","35587","45282","56591","44960","13164","46734","16137","35966","21924","44941","7229","35536","17925","48047","20060","75144","40707","41250","11948","37386","41710","38611","13776","35583","9089","32563","27720","47137","33649","55242","44652","14592","60046","71389","10336","(X)","(X)","(X)","(X)","(X)","(X)"
"1400000US36047051100","Census Tract 511, Kings County, New York","1636","119","56.1","8.6","9.8","4.9","0.3","0.6","14.7","2.7","0.0","2.0","18.4","5.7","0.7","1.1","40.3","6.2","36.6","6.9","4.4","2.9","44.6","6.5","34.5","5.6","16.5","4.4","843","128","41.0","8.3","59.0","8.3","52.2","10.1","38.6","10.8","9.3","7.0","793","133","56.7","12.4","47.7","13.2","9.1","5.7","43.3","12.4","26.9","11.0","16.4","8.9","39.7","(X)","29.7","(X)","50.4","(X)","30637","12522","36655","17203","38306","18916","-","**","22159","42088","-","**","15938","8058","-","**","17214","9003","62083","22795","31136","96226","58819","11727","20854","3089","13911","2868","28036","15905","21181","18479","31424","29638","57708","17494","15288","2813","52400","54949","35547","20559","24792","19635","17155","13249","105000","37033","62546","65364","9699","39878","98021","60040","(X)","(X)","(X)","(X)","(X)","(X)"
"1400000US36047051200","Census Tract 512, Kings County, New York","2376","84","12.5","5.1","71.6","6.6","0.0","1.4","1.9","1.8","0.0","1.4","10.8","4.9","3.3","3.0","18.9","5.7","8.4","4.2","2.4","2.7","40.3","7.3","43.4","6.5","14.0","4.1","1350","168","44.4","7.7","55.6","7.7","43.8","9.1","46.4","9.5","9.8","5.7","1026","155","66.4","9.6","55.2","11.1","11.2","8.2","33.6","9.6","28.2","10.3","5.5","5.9","39.2","(X)","47.3","(X)","28.7","(X)","36214","8492","48333","15193","40518","11524","-","**","13750","18533","-","**","31071","8426","36563","167565","32652","7544","55096","20460","-","**","42969","14044","37355","12539","23125","14473","42902","11582","34028","14688","44428","11181","54323","24640","40250","13206","21607","7707","33830","7820","21417","8022","18611","9075","122548","115631","55224","13041","48925","15354","-","**","(X)","(X)","(X)","(X)","(X)","(X)"
"1400000US36047051300","Census Tract 513, Kings County, New York","1938","105","77.4","6.8","2.5","2.5","0.0","1.7","7.3","4.8","0.0","1.7","9.6","4.4","3.1","2.7","36.8","6.1","50.8","6.8","4.2","2.6","54.6","8.8","31.9","8.1","9.3","3.8","868","141","24.9","9.9","75.1","9.9","60.5","11.5","25.3","9.7","14.2","10.0","1070","174","52.0","11.8","28.4","11.1","23.6","10.1","48.0","11.8","30.6","9.8","17.5","8.8","47.1","(X)","53.7","(X)","36.5","(X)","64150","7140","67150","10031","2,500-","***","-","**","108750","113894","-","**","12344","26714","66800","21425","38100","14827","70507","19654","66750","15056","78846","16619","32857","12583","33042","21752","45298","18284","28214","20447","48409","23974","55469","46526","29821","13681","50272","18295","67750","11055","80625","35992","46250","32670","118214","18006","66150","5713","70848","9272","63125","7779","(X)","(X)","(X)","(X)","(X)","(X)"
"1400000US36047051400","Census Tract 514, Kings County, New York","2656","123","18.7","5.1","60.4","6.8","0.0","1.2","4.2","2.7","0.0","1.2","14.3","5.6","2.4","2.4","25.2","6.0","14.1","4.6","1.1","1.8","45.6","6.9","40.3","7.5","13.0","4.9","1641","206","57.3","9.1","42.7","9.1","40.8","9.8","41.4","10.1","17.9","8.1","1015","204","54.6","14.9","50.9","14.7","3.6","4.6","45.4","14.9","33.0","13.9","12.4","9.6","38.1","(X)","46.9","(X)","18.3","(X)","42304","4837","61583","29509","40712","6702","-","**","32813","11011","-","**","46507","7746","9659","73543","42388","6701","73341","11064","-","**","46027","4559","44835","6950","13333","4584","43849","3078","41360","6457","45142","4017","61635","20412","32969","15744","44792","10880","36203","10020","31172","19745","30586","22955","-","**","41199","21225","34911","11093","102012","54078","(X)","(X)","(X)","(X)","(X)","(X)"
"1400000US36047051500","Census Tract 515, Kings County, New York","680","70","86.3","6.8","0.0","4.7","0.0","4.7","5.3","3.3","0.0","4.7","1.0","2.3","7.4","6.4","18.7","7.7","68.7","7.9","1.9","2.5","59.3","8.9","30.0","8.5","8.8","5.2","257","83","42.4","16.5","57.6","16.5","35.8","15.2","56.8","13.0","7.4","7.8","423","81","54.4","13.4","45.2","13.4","9.2","5.4","45.6","13.4","27.7","11.4","18.0","8.7","47.8","(X)","61.5","(X)","39.5","(X)","100089","22717","93365","22428","-","**","-","**","76250","39835","-","**","-","**","-","**","83664","65690","98750","20757","-","**","106528","16577","101333","47635","15227","18577","84784","74478","63250","120564","106667","84707","179167","33886","41786","92234","-","**","66641","36811","53650","4566","52925","5716","105208","64477","101188","28196","101063","55367","125227","70538","(X)","(X)","(X)","(X)","(X)","(X)"
"1400000US36047051601","Census Tract 516.01, Kings County, New York","1880","98","12.8","5.0","75.3","7.2","0.0","1.7","0.4","0.8","1.0","1.4","10.5","5.2","0.0","1.7","16.6","6.3","7.3","4.3","2.0","2.8","44.1","6.7","37.2","6.9","16.7","5.5","1258","137","40.5","9.0","59.5","9.0","37.6","10.5","55.4","9.5","7.0","4.9","622","141","44.4","15.6","31.0","13.5","13.3","11.6","55.6","15.6","48.4","15.1","7.2","7.1","44.7","(X)","55.1","(X)","23.6","(X)","28918","4192","23542","19883","28265","5208","-","**","-","**","-","**","31573","5323","-","**","31089","7856","24722","21228","-","**","30938","5072","27350","3752","25161","16873","34461","5665","33079","6057","39102","11538","35750","10648","31594","6167","43625","4814","16000","13861","20000","14730","13405","5388","31469","30615","12404","17971","10240","6455","71250","99269","(X)","(X)","(X)","(X)","(X)","(X)"
"1400000US36047051602","Census Tract 516.02, Kings County, New York","1240","91","7.2","4.4","84.0","8.0","0.0","2.6","0.0","2.6","0.0","2.6","4.9","4.3","4.0","4.5","11.0","6.5","7.2","4.4","1.9","3.0","46.7","8.4","30.3","7.1","21.1","6.2","813","127","56.0","9.6","44.0","9.6","35.3","13.2","46.5","12.3","18.2","10.7","427","124","62.3","19.0","52.0","17.6","10.3","8.2","37.7","19.0","30.7","15.7","7.0","10.5","41.5","(X)","46.1","(X)","32.8","(X)","35259","6258","21932","85945","33566","5616","-","**","-","**","-","**","85563","37938","-","**","80781","22156","21932","85945","-","**","39620","9938","30064","7310","34196","5986","38858","5940","38496","9658","39896","45080","60188","11498","27843","8707","53750","42562","30133","9254","35259","10745","35560","8187","-","**","16250","11624","15040","6063","-","**","(X)","(X)","(X)","(X)","(X)","(X)"
"1400000US36047051700","Census Tract 517, Kings County, New York","914","86","83.3","8.3","4.6","4.5","0.0","3.5","10.1","6.0","0.0","3.5","2.1","3.2","0.0","3.5","12.3","7.0","77.7","8.7","0.9","1.7","66.0","9.2","23.3","9.1","9.8","4.9","329","95","23.1","15.5","76.9","15.5","66.3","20.3","18.8","15.6","14.9","16.9","585","101","47.0","12.1","24.4","9.8","22.6","9.1","53.0","12.1","26.2","11.0","26.8","13.0","51.5","(X)","55.0","(X)","49.6","(X)","76395","14257","76629","20494","-","**","-","**","84013","23853","-","**","-","**","-","**","49940","14557","81154","23771","-","**","83586","21537","67386","45963","18750","6766","96771","81242","94632","105459","100375","107112","166000","61281","48155","30098","-","**","72545","16624","68036","14676","61375","67137","74118","9555","75147","24659","22137","59997","104408","20217","(X)","(X)","(X)","(X)","(X)","(X)"
"1400000US36047051800","Census Tract 518, Kings County, New York","1328","73","30.9","6.7","43.7","8.3","0.0","2.4","13.6","6.1","0.0","2.4","9.0","5.0","2.8","2.3","21.6","7.5","25.4","6.4","1.8","2.9","41.9","7.4","39.1","7.0","17.2","4.7","799","106","46.3","11.8","53.7","11.8","55.7","11.4","39.4","11.4","4.9","5.5","529","106","54.4","14.3","42.9","13.5","11.5","7.4","45.6","14.3","31.2","14.1","14.4","7.7","47.5","(X)","45.9","(X)","46.9","(X)","72803","27668","106020","4203","56136","11824","-","**","86932","51018","-","**","41458","83751","9427","207384","54071","63243","105363","7920","-","**","100363","38979","100625","51551","28036","9477","95179","15450","100714","19529","90709","41738","110475","9047","61509","18397","-","**","54776","20248","41458","19760","36058","24934","119688","10542","105057","76443","66202","27253","186288","32752","(X)","(X)","(X)","(X)","(X)","(X)"
"1400000US36047051900","Census Tract 519, Kings County, New York","1922","130","81.8","6.9","2.5","2.9","0.0","1.7","4.4","3.2","0.0","1.7","7.6","5.1","3.6","3.3","14.9","5.8","72.3","7.2","4.8","3.8","68.9","7.5","19.5","6.5","6.8","3.9","596","152","32.2","11.5","67.8","11.5","87.1","8.9","7.7","5.9","5.2","5.9","1326","172","53.6","10.5","29.6","9.8","24.1","11.2","46.4","10.5","25.3","8.7","21.0","8.7","41.8","(X)","34.7","(X)","44.3","(X)","78877","8077","81530","6665","-","**","-","**","59833","254143","-","**","78849","47166","16507","17599","40179","15021","83174","7587","93555","50092","80884","5033","77500","75942","17447","16011","79408","17703","78882","39908","84318","21994","84432","32915","62083","52403","-","**","72321","19777","52538","21885","33807","11580","75972","16091","84397","8893","80517","32974","122098","104323","(X)","(X)","(X)","(X)","(X)","(X)"
"1400000US36047052000","Census Tract 520, Kings County, New York","1413","73","37.7","6.6","29.9","5.7","0.0","2.3","22.0","4.7","0.0","2.3","7.9","3.4","2.5","2.2","9.8","4.4","36.3","6.3","0.8","1.1","43.2","7.3","36.3","7.6","19.7","5.4","900","103","56.6","9.2","43.4","9.2","64.7","9.9","28.2","9.9","7.1","5.6","513","101","60.4","12.6","42.1","13.3","18.3","11.2","39.6","12.6","29.0","11.4","10.5","9.7","29.6","(X)","28.3","(X)","25.7","(X)","52861","14423","69844","16616","42353","27200","-","**","39517","16860","-","**","34338","18719","20880","1966","54583","17609","72375","14265","-","**","60156","35517","41767","19354","61500","34754","54063","22238","46750","26443","61042","35875","63125","18914","30568","13956","81087","107345","50208","21061","50556","22826","30375","6102","77045","141042","46719","34453","46094","41571","120217","176262","(X)","(X)","(X)","(X)","(X)","(X)"
"1400000US36047052300","Census Tract 523, Kings County, New York","2396","109","73.9","7.1","7.4","4.0","2.0","2.3","3.8","2.7","0.0","1.3","11.4","4.6","1.6","1.8","61.9","7.5","28.7","7.2","3.8","3.4","40.3","8.0","38.0","7.9","17.9","6.6","1392","217","26.0","9.7","74.0","9.7","37.6","12.1","52.0","12.1","10.3","8.3","1004","195","61.0","12.6","39.0","11.6","21.9","9.5","39.0","12.6","24.3","10.6","14.7","9.7","48.7","(X)","50.7","(X)","45.9","(X)","34464","17784","43919","13987","25268","35198","-","**","175347","285848","-","**","12321","10067","-","**","25625","8554","82500","25476","67692","131883","76354","16938","29100","6019","15960","8508","31722","9527","46524","14914","30583","5770","47700","24202","27911","5231","32000","14933","51458","34083","32500","27901","15690","14264","134257","30695","63857","28300","19615","62122","183286","166817","(X)","(X)","(X)","(X)","(X)","(X)"
"1400000US36047052500","Census Tract 525, Kings County, New York","1134","69","79.3","6.9","7.5","5.1","0.0","2.8","6.8","4.9","0.0","2.8","5.6","4.4","0.9","1.2","31.5","7.0","57.1","7.7","14.2","7.2","27.7","8.5","23.7","7.0","34.4","7.0","737","101","49.5","11.2","50.5","11.2","72.0","10.2","24.2","10.0","3.8","4.6","397","98","67.0","16.4","58.9","17.1","8.1","6.8","33.0","16.4","29.2","15.8","3.8","5.0","37.2","(X)","39.2","(X)","33.5","(X)","16304","1541","16434","1283","30924","21467","-","**","6845","8901","-","**","11250","18388","-","**","17639","9461","16360","1382","15739","8554","18333","25424","17153","10673","13352","2831","19191","5161","16419","1029","26892","7867","20679","5656","17034","5845","-","**","10736","2248","10000","2350","9750","1785","99091","294405","12150","4041","11842","5530","-","**","(X)","(X)","(X)","(X)","(X)","(X)"
"1400000US36047052600","Census Tract 526, Kings County, New York","1736","69","53.2","7.2","23.1","5.8","0.9","1.3","11.8","4.8","0.0","1.9","10.5","5.5","0.5","0.8","19.5","5.1","44.6","7.0","5.3","4.0","39.9","6.1","37.4","5.4","17.3","3.9","1061","116","45.3","9.8","54.7","9.8","65.1","7.9","30.0","7.6","4.9","3.5","675","115","72.1","10.1","59.9","11.7","12.3","7.0","27.9","10.1","19.4","8.6","8.4","6.9","29.9","(X)","38.4","(X)","15.4","(X)","55197","7253","54784","8554","65083","15865","-","**","43304","17536","-","**","41707","61089","-","**","53125","14667","54417","12735","55500","34910","61607","10059","57976","25272","27578","28342","62617","8215","60046","15253","64688","19426","66675","13756","56786","13198","42500","11440","43080","9305","30156","22598","25455","22551","97813","16226","45484","5308","39909","7986","50982","73744","(X)","(X)","(X)","(X)","(X)","(X)"
"1400000US36047052700","Census Tract 527, Kings County, New York","2467","103","70.2","6.7","5.4","3.2","0.0","1.3","4.1","3.2","0.0","1.3","16.2","5.5","4.1","3.0","67.1","5.7","24.6","5.1","3.1","2.2","48.1","7.1","31.5","6.1","17.4","4.1","1136","200","50.4","11.9","49.6","11.9","45.1","11.6","46.0","11.4","9.0","7.5","1331","194","64.8","10.8","38.8","10.1","26.0","7.6","35.2","10.8","18.9","8.8","16.4","8.2","46.0","(X)","45.0","(X)","42.7","(X)","25778","5999","30075","11357","14904","48463","-","**","77109","55428","-","**","14875","7919","22750","38326","16441","3840","70543","17252","96364","56615","52278","14284","16853","5245","9966","4757","27857","10266","28482","6842","22227","29153","39286","27286","19349","6477","35804","22749","22813","14812","13266","3725","10222","3184","75586","40282","65150","36903","20875","13207","123125","93171","(X)","(X)","(X)","(X)","(X)","(X)"
"1400000US36047052800","Census Tract 528, Kings County, New York","666","56","58.9","10.3","18.3","9.5","0.0","4.8","15.3","4.1","0.0","4.8","7.5","7.5","0.0","4.8","9.8","7.7","57.4","10.4","2.6","3.6","37.2","10.3","40.8","9.9","19.4","5.4","436","70","53.4","10.1","46.6","10.1","81.4","9.1","18.6","9.1","0.0","7.2","230","68","60.0","21.9","48.3","17.7","11.7","13.2","40.0","21.9","23.0","12.0","17.0","21.0","35.9","(X)","38.5","(X)","25.7","(X)","81591","18685","86458","21259","117083","84162","-","**","59500","57308","-","**","73700","80934","-","**","73450","25531","87500","24545","-","**","74900","31329","80625","25959","103304","21683","104821","8207","57750","17241","123542","31719","112614","20564","50972","8543","-","**","45357","33006","32283","7440","30815","8209","-","**","95500","68503","64063","79234","-","**","(X)","(X)","(X)","(X)","(X)","(X)"
"1400000US36047052900","Census Tract 529, Kings County, New York","982","71","93.6","5.1","0.8","1.4","0.0","3.3","1.3","2.1","0.0","3.3","4.3","4.7","0.0","3.3","11.1","6.7","86.8","6.8","8.9","6.0","51.4","9.6","18.9","7.9","20.8","10.8","869","96","62.9","8.6","37.1","8.6","92.1","5.9","5.9","4.8","2.1","3.3","113","80","77.0","25.0","77.0","25.0","0.0","24.6","23.0","25.0","23.0","25.0","0.0","24.6","42.9","(X)","48.4","(X)","0.0","(X)","25773","9253","25750","9605","-","**","-","**","-","**","-","**","-","**","-","**","18606","21536","26318","8466","25048","25639","23162","13074","44474","15224","18462","15812","27159","7136","23456","12376","29741","14850","28276","7954","13068","9043","-","**","10382","2130","9632","1623","9632","1623","-","**","89167","137158","89167","137158","-","**","(X)","(X)","(X)","(X)","(X)","(X)"
"1400000US36047053000","Census Tract 530, Kings County, New York","1097","71","76.1","6.0","6.9","4.7","0.0","2.9","17.0","4.1","0.0","2.9","0.0","2.9","0.0","2.9","5.4","4.1","71.6","6.8","7.3","4.8","28.4","7.6","46.4","8.2","18.0","6.2","720","97","36.0","9.2","64.0","9.2","63.9","9.6","22.8","8.6","13.3","7.7","377","98","53.3","15.8","48.0","16.9","5.3","8.6","46.7","15.8","39.5","14.9","7.2","8.2","36.0","(X)","38.5","(X)","25.7","(X)","48727","5920","48832","5966","9861","38592","-","**","51786","25702","-","**","-","**","-","**","46806","64228","49511","7376","49821","30900","53274","29788","47578","16028","13359","8896","56042","10986","62396","26201","54375","9133","75400","26989","34900","12672","56250","14553","14952","12059","20350","13516","21350","8033","-","**","13654","8243","12313","3419","-","**","(X)","(X)","(X)","(X)","(X)","(X)"
"1400000US36047053100","Census Tract 531, Kings County, New York","1515","93","99.7","1.0","0.0","2.1","0.0","2.1","0.0","2.1","0.0","2.1","0.3","1.0","0.0","2.1","11.8","4.5","88.2","4.5","21.8","6.4","62.0","6.6","12.0","5.2","4.2","3.6","1412","106","87.4","3.9","12.6","3.9","95.6","3.5","4.4","3.5","0.0","2.3","103","63","49.5","33.5","39.8","33.8","9.7","17.0","50.5","33.5","27.2","22.8","23.3","27.9","42.3","(X)","43.1","(X)","32.0","(X)","35694","7213","35583","7697","-","**","-","**","-","**","-","**","-","**","-","**","57138","45729","33214","12814","25417","12862","39848","9596","45227","19534","19961","170452","35786","7408","31458","13118","65577","45978","36143","7048","13214","54667","-","**","35375","35186","18789","49157","-","**","-","**","39444","14942","38889","55017","-","**","(X)","(X)","(X)","(X)","(X)","(X)"
"1400000US36047053200","Census Tract 532, Kings County, New York","918","85","76.4","8.3","9.5","6.0","0.0","3.5","9.6","4.9","0.0","3.5","3.2","4.2","1.4","1.9","3.8","4.3","76.4","8.3","3.3","4.0","41.9","8.1","29.7","6.1","25.1","6.5","579","100","35.4","10.6","64.6","10.6","83.6","9.4","12.8","9.2","3.6","4.5","339","88","52.8","16.9","50.1","17.4","2.7","4.9","47.2","16.9","43.4","17.2","3.8","4.8","36.8","(X)","35.2","(X)","32.7","(X)","50000","15723","48625","16269","61458","48571","-","**","41019","7881","-","**","-","**","-","**","-","**","48625","16269","-","**","45444","5932","82875","27138","49375","45410","76940","20204","45363","35270","81389","10843","81111","25408","75172","61719","-","**","38451","5880","39018","15460","38214","18898","-","**","38203","12422","37695","16891","-","**","(X)","(X)","(X)","(X)","(X)","(X)"
"1400000US36047053300","Census Tract 533, Kings County, New York","1727","101","97.8","2.7","1.6","2.6","0.0","1.9","0.0","1.9","0.0","1.9","0.0","1.9","0.6","1.0","3.1","2.4","94.7","3.8","20.0","6.0","38.6","7.2","21.8","5.9","19.6","5.8","1469","131","77.2","6.4","22.8","6.4","95.0","4.3","0.6","1.0","4.4","4.1","258","91","51.9","19.0","51.9","19.0","0.0","11.8","48.1","19.0","38.8","19.0","9.3","9.6","47.5","(X)","49.1","(X)","38.4","(X)","18781","5120","19281","5116","-","**","-","**","-","**","-","**","-","**","-","**","41389","47287","18969","5039","12050","3328","17364","7478","31061","3239","20028","9137","20813","7774","17158","5988","31172","20304","20357","6534","-","**","75921","99199","11902","3140","11304","11355","11304","11355","-","**","12500","4245","11196","3459","-","**","(X)","(X)","(X)","(X)","(X)","(X)"
"1400000US36047053400","Census Tract 534, Kings County, New York","1252","82","66.9","7.5","6.5","5.1","0.0","2.6","17.8","6.6","0.0","2.6","5.5","6.0","3.2","2.9","8.1","6.4","64.4","7.9","1.2","1.4","34.3","7.4","44.6","7.2","19.9","7.0","872","123","42.0","11.5","58.0","11.5","69.0","11.9","28.3","11.5","2.6","3.3","380","117","69.5","13.0","61.1","15.4","8.4","10.2","30.5","13.0","28.4","13.7","2.1","3.2","28.3","(X)","23.4","(X)","39.5","(X)","25667","12720","41111","19237","23889","25261","-","**","21598","11756","-","**","33850","19548","-","**","33750","22095","41204","19172","-","**","23600","14415","38229","15485","15871","23538","33000","14778","22778","13376","42115","21004","43510","9595","21221","7414","-","**","13986","6351","12500","16694","10595","6658","-","**","14537","21719","14167","26108","-","**","(X)","(X)","(X)","(X)","(X)","(X)"
"1400000US36047053500","Census Tract 535, Kings County, New York","1093","87","89.3","5.9","0.0","2.9","0.0","2.9","0.0","2.9","0.0","2.9","10.7","5.9","0.0","2.9","13.1","6.5","86.9","6.5","26.4","8.6","29.0","9.2","31.1","8.7","13.4","5.8","928","91","79.1","7.3","20.9","7.3","89.7","5.3","5.3","4.3","5.1","4.7","165","69","78.2","23.9","72.7","24.7","5.5","8.6","21.8","23.9","21.8","23.9","0.0","17.8","48.8","(X)","52.3","(X)","29.1","(X)","18245","4583","17324","4046","-","**","-","**","-","**","-","**","37649","28474","-","**","37827","25906","17200","4261","13125","2373","14908","16780","35855","15624","17298","5511","18846","4620","18779","5875","19167","5591","19767","4953","16480","744","18750","86022","16012","10627","9965","14706","9653","7212","-","**","-","**","-","**","-","**","(X)","(X)","(X)","(X)","(X)","(X)"
"1400000US36047053700","Census Tract 537, Kings County, New York","719","32","97.8","2.5","0.0","4.4","0.0","4.4","0.0","4.4","0.0","4.4","0.0","4.4","2.2","2.5","0.7","1.9","97.1","3.0","13.2","6.8","44.1","10.1","33.2","9.0","9.5","5.1","681","41","80.2","8.8","19.8","8.8","95.6","3.7","2.9","3.1","1.5","2.2","38","26","89.5","19.5","89.5","19.5","0.0","48.1","10.5","19.5","10.5","19.5","0.0","48.1","49.9","(X)","51.2","(X)","26.3","(X)","20990","6914","20781","6626","-","**","-","**","-","**","-","**","-","**","-","**","-","**","20521","6616","25990","14402","17546","3543","29821","12519","16250","14600","23092","7408","22292","8392","24821","15320","23750","7146","-","**","-","**","9444","5294","9167","4124","9167","4124","-","**","-","**","-","**","-","**","(X)","(X)","(X)","(X)","(X)","(X)"
"1400000US36047053800","Census Tract 538, Kings County, New York","1845","139","81.0","8.3","2.1","3.2","0.0","1.7","6.0","4.0","0.0","1.7","9.5","7.3","1.4","1.6","11.9","7.3","78.7","8.3","3.8","2.8","29.6","7.1","37.8","9.0","28.8","6.3","976","159","35.7","7.7","64.3","7.7","76.8","9.7","12.6","6.8","10.6","9.3","869","173","45.9","15.7","44.4","15.5","1.5","2.3","54.1","15.7","49.9","15.9","4.1","6.6","35.8","(X)","25.6","(X)","43.7","(X)","29287","5953","30331","11658","-","**","-","**","44500","34880","-","**","28763","6352","-","**","28911","3030","29881","11770","71417","26965","33214","11289","32096","13587","17861","8209","34213","9429","33372","8684","37115","15100","34954","9707","22159","31352","29929","49574","16698","4235","15809","11479","15490","7700","-","**","17772","6768","16707","9107","-","**","(X)","(X)","(X)","(X)","(X)","(X)"
"1400000US36047053900","Census Tract 539, Kings County, New York","842","22","86.2","6.7","12.0","6.8","0.6","0.9","0.0","3.8","0.0","3.8","0.7","1.3","0.5","0.8","14.6","5.5","73.4","7.2","4.6","3.1","25.4","7.0","45.8","6.6","24.1","5.5","703","52","53.9","8.8","46.1","8.8","78.4","8.0","10.8","5.8","10.8","6.6","139","50","87.8","15.0","87.8","15.0","0.0","20.7","12.2","15.0","12.2","15.0","0.0","20.7","41.6","(X)","44.0","(X)","27.3","(X)","23415","2881","23750","2529","17083","77415","-","**","-","**","-","**","-","**","-","**","44375","36631","22125","5254","15375","4346","24418","23648","25284","9114","13287","9490","24924","4685","23701","4115","27102","16607","24436","4770","26250","35080","65192","104040","11910","2396","11979","3034","11979","3034","-","**","-","**","-","**","-","**","(X)","(X)","(X)","(X)","(X)","(X)"
"1400000US36047054200","Census Tract 542, Kings County, New York","1494","80","89.4","4.3","1.7","2.3","0.0","2.1","7.2","4.0","0.0","2.1","1.3","2.1","0.4","0.7","4.2","3.1","86.5","4.6","4.3","4.0","25.2","5.2","43.0","6.9","27.5","3.9","1019","114","43.5","8.5","56.5","8.5","76.5","9.1","17.1","8.6","6.4","4.1","475","101","66.9","11.4","63.6","11.8","3.4","4.3","33.1","11.4","27.4","10.8","5.7","7.9","31.3","(X)","35.9","(X)","21.5","(X)","42826","17261","44810","13102","-","**","-","**","24313","14162","-","**","-","**","-","**","30104","31494","45648","14520","65875","43468","54625","24003","60875","23356","13609","1990","54813","23532","60875","22840","50938","32077","64375","13263","32500","53760","32426","24274","14336","5841","13359","4013","12734","4208","-","**","26250","34635","12381","30101","-","**","(X)","(X)","(X)","(X)","(X)","(X)"
"1400000US36047054300","Census Tract 543, Kings County, New York","113","43","67.3","23.3","23.0","21.7","0.0","24.6","5.3","7.6","0.0","24.6","0.0","24.6","4.4","7.7","0.0","24.6","67.3","23.3","11.5","18.0","59.3","24.0","18.6","15.9","10.6","15.4","35","26","37.1","43.0","62.9","43.0","48.6","39.6","51.4","39.6","0.0","50.1","78","41","55.1","30.0","28.2","26.7","26.9","30.2","44.9","30.0","21.8","22.7","23.1","27.2","45.1","(X)","37.1","(X)","48.7","(X)","77396","8766","77292","8643","-","**","-","**","-","**","-","**","-","**","-","**","-","**","77292","8643","-","**","117596","82718","72750","53630","-","**","26875","93763","-","**","82500","41143","91042","77580","-","**","-","**","76042","25959","80859","54780","34792","98189","-","**","72250","48228","-","**","-","**","(X)","(X)","(X)","(X)","(X)","(X)"
"1400000US36047054400","Census Tract 544, Kings County, New York","1203","91","91.3","4.1","0.0","2.7","0.0","2.7","7.6","3.7","0.0","2.7","0.0","2.7","1.1","1.7","0.0","2.7","91.3","4.1","0.7","1.0","29.0","6.7","36.0","6.6","34.3","6.7","735","104","31.7","9.1","68.3","9.1","86.5","7.8","11.8","7.3","1.6","2.7","468","94","62.0","14.7","62.0","14.7","0.0","6.7","38.0","14.7","32.3","13.8","5.8","6.1","26.8","(X)","29.1","(X)","23.1","(X)","60274","16131","61890","11029","-","**","-","**","30833","3630","-","**","-","**","-","**","-","**","61890","11029","-","**","66932","7524","77232","18899","17426","19926","70139","9804","75250","13207","67929","15459","71296","16347","42125","30170","-","**","24250","26010","14545","14962","14545","14962","-","**","65606","13634","65341","36093","-","**","(X)","(X)","(X)","(X)","(X)","(X)"
"1400000US36047054500","Census Tract 545, Kings County, New York","2334","102","74.6","5.7","15.6","4.4","0.0","1.4","0.0","1.4","0.0","1.4","6.0","4.2","3.8","3.3","32.9","7.0","51.5","5.4","6.1","4.0","24.1","6.3","41.3","7.0","28.6","4.0","1408","198","52.8","9.7","47.2","9.7","61.6","8.1","24.8","9.1","13.6","7.5","926","211","72.2","12.3","64.3","14.9","8.0","9.9","27.8","12.3","27.8","12.3","0.0","3.4","45.1","(X)","46.4","(X)","43.1","(X)","14348","1617","17488","5780","7896","7385","-","**","-","**","-","**","8574","1174","8776","45225","13977","8482","16410","4389","9122","3067","26038","9453","16281","6084","9333","583","17035","6399","25524","7171","14317","2076","21750","9720","11713","7951","14707","17109","10705","2594","9767","1990","9559","1213","-","**","15121","10295","15121","10295","-","**","(X)","(X)","(X)","(X)","(X)","(X)"
"1400000US36047054600","Census Tract 546, Kings County, New York","1857","82","94.3","3.1","0.6","1.0","0.0","1.7","3.8","2.3","0.0","1.7","1.2","1.9","0.0","1.7","4.6","3.3","90.2","4.1","2.6","2.9","40.2","6.4","34.8","6.2","22.4","4.0","1115","156","42.7","7.3","57.3","7.3","74.3","8.9","15.5","8.4","10.2","6.0","742","133","67.9","9.3","59.2","9.2","8.8","6.3","32.1","9.3","26.0","8.8","6.1","4.7","37.2","(X)","40.6","(X)","32.1","(X)","34229","6893","33750","6372","-","**","-","**","25781","41041","-","**","-","**","-","**","45000","78174","33563","5986","-","**","39700","14919","48281","16255","14942","5954","53711","15137","67125","22743","39906","12385","58438","11488","31367","31154","46429","57704","15125","9064","12979","4993","12213","2807","24323","14352","30658","23632","30855","32897","27031","71034","(X)","(X)","(X)","(X)","(X)","(X)"
"1400000US36047054700","Census Tract 547, Kings County, New York","1517","83","81.4","4.8","6.5","4.1","0.5","0.8","3.9","2.0","0.0","2.1","6.3","4.0","1.5","1.6","29.7","6.5","60.8","6.5","4.9","3.2","55.0","6.3","29.7","5.9","10.4","5.4","924","100","64.5","9.5","35.5","9.5","69.6","9.0","25.1","7.4","5.3","4.8","593","91","36.6","11.7","33.1","11.4","3.5","3.9","63.4","11.7","30.7","11.1","32.7","11.0","38.2","(X)","39.3","(X)","31.9","(X)","39750","10734","38750","14528","24167","28118","-","**","156776","39267","-","**","36111","34193","152500","221951","35093","18085","40667","16359","27875","21475","61125","8516","28750","11171","22885","21221","29250","7632","25370","7314","31630","10043","31674","5302","23214","12976","16289","1028","59821","8633","43155","26295","41250","41569","-","**","62027","47093","55938","36161","106447","57840","(X)","(X)","(X)","(X)","(X)","(X)"
"1400000US36047054800","Census Tract 548, Kings County, New York","746","53","85.0","6.3","1.1","1.6","0.0","4.3","13.9","6.0","0.0","4.3","0.0","4.3","0.0","4.3","3.2","3.6","81.8","7.5","0.0","4.3","28.4","8.7","46.4","10.7","25.2","10.7","572","70","39.5","9.0","60.5","9.0","85.5","9.2","10.5","7.6","4.0","4.9","174","69","48.9","17.8","48.9","17.8","0.0","17.0","51.1","17.8","39.1","20.9","12.1","11.4","51.2","(X)","55.8","(X)","36.2","(X)","61875","20382","60250","22134","-","**","-","**","107667","121492","-","**","-","**","-","**","-","**","59688","22169","-","**","60750","27742","54167","58955","68804","47814","69559","42240","58438","42896","108167","34756","87159","48105","11974","48619","-","**","22500","16325","18281","7663","18281","7663","-","**","50938","81506","21905","52259","90893","171917","(X)","(X)","(X)","(X)","(X)","(X)"
"1400000US36047054900","Census Tract 549, Kings County, New York","1225","71","79.8","6.9","3.9","3.6","0.0","2.6","6.9","3.5","0.0","2.6","6.5","4.1","2.9","2.6","21.2","5.6","65.1","7.1","6.8","4.5","71.9","7.7","16.2","6.3","5.1","2.1","653","108","40.3","12.2","59.7","12.2","66.2","12.9","17.5","9.6","16.4","10.1","572","105","36.7","11.7","20.6","10.6","16.1","8.8","63.3","11.7","41.3","12.9","22.0","8.6","46.8","(X)","51.5","(X)","41.4","(X)","62882","11114","61063","25329","139167","229280","-","**","64643","106518","-","**","46964","50145","146818","196142","14620","31814","70673","39861","12067","37838","83906","39348","14781","44092","11607","21003","62716","24425","35542","36480","90000","46546","90000","46635","55577","52738","13469","1857","61250","15496","44527","63586","16731","106644","87727","112328","62125","39599","54342","26223","137778","121287","(X)","(X)","(X)","(X)","(X)","(X)"
"1400000US36047055000","Census Tract 550, Kings County, New York","1484","72","87.5","6.1","1.3","1.4","0.0","2.2","6.4","3.8","0.0","2.2","3.8","4.6","0.9","1.5","10.2","4.0","80.8","5.4","3.6","3.9","38.1","7.7","34.6","7.5","23.8","4.6","942","111","47.0","9.0","53.0","9.0","77.4","10.0","17.4","8.4","5.2","5.9","542","113","57.0","13.7","55.9","13.7","1.1","1.8","43.0","13.7","39.9","13.8","3.1","4.0","47.1","(X)","56.5","(X)","30.8","(X)","41528","9802","37257","9726","-","**","-","**","50481","48558","-","**","64375","72511","-","**","9453","70084","41797","8559","-","**","44006","9250","55469","22205","14907","1657","43239","8718","43068","24656","43750","15781","44744","16024","37273","31239","-","**","26458","16375","21688","8109","21313","8679","-","**","49950","71251","63750","64414","-","**","(X)","(X)","(X)","(X)","(X)","(X)"
"1400000US36047055100","Census Tract 551, Kings County, New York","2203","108","77.7","7.0","5.6","3.5","0.0","1.5","3.9","3.7","0.0","1.5","11.0","5.7","1.8","1.9","48.8","7.3","42.6","6.4","2.5","2.4","56.9","7.8","29.6","7.9","11.0","5.0","858","178","51.6","12.9","48.4","12.9","48.7","13.5","32.8","13.1","18.5","10.3","1345","184","27.6","8.6","15.5","6.9","12.0","6.7","72.4","8.6","37.9","10.8","34.5","10.4","41.4","(X)","47.7","(X)","34.6","(X)","61536","4422","63084","7637","23500","23047","-","**","62893","14838","-","**","34423","61472","68750","111301","42366","24294","92169","28607","97344","87352","69391","18815","37941","28640","13125","4049","61319","8290","61701","11293","49712","36027","67100","35537","27679","37992","55284","36278","60670","10912","60662","21091","13482","46863","85208","43878","60673","12718","22800","21102","106082","26458","(X)","(X)","(X)","(X)","(X)","(X)"
"1400000US36047055200","Census Tract 552, Kings County, New York","1387","87","78.2","6.4","0.7","1.2","0.0","2.3","19.3","5.7","0.0","2.3","1.2","1.8","0.6","1.1","4.3","4.5","75.7","7.5","2.0","3.2","35.5","9.7","39.4","8.8","23.1","6.7","889","111","38.8","11.8","61.2","11.8","77.5","10.7","14.3","7.8","8.2","7.1","498","116","58.6","16.9","56.8","17.0","1.8","2.8","41.4","16.9","37.6","16.9","3.8","4.2","39.8","(X)","40.5","(X)","36.5","(X)","38905","5091","41029","11978","-","**","-","**","27250","20007","-","**","-","**","-","**","22206","17071","43083","18515","-","**","39401","32495","55156","19457","17500","7973","54620","26170","54728","21534","44868","39993","59438","27625","54375","23714","38625","50100","28590","5713","24688","8997","23281","9326","-","**","44773","29261","42614","31588","-","**","(X)","(X)","(X)","(X)","(X)","(X)"
"1400000US36047055300","Census Tract 553, Kings County, New York","1238","111","82.6","5.6","4.0","3.4","1.1","1.7","7.4","4.2","0.0","2.6","5.0","3.3","0.0","2.6","14.9","3.8","73.7","5.8","6.9","4.9","57.5","7.3","23.5","6.0","12.1","3.4","522","113","32.4","12.1","67.6","12.1","82.0","13.0","12.5","12.1","5.6","5.2","716","117","59.4","9.5","35.9","7.5","23.5","9.2","40.6","9.5","15.4","8.3","25.3","8.7","30.3","(X)","32.2","(X)","28.9","(X)","73171","17295","75469","20490","32550","19727","-","**","117604","116239","-","**","74722","106510","-","**","12125","40084","84676","21763","110758","37797","92500","22795","68162","19572","10663","1367","73194","49329","107721","31609","62875","21632","104583","34029","34550","22663","14306","70659","68750","22262","44271","34470","16719","14939","150536","66360","76094","34234","57500","18986","100898","34234","(X)","(X)","(X)","(X)","(X)","(X)"
"1400000US36047055400","Census Tract 554, Kings County, New York","1528","100","89.0","5.2","1.2","1.3","0.0","2.1","5.0","3.2","0.0","2.1","4.8","4.6","0.0","2.1","6.9","4.4","85.7","5.4","5.0","3.7","43.0","7.0","34.4","6.3","17.7","4.9","961","136","39.6","9.4","60.4","9.4","73.5","9.3","19.3","8.8","7.3","5.0","567","115","54.0","12.4","43.0","10.8","10.9","7.4","46.0","12.4","34.6","12.2","11.5","8.6","42.6","(X)","40.7","(X)","45.9","(X)","47368","8502","46286","8027","-","**","-","**","77738","11216","-","**","40882","35121","-","**","42132","31282","44682","8513","33854","13358","52217","4623","60188","20097","20294","9622","50391","9425","44120","14596","58015","17532","50764","10767","50521","22417","43500","65516","33565","11407","30238","15229","20972","11360","80000","56445","50231","34359","36786","31115","73102","80458","(X)","(X)","(X)","(X)","(X)","(X)"
"1400000US36047055500","Census Tract 555, Kings County, New York","1855","131","78.2","5.7","5.3","3.5","0.0","1.7","9.9","4.7","0.0","1.7","4.0","2.3","2.7","1.9","19.2","5.4","66.6","6.5","5.2","3.8","75.3","5.8","17.5","5.4","2.0","1.6","705","153","48.7","11.1","51.3","11.1","59.9","11.2","28.4","10.4","11.8","8.1","1150","173","55.0","9.3","35.5","9.6","19.5","7.8","45.0","9.3","18.2","7.2","26.9","8.3","38.3","(X)","35.5","(X)","39.4","(X)","96350","18454","118906","23049","48333","8738","-","**","69338","41621","-","**","37500","15229","140750","174669","46329","4120","126023","23339","8828","6576","113214","29513","88875","53540","25750","40403","79205","66908","67596","29011","122059","53537","131625","20277","46058","14379","170402","67317","98906","17771","81667","30870","57833","11051","146750","41920","140556","34982","105341","127043","147546","17560","(X)","(X)","(X)","(X)","(X)","(X)"
"1400000US36047055600","Census Tract 556, Kings County, New York","1308","81","93.0","3.5","0.8","1.1","0.0","2.5","5.5","3.0","0.0","2.5","0.8","1.2","0.0","2.5","4.7","3.4","89.8","4.8","7.9","5.6","33.0","7.6","35.1","6.6","24.1","6.8","979","111","40.8","10.8","59.2","10.8","83.4","7.5","12.0","7.2","4.7","4.5","329","86","51.7","16.6","51.7","16.6","0.0","9.4","48.3","16.6","41.0","15.9","7.3","6.9","48.1","(X)","53.2","(X)","32.8","(X)","49472","5658","49859","5774","-","**","-","**","35000","16361","-","**","-","**","-","**","75602","82468","49630","5444","47863","17267","61563","34725","52038","4953","19236","2764","53179","12213","53964","8194","51795","37742","55278","16164","19213","27243","75370","68186","19363","2830","19623","6356","19623","6356","-","**","15972","16695","14875","13342","33611","48968","(X)","(X)","(X)","(X)","(X)","(X)"
"1400000US36047055700","Census Tract 557, Kings County, New York","995","76","84.4","7.2","1.1","1.7","0.0","3.2","11.3","5.7","0.0","3.2","2.2","3.4","1.0","1.5","11.8","7.2","77.0","8.7","3.7","3.3","70.3","9.2","23.3","8.5","2.7","2.2","357","107","21.6","12.8","78.4","12.8","80.4","15.4","13.4","12.9","6.2","9.3","638","115","56.9","10.2","33.5","10.6","23.4","10.8","43.1","10.2","25.7","7.2","17.4","9.4","44.3","(X)","52.9","(X)","39.5","(X)","71771","34965","70208","35491","-","**","-","**","100250","93776","-","**","-","**","-","**","42330","75743","70417","36808","40179","99473","85284","45095","46833","52536","83906","68422","122113","13573","80375","92483","125192","13318","133194","20414","26333","1226","-","**","55950","9117","56424","15486","55417","20781","103068","83715","54871","37277","83125","65125","53836","16586","(X)","(X)","(X)","(X)","(X)","(X)"
"1400000US36047055800","Census Tract 558, Kings County, New York","888","79","86.7","6.3","0.0","3.6","0.0","3.6","11.4","5.8","0.0","3.6","1.9","3.0","0.0","3.6","6.0","5.7","82.7","7.5","0.0","3.6","23.5","7.7","54.8","7.5","21.6","5.2","645","82","40.6","12.2","59.4","12.2","75.8","10.0","16.3","9.3","7.9","6.1","243","68","50.6","16.3","50.6","16.3","0.0","12.5","49.4","16.3","46.9","15.8","2.5","4.4","55.5","(X)","65.1","(X)","30.0","(X)","54444","5867","52206","7540","-","**","-","**","64297","7115","-","**","-","**","-","**","58292","31360","50882","12538","-","**","58875","22121","59712","21781","23333","17231","58255","7215","39464","20876","70341","21915","59453","13824","53708","37775","24830","64713","18977","26383","12452","5864","12452","5864","-","**","51563","44198","50625","38296","-","**","(X)","(X)","(X)","(X)","(X)","(X)"
"1400000US36047056000","Census Tract 560, Kings County, New York","1381","87","96.0","2.5","0.0","2.3","0.0","2.3","3.2","2.3","0.0","2.3","0.8","1.3","0.0","2.3","2.8","2.7","94.0","3.3","2.5","2.2","21.4","6.5","43.0","5.9","33.0","5.9","817","107","24.6","8.2","75.4","8.2","91.4","4.7","4.8","3.4","3.8","3.5","564","111","48.4","11.9","42.2","10.9","6.2","5.9","51.6","11.9","39.2","11.7","12.4","9.9","43.2","(X)","42.6","(X)","44.1","(X)","43583","8889","45294","9061","-","**","-","**","20938","53698","-","**","-","**","-","**","35063","14140","47353","9584","-","**","69886","87240","55667","11336","14930","6428","49938","16611","58207","54770","49512","14320","49771","15227","22083","73049","102031","94844","22375","14841","20125","16616","16250","6947","-","**","30078","24758","17917","16252","41667","21634","(X)","(X)","(X)","(X)","(X)","(X)"
"1400000US36047056100","Census Tract 561, Kings County, New York","1503","82","91.6","3.9","0.0","2.1","0.0","2.1","6.5","3.7","0.0","2.1","0.7","1.0","1.3","1.4","6.7","4.0","85.6","5.6","6.7","4.3","50.0","6.3","29.0","6.0","14.3","5.1","537","98","27.2","10.8","72.8","10.8","74.1","8.9","15.5","8.6","10.4","6.4","966","116","51.6","10.3","37.5","8.8","14.1","6.7","48.4","10.3","25.5","9.0","23.0","9.1","36.9","(X)","31.1","(X)","39.1","(X)","71750","16582","70917","20033","-","**","-","**","74083","38871","-","**","-","**","-","**","79688","30424","67000","22867","16422","6413","86593","10610","54100","37540","14958","18224","80515","10112","51111","56517","88194","15946","91136","14156","40568","23834","76786","20679","59333","14457","40313","22037","23676","19379","75789","19269","84712","18612","53000","18004","141953","34146","(X)","(X)","(X)","(X)","(X)","(X)"
"1400000US36047056200","Census Tract 562, Kings County, New York","580","36","91.4","7.2","0.0","5.4","0.0","5.4","8.6","7.2","0.0","5.4","0.0","5.4","0.0","5.4","0.0","5.4","91.4","7.2","0.0","5.4","21.7","7.7","53.6","8.6","24.7","6.7","508","48","41.3","9.1","58.7","9.1","84.8","9.6","14.0","9.8","1.2","1.9","72","40","72.2","22.0","72.2","22.0","0.0","34.4","27.8","22.0","27.8","22.0","0.0","34.4","52.9","(X)","53.9","(X)","45.8","(X)","67344","17880","68750","17598","-","**","-","**","47500","192929","-","**","-","**","-","**","-","**","68750","17598","-","**","46125","39306","80324","13355","50972","14779","75872","20757","60417","28441","81111","8482","75669","20963","77750","256346","-","**","41250","43962","33750","33272","33750","33272","-","**","82083","289712","82083","289712","-","**","(X)","(X)","(X)","(X)","(X)","(X)"
"1400000US36047056300","Census Tract 563, Kings County, New York","2045","118","74.9","7.2","5.0","3.7","1.1","1.4","10.2","4.6","0.0","1.6","7.2","3.8","1.6","2.5","22.2","6.5","59.8","7.7","0.0","1.6","51.3","6.5","34.9","6.0","13.8","4.6","796","152","36.3","10.6","63.7","10.6","73.4","12.9","23.7","13.0","2.9","3.6","1249","163","55.1","9.7","39.6","9.9","15.5","7.6","44.9","9.7","32.2","9.6","12.7","5.3","44.7","(X)","51.3","(X)","40.6","(X)","47813","12351","49643","29154","2,500-","***","-","**","43472","19009","-","**","49286","33616","-","**","19452","3783","73125","9402","-","**","71146","14250","36270","16680","9651","3338","46667","45798","44185","66655","62961","56016","68056","29048","35625","24931","-","**","44281","11381","38929","11695","21944","19176","88906","72754","63221","40186","33720","14306","166518","99864","(X)","(X)","(X)","(X)","(X)","(X)"
"1400000US36047076400","Census Tract 764, Kings County, New York","1242","89","30.4","8.1","49.0","8.4","0.0","2.6","4.1","4.8","0.0","2.6","14.3","7.3","2.2","2.9","17.4","8.1","26.2","7.8","2.6","4.0","42.7","9.2","41.1","7.1","13.7","5.8","778","107","45.0","10.8","55.0","10.8","58.0","12.1","27.9","10.3","14.1","9.2","464","91","51.1","16.4","33.6","14.3","17.5","13.4","48.9","16.4","46.1","16.6","2.8","4.4","44.4","(X)","51.3","(X)","33.0","(X)","52063","10748","69375","34293","50250","15221","-","**","190729","197097","-","**","24839","55943","-","**","23065","28666","74702","33983","-","**","62500","21617","52500","25491","42000","19688","71296","18930","91591","73746","70648","12990","72188","22239","42396","25607","115814","45528","33646","9166","24313","19216","23625","11103","60268","68076","36133","19299","35625","14126","-","**","(X)","(X)","(X)","(X)","(X)","(X)"
"1400000US36047076600","Census Tract 766, Kings County, New York","740","48","12.7","6.8","73.4","8.5","0.0","4.3","2.0","2.8","0.0","4.3","10.0","5.4","1.9","1.6","17.2","7.1","8.2","5.7","5.5","5.3","30.3","7.2","51.6","8.0","12.6","5.0","553","74","49.7","11.7","50.3","11.7","48.1","11.9","36.9","12.2","15.0","10.2","187","62","58.8","17.6","53.5","17.4","5.3","8.4","41.2","17.6","31.0","17.2","10.2","11.5","44.7","(X)","50.3","(X)","23.5","(X)","57059","7971","109167","85984","52440","14641","-","**","-","**","-","**","61346","46291","61250","215113","110096","101962","78250","87254","29076","39034","73750","24363","55556","17720","55234","4626","55859","10982","44375","16898","61250","6146","77895","20543","35000","27026","29076","53229","55625","25393","42917","48655","26875","46893","-","**","56319","21831","55000","20179","-","**","(X)","(X)","(X)","(X)","(X)","(X)"
"1400000US36047076800","Census Tract 768, Kings County, New York","1144","80","79.0","6.6","2.3","2.3","0.0","2.8","9.4","3.3","0.0","2.8","6.6","5.6","2.8","2.9","9.8","6.2","76.7","7.2","7.9","5.2","37.5","7.3","30.2","7.2","24.5","5.1","816","105","50.5","9.6","49.5","9.6","85.5","6.1","13.0","5.6","1.5","2.3","328","91","45.7","14.2","37.8","13.4","7.9","6.4","54.3","14.2","52.1","14.8","2.1","3.5","33.7","(X)","36.4","(X)","27.1","(X)","45242","11210","45403","10465","18611","80188","-","**","66641","34113","-","**","38508","33744","33750","14117","37798","20973","46452","11275","41458","42418","63281","40691","56181","27734","18942","12033","57083","14573","67031","31745","41528","8782","61023","13573","29643","106617","-","**","17895","8638","15882","7770","10313","6763","187500","71952","24688","31986","24141","32320","-","**","(X)","(X)","(X)","(X)","(X)","(X)"
"1400000US36047077000","Census Tract 770, Kings County, New York","909","92","21.1","6.7","67.4","7.7","0.0","3.5","4.8","4.6","0.0","3.5","4.3","4.6","2.3","2.7","12.3","6.7","15.4","5.8","1.3","1.8","35.3","7.4","43.2","7.3","20.1","6.7","647","114","51.3","11.1","48.7","11.1","61.4","12.2","36.8","12.5","1.9","3.0","262","85","63.0","18.6","56.9","18.6","6.1","7.5","37.0","18.6","32.8","17.7","4.2","6.2","53.5","(X)","51.8","(X)","53.8","(X)","53299","12215","71538","40762","53299","12290","-","**","27222","220355","-","**","-","**","-","**","17365","72975","70192","45905","-","**","57537","13815","80069","36959","22917","13008","54826","15585","56250","26899","53438","23794","62019","28334","45147","20264","-","**","42308","18835","40481","53728","40096","59665","-","**","47375","25338","46000","26079","-","**","(X)","(X)","(X)","(X)","(X)","(X)"
"1400000US36047077200","Census Tract 772, Kings County, New York","1167","71","38.4","6.4","54.5","5.5","0.0","2.7","0.7","1.1","0.0","2.7","5.8","3.5","0.6","1.1","7.7","4.2","36.2","6.4","1.3","1.4","31.9","7.8","50.6","6.9","16.2","5.5","788","106","45.3","7.9","54.7","7.9","58.6","9.0","31.9","8.7","9.5","5.5","379","94","38.0","18.1","38.0","18.1","0.0","8.2","62.0","18.1","58.0","18.2","4.0","4.6","52.4","(X)","56.9","(X)","43.3","(X)","49904","14405","67813","53239","48750","14313","-","**","-","**","-","**","112955","133094","-","**","69688","74097","62143","57496","-","**","60481","38143","42298","17320","68897","38904","68106","36580","36607","103412","68295","22467","92174","14067","42337","22712","27321","19790","33990","16959","49609","19879","49609","19879","-","**","26985","19043","26912","21629","-","**","(X)","(X)","(X)","(X)","(X)","(X)"
"1400000US36047077400","Census Tract 774, Kings County, New York","1075","88","32.5","8.6","47.7","10.7","0.0","3.0","8.6","7.0","2.2","2.9","7.3","5.0","1.7","2.0","18.0","6.2","26.3","8.5","4.5","3.8","38.8","10.7","42.4","9.5","14.3","5.8","623","124","39.6","13.0","60.4","13.0","51.5","15.0","41.1","14.3","7.4","8.2","452","116","57.3","15.0","43.8","15.4","13.5","11.7","42.7","15.0","33.8","15.3","8.8","9.1","54.5","(X)","63.1","(X)","42.7","(X)","53150","10827","54750","9720","55677","15376","-","**","51250","47362","-","**","23472","119530","-","**","59784","40674","47386","18070","22143","137601","56536","6108","57564","14198","14467","2286","59116","3608","54850","17820","59181","10229","59181","4944","60089","26246","58966","28110","32976","24435","21205","20423","14692","21623","45313","51861","37313","26330","40815","56755","36375","13926","(X)","(X)","(X)","(X)","(X)","(X)"
"1400000US36047077600","Census Tract 776, Kings County, New York","1720","78","5.9","3.6","86.4","4.7","0.0","1.9","0.7","1.1","0.0","1.9","1.7","2.6","5.2","2.6","9.3","4.1","4.5","2.7","0.5","0.7","31.1","7.1","48.7","7.8","19.8","5.3","1007","130","32.1","7.4","67.9","7.4","54.8","10.3","39.2","10.0","6.0","5.2","713","113","70.8","12.6","55.1","12.0","15.7","8.8","29.2","12.6","26.4","12.4","2.8","4.4","60.7","(X)","62.8","(X)","57.8","(X)","53571","6061","61944","23763","50909","7778","-","**","-","**","-","**","-","**","63462","42136","60900","29647","75481","36971","-","**","54107","10934","63558","11841","34188","3907","64637","9797","60950","20780","66447","13729","71333","22043","63958","18800","44224","23646","44806","7108","47321","8896","44050","23338","68426","28402","39318","16241","34444","23082","-","**","(X)","(X)","(X)","(X)","(X)","(X)"
"1400000US36047078000","Census Tract 780, Kings County, New York","658","90","3.0","2.5","93.8","4.3","0.0","4.8","0.0","4.8","0.0","4.8","1.8","2.8","1.4","1.7","2.3","2.1","1.8","1.7","1.5","2.3","28.9","9.9","53.5","10.3","16.1","9.5","534","100","37.6","12.6","62.4","12.6","59.6","13.3","30.5","13.4","9.9","10.8","124","51","58.1","23.4","46.0","22.4","12.1","18.0","41.9","23.4","35.5","23.0","6.5","9.1","70.2","(X)","72.5","(X)","60.5","(X)","80625","11045","103750","306609","80677","11860","-","**","-","**","-","**","-","**","-","**","104688","45236","-","**","-","**","91094","47515","85000","33681","44167","25803","89643","20788","110536","46251","82455","13669","117000","30895","79432","17225","11791","83979","38125","13091","32308","35682","48355","20270","-","**","38250","13271","37750","18081","-","**","(X)","(X)","(X)","(X)","(X)","(X)"
"1400000US36047078200","Census Tract 782, Kings County, New York","1544","67","2.3","2.4","92.3","4.0","0.0","2.1","2.1","2.4","0.0","2.1","2.7","2.5","0.6","1.0","2.7","2.5","2.3","2.4","3.0","2.8","28.8","6.0","46.7","7.1","21.4","5.7","956","112","23.5","7.9","76.5","7.9","48.4","9.7","41.1","9.3","10.5","6.2","588","112","56.0","12.4","51.7","12.3","4.3","4.9","44.0","12.4","35.0","11.2","9.0","8.3","58.6","(X)","61.8","(X)","47.4","(X)","47108","6120","76250","38746","45956","4994","-","**","-","**","-","**","27361","158114","-","**","27361","158114","76250","38746","36382","29315","45417","16139","49085","8798","58750","28543","59318","9995","45777","17175","64813","23547","82969","27458","38512","14938","46250","22823","29732","9522","25529","8032","24079","9536","-","**","44177","16225","42561","25062","64236","18554","(X)","(X)","(X)","(X)","(X)","(X)"
"1400000US36047078400","Census Tract 784, Kings County, New York","800","66","1.4","1.5","85.3","7.2","0.0","4.0","1.0","1.7","0.0","4.0","4.1","3.6","8.3","6.2","4.1","3.6","1.4","1.5","4.3","4.8","21.4","8.3","50.8","12.0","23.6","7.1","660","88","34.1","11.0","65.9","11.0","61.7","10.9","23.0","9.4","15.3","7.7","140","61","60.7","23.6","42.9","23.5","17.9","23.5","39.3","23.6","13.6","12.1","25.7","20.8","64.0","(X)","63.6","(X)","60.7","(X)","80192","14801","-","**","92333","20196","-","**","-","**","-","**","42574","5344","75976","12576","42574","5344","-","**","-","**","73854","27735","76550","19701","96161","37384","82308","21806","76921","29301","90781","19125","99813","28941","78824","21157","76250","32727","66600","10796","65650","20627","47115","37833","-","**","73819","33638","16827","61773","100250","64684","(X)","(X)","(X)","(X)","(X)","(X)"
"1400000US36047078600","Census Tract 786, Kings County, New York","1740","96","7.5","4.6","76.7","7.1","0.0","1.8","6.4","3.8","0.0","1.8","8.0","4.7","1.3","1.5","10.1","5.0","7.3","4.5","4.3","3.5","33.4","8.2","45.0","8.0","17.3","5.9","1095","136","47.9","10.8","52.1","10.8","48.3","10.3","45.6","9.9","6.1","5.1","645","145","58.4","12.6","58.1","12.4","0.3","1.4","41.6","12.6","33.3","12.6","8.2","5.7","59.4","(X)","62.8","(X)","53.6","(X)","36759","10073","22917","13350","38783","11354","-","**","43500","42308","-","**","35556","17955","-","**","32273","10106","23125","18521","26776","47304","31781","16619","44155","10369","28992","8196","43574","5860","38798","12272","58929","13961","58523","22755","31208","17263","53618","27573","25352","5421","19219","12845","18906","12857","-","**","31705","12772","30199","5770","114297","189531","(X)","(X)","(X)","(X)","(X)","(X)"
"1400000US36047078800","Census Tract 788, Kings County, New York","1189","71","6.8","4.4","84.6","8.1","0.0","2.7","0.6","1.0","0.0","2.7","6.5","5.5","1.5","1.8","9.3","6.0","3.3","3.0","1.3","2.1","23.6","6.9","56.5","8.4","18.5","5.9","810","106","50.6","10.3","49.4","10.3","38.4","10.8","44.4","13.8","17.2","10.1","379","101","71.2","15.3","65.7","15.8","5.5","6.3","28.8","15.3","17.7","12.4","11.1","12.1","56.3","(X)","59.8","(X)","38.3","(X)","40882","4882","32212","22403","40199","7429","-","**","-","**","-","**","88681","78473","-","**","85682","115540","53229","31912","-","**","40515","7601","42201","10284","31731","18618","41493","3290","37569","5654","49444","36900","58155","24808","36833","14523","21418","6094","27292","12994","22391","11594","21250","11430","-","**","33162","39984","21406","24517","-","**","(X)","(X)","(X)","(X)","(X)","(X)"
"1400000US36047079000","Census Tract 790, Kings County, New York","1778","110","3.6","2.7","89.2","3.5","0.0","1.8","1.1","1.7","0.0","1.8","4.2","2.5","1.9","1.9","7.4","3.1","1.9","1.7","3.0","3.1","37.1","6.2","39.5","6.4","20.4","5.1","1287","123","45.3","7.3","54.7","7.3","47.1","8.4","47.8","8.3","5.1","3.3","491","122","52.5","15.7","47.7","14.5","4.9","5.3","47.5","15.7","47.5","15.7","0.0","6.4","44.8","(X)","48.8","(X)","23.2","(X)","39815","6356","31548","18209","40759","7991","-","**","-","**","-","**","12155","36824","15982","10145","16429","21576","26875","272804","53625","42177","33468","10977","42162","26480","36845","18480","47390","9843","33098","5303","54671","28738","56731","26658","33994","10082","56111","129965","25052","13514","26250","13473","25313","12906","41250","42196","17125","25419","17125","25419","-","**","(X)","(X)","(X)","(X)","(X)","(X)"
"1400000US36047079200","Census Tract 792, Kings County, New York","1300","88","2.5","2.9","94.3","3.4","0.0","2.5","0.0","2.5","0.0","2.5","2.4","2.9","0.8","1.3","6.8","4.3","0.0","2.5","2.0","2.4","37.5","8.5","39.2","8.7","21.3","6.0","922","110","39.4","10.1","60.6","10.1","33.1","10.4","57.4","10.8","9.5","7.3","378","106","49.7","17.6","47.4","17.1","2.4","4.0","50.3","17.6","47.9","17.9","2.4","3.5","39.2","(X)","47.6","(X)","18.8","(X)","34848","9405","-","**","34394","8983","-","**","-","**","-","**","-","**","-","**","21350","25793","-","**","-","**","32454","8654","38750","20034","38977","21178","40854","12168","27109","13795","60125","22857","71250","18432","29375","11146","75682","45488","21780","5245","20313","13999","20078","16285","-","**","26645","15624","26349","16922","-","**","(X)","(X)","(X)","(X)","(X)","(X)"
"1400000US36047079400","Census Tract 794, Kings County, New York","637","73","2.7","2.7","91.7","5.7","0.0","5.0","0.5","1.5","0.0","5.0","3.0","3.6","2.2","2.4","5.7","5.1","0.0","5.0","7.8","5.6","36.3","12.4","37.8","12.2","18.1","6.5","451","75","35.3","11.4","64.7","11.4","35.3","12.1","54.5","13.8","10.2","8.9","186","76","33.9","21.8","24.7","19.9","9.1","10.3","66.1","21.8","47.8","26.5","18.3","18.1","44.3","(X)","57.0","(X)","13.4","(X)","36760","3457","-","**","37347","4554","-","**","-","**","-","**","-","**","-","**","-","**","-","**","78438","46017","36140","7293","30096","18082","56094","12450","38795","6813","32969","17263","43750","16809","36750","18690","36912","14771","78594","114447","33526","5951","48393","35969","31731","51797","49821","12809","33277","12390","33142","24570","58750","57025","(X)","(X)","(X)","(X)","(X)","(X)"
"1400000US36047079601","Census Tract 796.01, Kings County, New York","1861","100","20.1","6.0","72.4","7.6","0.0","1.7","0.4","0.7","0.0","1.7","3.2","3.1","3.9","4.2","5.8","3.5","19.5","5.8","0.2","1.2","52.7","7.5","37.7","7.7","9.5","4.6","1014","170","46.9","11.1","53.1","11.1","34.8","11.0","55.0","11.5","10.2","6.2","847","161","61.6","14.0","48.8","15.6","12.9","10.8","38.4","14.0","33.1","13.9","5.3","4.3","39.3","(X)","39.9","(X)","37.7","(X)","51213","11333","85056","58474","44485","10894","-","**","-","**","-","**","52857","73933","-","**","20208","32998","85361","51026","-","**","56300","10907","44615","22537","18750","32237","59625","9489","67544","16919","56324","12358","64943","16362","50714","28729","69811","249387","38373","7239","35833","17613","27356","16324","65023","36387","39599","35948","38538","15124","107656","41568","(X)","(X)","(X)","(X)","(X)","(X)"
"1400000US36047079602","Census Tract 796.02, Kings County, New York","1742","127","6.4","4.2","84.5","6.2","0.0","1.8","3.8","3.5","0.0","1.8","4.4","3.7","0.9","1.5","11.9","6.4","6.4","4.2","3.0","2.7","37.7","9.0","41.2","8.3","18.1","6.2","994","162","39.1","10.1","60.9","10.1","23.9","10.1","69.1","11.0","6.9","6.9","748","163","56.6","13.1","45.9","14.8","10.7","9.0","43.4","13.1","30.7","12.2","12.7","8.9","41.0","(X)","46.4","(X)","33.8","(X)","34032","3120","75091","90120","34008","3684","-","**","47708","7438","-","**","15714","9753","-","**","14025","2653","75091","90120","5948","4693","31913","6731","38494","12626","43879","24036","39625","20601","31250","10857","60250","16002","73387","38010","33449","10996","75104","116933","31684","4474","30230","10563","21094","18515","33698","1810","36563","10736","35208","9951","50580","50926","(X)","(X)","(X)","(X)","(X)","(X)"
"1400000US36047079801","Census Tract 798.01, Kings County, New York","1310","91","22.2","7.7","69.9","7.6","0.0","2.4","4.2","5.5","0.0","2.4","0.8","1.9","2.9","2.7","11.5","6.8","17.4","5.7","4.2","4.2","33.4","9.1","37.0","9.3","25.4","8.0","876","129","28.4","10.8","71.6","10.8","43.3","10.5","42.9","12.5","13.8","9.6","434","115","58.8","17.7","56.7","17.8","2.1","3.7","41.2","17.7","34.3","17.4","6.9","6.9","37.5","(X)","42.2","(X)","27.9","(X)","48619","15667","82361","47509","45156","13011","-","**","-","**","-","**","-","**","69000","80866","94766","92454","80556","33910","73150","72763","43836","14865","58942","29101","44410","35575","69777","22206","42457","72011","73450","27587","74250","48890","93281","52693","48233","20584","21452","13381","20774","13291","20238","12850","-","**","35188","33157","19602","19159","-","**","(X)","(X)","(X)","(X)","(X)","(X)"
"1400000US36047079802","Census Tract 798.02, Kings County, New York","2269","137","18.9","5.4","72.5","5.7","0.0","1.4","5.3","4.2","0.0","1.4","1.6","1.7","1.8","1.8","5.3","3.7","17.5","5.3","2.2","2.0","45.2","7.1","39.2","8.7","13.4","4.8","1184","197","38.2","10.0","61.8","10.0","53.2","10.5","35.6","11.1","11.2","6.8","1085","223","59.7","13.3","50.6","14.4","9.1","7.8","40.3","13.3","31.8","12.2","8.5","7.5","26.2","(X)","39.6","(X)","11.6","(X)","44360","8809","53750","18707","42500","8402","-","**","62838","95140","-","**","-","**","30909","74199","41597","30467","49919","26711","31458","37364","54807","10794","41335","6634","31193","16364","47056","18422","55500","20897","43061","15375","53304","21105","42792","28524","31597","58789","35536","12091","52805","21450","46083","24589","68203","30499","27087","7223","26714","7539","60278","71328","(X)","(X)","(X)","(X)","(X)","(X)"
"1400000US36047080000","Census Tract 800, Kings County, New York","1391","95","17.8","5.8","72.9","6.2","0.0","2.3","5.9","4.5","0.0","2.3","2.5","2.4","0.9","1.2","5.6","4.7","16.3","5.6","1.2","1.8","34.1","8.0","43.4","7.9","21.4","4.8","952","131","45.8","11.4","54.2","11.4","60.8","10.6","26.2","7.4","13.0","8.3","439","124","55.1","14.8","44.2","16.8","10.9","12.2","44.9","14.8","36.7","14.0","8.2","7.3","46.5","(X)","48.3","(X)","39.6","(X)","51419","5178","115817","26861","39143","12333","-","**","250,000+","***","-","**","50197","44109","-","**","4938","5276","116010","24013","-","**","54886","30044","26653","42364","37663","18158","57500","40026","79250","72579","53750","31271","109036","30986","37969","27324","51447","66323","27321","23379","25119","25519","18203","6836","54214","173534","38185","15551","37546","40605","39333","29201","(X)","(X)","(X)","(X)","(X)","(X)"
"1400000US36047080200","Census Tract 802, Kings County, New York","1727","122","9.7","4.1","81.4","5.1","0.5","0.8","2.0","2.1","0.0","1.9","5.6","2.8","0.8","0.9","8.7","3.3","9.4","4.0","4.2","3.3","39.5","5.9","37.5","6.8","18.8","5.3","1057","168","42.1","9.9","57.9","9.9","40.1","9.6","46.1","10.2","13.8","7.3","670","143","59.9","13.7","46.0","12.7","13.9","7.8","40.1","13.7","28.1","11.9","12.1","9.3","36.6","(X)","40.5","(X)","21.9","(X)","43607","7645","65208","43099","41822","7854","-","**","240197","58459","-","**","52961","22806","-","**","39531","19541","65833","36126","40132","21372","49638","8488","39931","21390","28636","23956","48175","9040","43359","8829","55313","26199","69688","21791","41385","12664","21842","13562","31452","14941","19832","13303","23750","20240","19426","16365","52386","40460","31786","51055","76793","22696","(X)","(X)","(X)","(X)","(X)","(X)"
"1400000US36047080400","Census Tract 804, Kings County, New York","1210","112","12.6","6.4","75.0","8.9","0.0","2.6","4.9","3.7","0.0","2.6","6.5","5.6","0.9","1.4","13.6","7.2","6.5","4.4","2.4","2.3","35.8","8.0","45.0","8.0","16.8","5.7","691","137","49.9","14.3","50.1","14.3","29.7","12.7","60.5","14.2","9.8","7.6","519","113","58.0","13.7","49.3","13.7","8.7","6.8","42.0","13.7","23.3","12.1","18.7","11.0","35.3","(X)","40.2","(X)","28.7","(X)","34598","5804","49776","46967","30909","5051","-","**","74583","150227","-","**","34219","37727","-","**","49073","8966","80563","58565","13438","29619","27484","8433","43125","13421","30250","23357","39245","11603","31118","16233","50614","11874","52264","10059","30227","7720","90952","61580","27991","7749","24013","11163","21190","13954","33750","18010","34500","16649","26723","13579","39821","63521","(X)","(X)","(X)","(X)","(X)","(X)"
"1400000US36047080600","Census Tract 806, Kings County, New York","1133","94","20.1","6.3","74.9","7.0","0.0","2.8","3.8","3.1","0.0","2.8","1.1","1.8","0.0","2.8","2.6","2.5","19.5","6.3","2.0","2.3","40.9","9.1","34.2","8.4","22.9","7.3","834","126","48.7","10.3","51.3","10.3","46.9","11.4","42.1","11.0","11.0","6.6","299","105","55.5","19.9","52.2","20.6","3.3","5.4","44.5","19.9","29.8","16.8","14.7","14.3","53.0","(X)","57.0","(X)","41.8","(X)","48295","13712","70714","11494","42868","14655","-","**","-","**","-","**","-","**","-","**","34464","34478","70839","5860","-","**","67336","8287","31875","15358","38125","17078","46818","12954","54904","13570","35417","18445","60880","15626","30489","8128","50682","147755","39152","30704","37857","42621","38304","49292","-","**","70511","48054","33125","31075","-","**","(X)","(X)","(X)","(X)","(X)","(X)"
"1400000US36047080800","Census Tract 808, Kings County, New York","144","44","0.0","20.0","43.8","16.3","0.0","20.0","56.3","16.3","0.0","20.0","0.0","20.0","0.0","20.0","0.0","20.0","0.0","20.0","0.0","20.0","0.0","20.0","15.3","21.2","84.7","21.2","64","36","0.0","37.0","100.0","37.0","100.0","37.0","0.0","37.0","0.0","37.0","80","29","77.5","16.5","77.5","16.5","0.0","32.1","22.5","16.5","22.5","16.5","0.0","32.1","40.3","(X)","64.1","(X)","21.3","(X)","12283","3555","-","**","10750","3468","-","**","13917","3627","-","**","-","**","-","**","-","**","-","**","-","**","-","**","-","**","11087","2104","15200","2370","-","**","15200","2370","15200","2370","-","**","-","**","10000","1876","9250","1552","9250","1552","-","**","11500","662","11500","662","-","**","(X)","(X)","(X)","(X)","(X)","(X)"
"1400000US36047081000","Census Tract 810, Kings County, New York","887","81","1.2","1.5","91.0","4.8","1.8","2.9","3.0","2.7","0.0","3.6","1.1","1.3","1.8","1.9","4.4","3.8","1.2","1.5","1.4","2.1","39.2","9.8","36.8","9.8","22.7","5.9","477","93","46.8","10.2","53.2","10.2","41.3","12.4","51.2","14.1","7.5","6.4","410","98","57.3","15.3","55.9","15.5","1.5","2.5","42.7","15.3","33.2","15.9","9.5","8.6","41.7","(X)","56.4","(X)","24.6","(X)","37482","14639","-","**","40231","13474","-","**","8250","116176","-","**","-","**","-","**","60486","53642","-","**","-","**","47708","27840","49063","8856","18750","2707","49760","13741","37250","28943","67955","44454","87250","32384","47679","30325","18750","43221","24352","12903","24398","8759","24120","7066","-","**","17461","77823","16875","57517","110179","113764","(X)","(X)","(X)","(X)","(X)","(X)"
"1400000US36047081400","Census Tract 814, Kings County, New York","966","72","0.2","0.8","94.5","3.6","0.0","3.3","1.3","2.1","0.0","3.3","2.8","2.4","1.1","1.8","9.4","7.4","0.2","0.8","3.7","4.5","31.0","8.3","41.3","10.1","24.0","8.0","548","97","40.5","14.0","59.5","14.0","47.8","14.7","40.0","14.2","12.2","11.8","418","97","76.1","14.0","59.3","17.9","16.7","11.9","23.9","14.0","9.1","8.6","14.8","12.9","50.6","(X)","60.6","(X)","37.6","(X)","46389","12027","-","**","44107","12088","-","**","-","**","-","**","146528","116265","-","**","26821","19122","-","**","-","**","77596","76643","41650","15589","40476","10721","77885","21606","80658","36160","77564","33033","89625","27456","33646","33232","78622","28510","28529","9147","26188","10929","16875","18027","40100","27616","48889","28692","31389","30953","53750","23653","(X)","(X)","(X)","(X)","(X)","(X)"
"1400000US36047081600","Census Tract 816, Kings County, New York","968","54","2.3","2.7","84.0","7.5","0.0","3.3","1.1","1.3","0.0","3.3","9.6","6.9","3.0","2.6","14.2","7.6","2.3","2.7","2.1","2.4","30.3","8.5","45.7","10.2","22.0","6.6","723","89","45.0","9.6","55.0","9.6","38.9","10.1","54.1","10.3","7.1","5.2","245","77","49.8","19.0","38.0","17.3","11.8","11.3","50.2","19.0","44.1","20.8","6.1","7.7","47.1","(X)","55.9","(X)","19.2","(X)","45278","6611","-","**","46607","5171","-","**","-","**","-","**","26250","14482","47986","25144","32765","15249","-","**","-","**","39596","12002","47917","13082","44766","9624","46004","6069","37148","10956","53670","7914","46331","10516","46050","8286","26375","48637","34356","12090","40962","14382","42404","19876","23750","17122","33523","18647","33712","17486","-","**","(X)","(X)","(X)","(X)","(X)","(X)"
"1400000US36047081800","Census Tract 818, Kings County, New York","1669","103","6.7","4.3","81.0","5.8","0.0","1.9","5.0","3.5","0.0","1.9","4.1","3.3","3.2","2.2","17.3","6.4","2.6","2.5","3.7","2.4","40.3","8.2","39.1","8.3","16.9","6.2","932","136","51.2","12.1","48.8","12.1","42.7","10.3","49.1","9.7","8.2","6.6","737","130","74.2","9.5","61.2","10.6","13.0","7.9","25.8","9.5","23.1","9.3","2.7","4.3","49.1","(X)","57.5","(X)","38.5","(X)","45717","8036","72837","38307","44808","9611","-","**","21023","57406","-","**","32039","29264","46875","34089","43529","22009","71250","126895","45729","227076","53015","25424","43990","9832","16892","25455","48056","13345","46964","39293","49306","12593","56638","23627","48056","21944","30000","27261","41875","17509","33672","21889","25795","21662","94286","100897","70114","33915","62955","34198","-","**","(X)","(X)","(X)","(X)","(X)","(X)"
"1400000US36047082000","Census Tract 820, Kings County, New York","1775","133","4.1","2.6","90.3","4.5","0.0","1.8","1.8","1.9","0.0","1.8","3.8","3.0","0.0","1.8","10.2","4.1","1.9","1.9","3.8","2.9","34.8","6.7","48.1","6.6","13.2","4.3","1247","140","46.7","9.1","53.3","9.1","26.1","7.5","59.8","8.1","14.0","6.3","528","109","56.4","13.3","52.7","13.4","3.8","4.1","43.6","13.3","25.9","11.7","17.6","11.0","40.3","(X)","42.8","(X)","27.1","(X)","41518","12598","18269","19021","46461","8408","-","**","-","**","-","**","14722","2076","-","**","30313","14814","53000","78197","22206","116015","47021","10145","41667","14647","31434","3436","46329","11282","32330","11227","50956","14404","64688","16334","33548","7442","38563","11932","27308","11139","32308","13093","31731","14281","-","**","25441","28105","19659","9803","92629","154759","(X)","(X)","(X)","(X)","(X)","(X)"
"1400000US36047082200","Census Tract 822, Kings County, New York","2670","120","5.6","3.2","88.7","3.7","0.0","1.2","1.4","1.1","0.0","1.2","2.2","2.6","2.2","2.0","7.6","2.6","3.4","2.7","6.4","3.8","33.2","6.9","39.9","6.6","20.6","4.8","1571","254","41.4","10.4","58.6","10.4","37.2","10.3","52.1","11.2","10.6","5.9","1099","222","66.2","10.6","58.2","11.3","8.0","6.9","33.8","10.6","25.8","9.9","7.9","6.5","41.0","(X)","53.0","(X)","23.8","(X)","38281","6602","22212","126011","37019","7570","-","**","8864","63215","-","**","-","**","60694","38064","26741","49170","131042","164082","7311","54570","42453","14568","41797","9193","18059","4866","43159","10052","40861","5564","48684","14391","55515","17459","40755","9540","31683","28950","22256","7927","21597","8413","18990","5023","123409","109327","25917","27738","20577","19906","85221","182431","(X)","(X)","(X)","(X)","(X)","(X)"
"1400000US36047082400","Census Tract 824, Kings County, New York","1597","119","5.3","4.0","87.0","6.0","0.0","2.0","0.0","2.0","0.0","2.0","5.9","4.9","1.8","1.6","12.0","5.9","0.0","2.0","3.2","2.2","48.8","7.9","29.3","7.2","18.7","5.4","913","156","54.0","10.1","46.0","10.1","37.2","10.7","45.9","10.7","16.9","9.1","684","139","43.0","13.4","35.5","12.6","7.5","7.2","57.0","13.4","53.9","13.8","3.1","5.0","33.4","(X)","40.2","(X)","24.4","(X)","38475","9642","27902","19550","39000","10026","-","**","-","**","-","**","72857","54899","28500","227543","40000","27352","-","**","5677","6885","38869","15030","44773","16417","36053","24605","45893","20270","33112","9104","66250","17896","53333","33367","27578","18039","76379","24389","22414","3768","17899","8880","10972","12378","40083","33527","32841","18516","30795","15237","-","**","(X)","(X)","(X)","(X)","(X)","(X)"
"1400000US36047082600","Census Tract 826, Kings County, New York","1844","131","1.2","1.4","96.8","2.7","0.0","1.7","0.0","1.7","0.0","1.7","0.0","1.7","2.0","2.2","3.9","3.2","1.2","1.4","6.1","4.5","27.4","7.9","42.0","9.2","24.5","6.9","1327","166","41.0","10.3","59.0","10.3","34.3","8.9","51.5","9.6","14.2","6.7","517","144","70.2","12.5","59.0","15.7","11.2","10.2","29.8","12.5","27.5","12.1","2.3","4.8","48.8","(X)","46.0","(X)","52.6","(X)","35571","7867","-","**","35963","8998","-","**","-","**","-","**","-","**","-","**","9564","92242","-","**","26189","13567","33684","10705","43816","17099","35479","24777","37917","18890","31124","4322","52269","19533","59705","7920","25441","11637","45625","25158","30692","6520","30033","8545","26046","8891","45083","22953","32083","9940","31250","9327","-","**","(X)","(X)","(X)","(X)","(X)","(X)"
"1400000US36047082800","Census Tract 828, Kings County, New York","1194","96","7.7","4.3","88.7","4.8","0.0","2.7","3.6","2.9","0.0","2.7","0.0","2.7","0.0","2.7","9.6","5.2","1.4","1.6","1.3","2.0","37.2","10.2","45.6","10.2","16.0","5.7","876","107","45.4","11.6","54.6","11.6","39.6","10.6","45.1","11.1","15.3","9.2","318","112","46.2","15.8","36.2","14.3","10.1","9.7","53.8","15.8","49.4","16.6","4.4","7.2","37.0","(X)","37.2","(X)","30.2","(X)","49464","7749","44167","36698","51677","9894","-","**","34345","50647","-","**","-","**","-","**","42583","24259","-","**","-","**","46641","10490","52256","8616","42750","16748","54828","11356","46667","20671","59911","15659","67011","12045","48942","22113","24750","44271","30882","26946","32031","31496","17083","45398","66333","65736","27361","32877","31806","33902","-","**","(X)","(X)","(X)","(X)","(X)","(X)"
"1400000US36047083000","Census Tract 830, Kings County, New York","2176","114","2.7","2.7","90.6","3.8","0.0","1.5","0.0","1.5","0.0","1.5","5.0","3.7","1.7","1.4","6.2","3.3","0.0","1.5","0.0","1.5","43.3","7.7","44.8","7.4","11.9","4.6","1525","147","44.8","9.7","55.2","9.7","38.8","10.7","36.9","11.0","24.4","8.6","651","158","46.4","17.4","44.2","17.0","2.2","3.9","53.6","17.4","40.1","16.7","13.5","11.9","54.4","(X)","58.4","(X)","39.2","(X)","50586","4441","-","**","49214","5044","-","**","-","**","-","**","51563","56426","65583","107005","52017","16205","-","**","-","**","52146","9162","58470","13802","26458","7637","51411","5031","49004","9024","58264","17756","83902","34743","43323","6018","48263","12518","25268","33823","19279","5502","18942","6046","-","**","48445","17490","49055","16784","43864","56697","(X)","(X)","(X)","(X)","(X)","(X)"
"1400000US36047083200","Census Tract 832, Kings County, New York","674","81","5.5","4.2","86.9","6.3","2.1","3.6","2.5","3.0","0.0","4.7","1.9","3.2","1.0","1.4","5.8","4.7","3.1","2.9","7.7","6.4","22.0","7.2","52.2","10.4","18.1","8.7","553","80","38.3","10.0","61.7","10.0","55.9","10.8","37.8","9.7","6.3","5.3","121","51","52.9","23.3","47.9","24.0","5.0","8.1","47.1","23.3","47.1","23.3","0.0","23.3","48.4","(X)","57.9","(X)","5.0","(X)","63629","10107","81932","281802","60556","10934","-","**","-","**","-","**","-","**","-","**","55313","281428","80114","110456","43214","23480","56591","36978","69583","12537","27330","29787","67760","9435","63250","17327","73021","15771","67865","15150","70893","23632","66625","20567","25438","7669","26094","17559","25625","15656","-","**","24205","30484","24205","30484","-","**","(X)","(X)","(X)","(X)","(X)","(X)"
"1400000US36047083400","Census Tract 834, Kings County, New York","590","48","4.2","4.4","94.7","4.4","0.0","5.4","0.0","5.4","0.0","5.4","1.0","1.9","0.0","5.4","5.4","5.8","4.2","4.4","0.0","5.4","31.7","9.2","45.6","9.9","22.7","8.7","412","61","43.0","13.2","57.0","13.2","61.7","11.8","34.7","11.8","3.6","5.7","178","68","25.8","19.4","22.5","16.9","3.4","5.8","74.2","19.4","74.2","19.4","0.0","16.6","53.1","(X)","62.4","(X)","31.5","(X)","82000","21561","21563","9030","88348","16880","-","**","-","**","-","**","-","**","-","**","130278","105432","21563","9030","-","**","72721","39542","79531","30830","92188","11537","91354","10833","88170","27019","97250","15522","87946","22391","101750","34426","-","**","23125","28289","23958","3654","24167","13422","-","**","22115","97397","22115","97397","-","**","(X)","(X)","(X)","(X)","(X)","(X)"
"1400000US36047083600","Census Tract 836, Kings County, New York","755","57","1.9","2.0","94.2","4.1","0.0","4.2","0.5","0.8","0.0","4.2","0.9","1.7","2.5","2.8","0.9","1.7","1.9","2.0","2.9","3.2","27.0","7.5","46.5","8.1","23.6","7.5","575","74","35.5","8.7","64.5","8.7","48.2","14.3","41.4","10.4","10.4","7.8","180","60","62.8","23.0","57.8","23.6","5.0","8.6","37.2","23.0","37.2","23.0","0.0","16.5","52.8","(X)","49.9","(X)","56.7","(X)","65625","16445","-","**","66475","12828","-","**","-","**","-","**","-","**","-","**","-","**","-","**","-","**","43750","20970","81563","11523","35455","13333","76950","8383","65244","25556","80827","2478","92422","17767","37368","31927","81337","784","22031","6362","16908","16602","16316","14221","-","**","22813","28566","22813","28566","-","**","(X)","(X)","(X)","(X)","(X)","(X)"
"1400000US36047083800","Census Tract 838, Kings County, New York","776","41","3.2","3.0","96.8","3.0","0.0","4.1","0.0","4.1","0.0","4.1","0.0","4.1","0.0","4.1","7.2","7.1","3.2","3.0","0.0","4.1","26.2","8.5","52.4","9.8","21.4","8.7","645","63","35.5","12.9","64.5","12.9","42.2","12.7","44.7","10.5","13.2","12.3","131","61","85.5","22.7","85.5","22.7","0.0","21.7","14.5","22.7","14.5","22.7","0.0","21.7","59.0","(X)","63.9","(X)","30.5","(X)","78804","16375","66161","1302","79620","18067","-","**","-","**","-","**","-","**","-","**","22000","109498","66161","1302","-","**","37361","45251","93945","13215","70887","32483","92930","18623","92578","28951","93281","32204","103939","16971","93750","33069","27981","8770","37875","47854","65227","60425","65227","60425","-","**","-","**","-","**","-","**","(X)","(X)","(X)","(X)","(X)","(X)"
"1400000US36047084000","Census Tract 840, Kings County, New York","784","34","6.3","5.6","86.6","7.2","0.0","4.1","0.0","4.1","0.0","4.1","2.8","3.3","4.3","3.9","8.0","5.4","6.3","5.6","5.1","6.1","27.6","8.3","41.3","9.3","26.0","6.8","584","85","24.7","7.9","75.3","7.9","32.9","11.0","58.9","11.5","8.2","7.7","200","81","61.5","23.1","61.5","23.1","0.0","15.0","38.5","23.1","32.5","23.6","6.0","10.3","42.7","(X)","45.5","(X)","34.5","(X)","53667","8394","17112","45635","53363","10151","-","**","-","**","-","**","-","**","87500","100042","89135","59266","17112","45635","-","**","46406","9382","60081","21037","54167","16367","73958","25217","48214","68186","75000","25196","70417","25904","77083","34463","50577","63317","28571","27929","24453","13985","24453","13985","-","**","41979","39569","40729","48873","-","**","(X)","(X)","(X)","(X)","(X)","(X)"
"1400000US36047084600","Census Tract 846, Kings County, New York","643","57","9.5","7.8","87.7","8.3","2.0","3.5","0.0","4.9","0.0","4.9","0.0","4.9","0.8","1.3","4.8","7.2","4.7","3.0","0.0","4.9","13.8","8.8","48.8","8.9","37.3","7.6","391","64","16.4","11.4","83.6","11.4","43.7","12.8","45.3","11.9","11.0","9.3","252","67","71.0","18.5","69.4","18.0","1.6","3.0","29.0","18.5","27.0","18.3","2.0","2.9","50.2","(X)","59.3","(X)","36.1","(X)","75063","19901","-","**","75500","18885","-","**","-","**","-","**","-","**","-","**","-","**","-","**","-","**","41458","77367","79722","22484","66250","21476","96250","16689","84412","30965","100417","14323","96250","16475","83603","36417","101080","9288","20909","7930","25750","36338","25417","27894","-","**","16181","8699","15833","10258","-","**","(X)","(X)","(X)","(X)","(X)","(X)"
"1400000US36047084800","Census Tract 848, Kings County, New York","560","42","0.0","5.6","98.8","2.1","0.0","5.6","1.3","2.1","0.0","5.6","0.0","5.6","0.0","5.6","2.1","2.5","0.0","5.6","0.0","5.6","26.4","11.2","50.5","14.6","23.0","9.5","401","65","34.4","12.3","65.6","12.3","67.3","13.5","26.7","12.6","6.0","7.0","159","59","57.2","20.1","42.8","21.9","14.5","20.7","42.8","20.1","28.9","18.8","13.8","14.6","46.3","(X)","44.6","(X)","42.8","(X)","73750","35040","-","**","75313","33602","-","**","-","**","-","**","-","**","-","**","-","**","-","**","-","**","79500","67267","92386","39245","39402","14343","100046","26940","77500","95658","100509","15088","102407","26594","30313","42287","-","**","41641","8230","43250","29685","36250","18706","-","**","39808","9179","45714","40159","-","**","(X)","(X)","(X)","(X)","(X)","(X)"
"1400000US36047085000","Census Tract 850, Kings County, New York","463","40","5.0","7.4","93.3","7.7","0.0","6.8","0.0","6.8","1.7","3.1","0.0","6.8","0.0","6.8","5.2","4.9","5.0","7.4","0.0","6.8","19.4","8.7","49.7","14.2","30.9","12.8","371","60","25.6","10.8","74.4","10.8","50.9","13.2","37.7","13.1","11.3","7.7","92","44","94.6","10.7","71.7","37.1","22.8","37.0","5.4","10.7","0.0","29.0","5.4","10.7","56.4","(X)","53.1","(X)","65.2","(X)","63750","19813","-","**","62449","13227","-","**","-","**","-","**","-","**","-","**","45000","42143","-","**","-","**","21371","40939","98438","22799","52188","24711","91771","42744","47438","170687","91875","36649","99844","7596","46375","20256","117250","65807","24688","41438","23906","34177","22115","9568","-","**","-","**","-","**","-","**","(X)","(X)","(X)","(X)","(X)","(X)"
"1400000US36047085200","Census Tract 852, Kings County, New York","8","13","0.0","100.0","100.0","100.0","0.0","100.0","0.0","100.0","0.0","100.0","0.0","100.0","0.0","100.0","0.0","100.0","0.0","100.0","0.0","100.0","0.0","100.0","100.0","100.0","0.0","100.0","0","12","-","**","-","**","-","**","-","**","-","**","8","13","100.0","100.0","100.0","100.0","0.0","100.0","0.0","100.0","0.0","100.0","0.0","100.0","0.0","(X)","-","(X)","0.0","(X)","-","**","-","**","-","**","-","**","-","**","-","**","-","**","-","**","-","**","-","**","-","**","-","**","-","**","-","**","-","**","-","**","-","**","-","**","-","**","-","**","-","**","-","**","-","**","-","**","-","**","-","**","-","**","(X)","(X)","(X)","(X)","(X)","(X)"
"1400000US36047085400","Census Tract 854, Kings County, New York","701","42","3.4","4.2","92.0","5.9","0.0","4.5","1.4","2.3","0.0","4.5","1.7","2.8","1.4","2.1","5.7","4.9","3.4","4.2","0.0","4.5","27.7","9.4","48.6","9.0","23.7","8.6","484","81","41.5","10.9","58.5","10.9","49.4","12.6","40.1","11.7","10.5","8.6","217","77","64.1","18.0","64.1","18.0","0.0","13.9","35.9","18.0","33.2","18.1","2.8","4.6","47.1","(X)","48.6","(X)","37.8","(X)","45759","18694","-","**","47366","41636","-","**","-","**","-","**","-","**","-","**","54500","68339","-","**","-","**","45893","15503","83750","38741","27019","21870","80242","26756","43393","59059","81895","15114","83750","17199","41071","12787","102548","98999","26761","7642","26563","11790","26563","11790","-","**","27000","58787","26250","30336","-","**","(X)","(X)","(X)","(X)","(X)","(X)"
"1400000US36047085600","Census Tract 856, Kings County, New York","1407","93","2.1","2.4","95.5","3.3","0.0","2.3","0.0","2.3","0.0","2.3","0.0","2.3","2.5","2.2","8.8","3.9","0.6","1.0","2.5","2.9","28.6","8.2","41.6","7.8","27.3","8.0","924","134","41.0","13.2","59.0","13.2","40.4","12.3","40.4","11.2","19.3","9.9","483","121","86.1","8.9","81.0","10.0","5.2","5.7","13.9","8.9","11.0","7.3","2.9","4.6","50.5","(X)","53.4","(X)","39.3","(X)","63661","28987","-","**","63482","28711","-","**","-","**","-","**","-","**","83750","93331","78056","58509","-","**","-","**","67556","4157","53125","29226","35962","6676","66418","11879","69523","14505","47422","14943","78250","16455","50223","23161","66571","22126","35586","11804","34091","14240","32670","17003","-","**","68750","67364","42361","78154","-","**","(X)","(X)","(X)","(X)","(X)","(X)"
"1400000US36047085800","Census Tract 858, Kings County, New York","841","61","1.5","1.8","92.9","3.9","0.0","3.8","1.8","2.4","0.0","3.8","2.7","2.9","1.1","1.8","4.4","3.3","1.5","1.8","1.4","2.1","36.6","8.6","39.5","8.0","22.5","7.4","554","93","47.3","13.6","52.7","13.6","54.7","12.1","35.4","11.5","9.9","6.5","287","75","50.5","17.5","43.2","17.4","7.3","6.8","49.5","17.5","26.1","14.3","23.3","15.3","55.1","(X)","60.1","(X)","41.1","(X)","53125","12147","-","**","53750","13695","-","**","-","**","-","**","-","**","-","**","14659","21418","-","**","-","**","65250","17455","54167","17998","23631","8500","60652","9361","58571","17827","61522","11330","61576","14800","34342","33507","92557","69612","25268","24802","26125","29035","25750","30214","40417","55963","23500","67480","13819","3464","74063","6632","(X)","(X)","(X)","(X)","(X)","(X)"
"1400000US36047086000","Census Tract 860, Kings County, New York","1180","79","0.3","0.8","96.4","3.9","0.0","2.7","1.6","2.7","0.0","2.7","1.6","2.7","0.0","2.7","6.9","4.6","0.0","2.7","0.0","2.7","22.6","8.8","53.9","9.4","23.5","7.2","937","99","47.8","11.1","52.2","11.1","37.9","11.9","52.0","12.3","10.1","6.8","243","88","71.6","20.2","67.5","19.8","4.1","6.8","28.4","20.2","16.5","15.6","11.9","17.6","54.2","(X)","59.2","(X)","34.6","(X)","41941","8146","-","**","41489","6339","-","**","-","**","-","**","-","**","-","**","42500","77644","-","**","-","**","44531","18459","41273","16421","40724","17668","50508","11100","48214","14898","55250","19451","70347","36085","35489","13844","57991","21834","29851","7822","30375","5730","29839","8232","-","**","28750","146830","9881","23862","-","**","(X)","(X)","(X)","(X)","(X)","(X)"
"1400000US36047086200","Census Tract 862, Kings County, New York","1018","90","0.0","3.1","92.1","5.7","0.0","3.1","0.0","3.1","0.0","3.1","4.7","4.9","3.1","3.0","4.7","4.9","0.0","3.1","3.5","4.3","32.8","11.6","49.5","10.7","14.1","5.5","746","111","47.1","13.4","52.9","13.4","40.2","15.9","51.5","14.0","8.3","6.3","272","94","65.4","20.2","62.1","20.4","3.3","7.2","34.6","20.2","34.6","20.2","0.0","11.2","55.3","(X)","55.5","(X)","41.2","(X)","41607","14744","-","**","45909","14534","-","**","-","**","-","**","-","**","15682","25067","-","**","-","**","-","**","50543","15398","35125","30055","30938","12375","46818","21739","50163","18204","41518","59274","77794","10255","32000","23680","-","**","32692","14035","32188","11591","30781","11894","-","**","60341","95552","60341","95552","-","**","(X)","(X)","(X)","(X)","(X)","(X)"
"1400000US36047086400","Census Tract 864, Kings County, New York","748","66","0.0","4.2","96.3","3.2","0.0","4.2","0.7","1.0","0.0","4.2","3.1","2.9","0.0","4.2","3.9","3.3","0.0","4.2","6.1","6.0","31.3","10.3","35.3","9.2","27.3","8.3","575","73","38.8","10.3","61.2","10.3","41.9","12.5","46.6","11.8","11.5","7.8","173","66","49.1","24.6","49.1","24.6","0.0","17.0","50.9","24.6","50.9","24.6","0.0","17.0","53.2","(X)","59.3","(X)","22.0","(X)","61806","22818","-","**","65323","20997","-","**","-","**","-","**","-","**","-","**","16576","5115","-","**","44773","62514","52500","38614","87692","64455","73000","63191","69148","27858","66895","34291","75000","31008","125179","44989","51000","34032","41250","67504","31938","12063","35750","37496","35750","37496","-","**","31136","17470","31136","17470","-","**","(X)","(X)","(X)","(X)","(X)","(X)"
"1400000US36047086600","Census Tract 866, Kings County, New York","1181","64","2.1","2.3","95.1","3.4","0.0","2.7","0.0","2.7","0.0","2.7","1.6","2.6","1.2","1.7","4.3","3.4","0.7","1.3","4.6","4.0","24.0","7.7","41.9","8.4","29.5","6.7","798","112","36.2","10.5","63.8","10.5","41.6","12.9","44.2","13.0","14.2","8.2","383","99","73.9","13.7","62.1","14.4","11.7","11.1","26.1","13.7","26.1","13.7","0.0","8.1","49.0","(X)","56.0","(X)","34.5","(X)","44180","6945","107596","123916","43633","8283","-","**","-","**","-","**","-","**","-","**","105417","91004","-","**","14118","59456","52500","23056","50469","15815","27875","16472","55735","16153","43672","19423","61382","16617","88314","31420","30927","12173","69250","10102","39583","25936","27344","30724","24000","28367","51131","63400","45250","31113","45250","31113","-","**","(X)","(X)","(X)","(X)","(X)","(X)"
"1400000US36047086800","Census Tract 868, Kings County, New York","1135","91","2.6","3.0","94.5","4.2","0.0","2.8","0.0","2.8","0.0","2.8","0.0","2.8","2.9","3.1","1.9","1.9","1.6","2.5","0.6","1.2","38.7","9.6","41.8","9.3","18.9","7.3","840","112","41.8","12.1","58.2","12.1","46.0","11.1","48.5","11.3","5.6","5.1","295","85","61.7","21.3","61.7","21.3","0.0","10.4","38.3","21.3","22.0","15.6","16.3","16.8","59.4","(X)","61.7","(X)","46.1","(X)","43977","12735","-","**","48054","12550","-","**","-","**","-","**","-","**","-","**","-","**","-","**","-","**","47535","16421","48603","19562","32868","21632","49500","14675","60139","15874","48097","12237","49875","22104","48175","11103","69297","7401","16985","6347","13173","4913","13173","4913","-","**","34940","50528","34940","91628","-","**","(X)","(X)","(X)","(X)","(X)","(X)"
"1400000US36047087000","Census Tract 870, Kings County, New York","1175","67","0.0","2.7","95.7","3.9","0.0","2.7","0.0","2.7","0.0","2.7","4.3","3.9","0.0","2.7","6.6","5.6","0.0","2.7","3.3","4.1","23.7","7.5","46.2","8.6","26.7","6.8","782","113","41.7","10.6","58.3","10.6","34.7","10.6","51.0","12.6","14.3","9.4","393","96","72.0","13.6","65.6","14.6","6.4","7.9","28.0","13.6","22.9","12.6","5.1","5.5","53.2","(X)","53.2","(X)","42.0","(X)","37639","4256","-","**","37465","4180","-","**","-","**","-","**","50592","54766","-","**","35893","7114","-","**","-","**","43274","13897","38531","8770","34423","15227","43302","8846","35078","12157","48864","13826","49485","13184","43287","14282","26522","5577","17724","9563","18173","9299","14808","10025","-","**","12093","33069","11512","18984","-","**","(X)","(X)","(X)","(X)","(X)","(X)"
"1400000US36047087200","Census Tract 872, Kings County, New York","1082","70","0.6","1.0","91.9","5.2","0.0","3.0","3.3","2.7","0.0","3.0","3.5","4.3","0.7","1.2","8.7","6.5","0.0","3.0","0.0","3.0","25.5","8.7","48.9","9.7","25.6","8.4","692","101","37.9","12.8","62.1","12.8","39.5","10.5","52.7","11.5","7.8","7.1","390","105","63.8","16.1","58.7","16.3","5.1","7.8","36.2","16.1","33.8","16.5","2.3","3.7","50.5","(X)","60.3","(X)","33.1","(X)","40833","9869","-","**","40000","10778","-","**","31250","7715","-","**","-","**","-","**","46429","22133","-","**","-","**","40556","13734","46188","17449","23125","12742","45608","8079","35926","7857","50795","13839","51420","14728","37019","7811","46518","54890","24224","21070","17578","12455","13920","11261","-","**","53988","44148","53452","35656","-","**","(X)","(X)","(X)","(X)","(X)","(X)"
"1400000US36047087401","Census Tract 874.01, Kings County, New York","1362","82","7.6","4.8","84.9","6.3","0.0","2.4","1.0","1.5","0.0","2.4","5.2","3.9","1.2","1.4","14.8","6.3","5.2","3.3","1.4","2.3","24.2","7.2","38.3","9.7","36.1","8.2","865","113","33.2","10.6","66.8","10.6","49.9","13.0","43.8","12.3","6.2","5.2","497","113","76.5","14.6","75.1","14.7","1.4","2.4","23.5","14.6","19.7","13.4","3.8","6.3","46.6","(X)","51.1","(X)","38.8","(X)","27440","8404","18500","9631","31494","5512","-","**","-","**","-","**","7939","5614","-","**","12452","27369","20063","2678","-","**","27500","19132","31108","6503","18438","15212","35869","8119","21806","10510","49727","25949","48545","20989","31326","8671","36786","97468","12528","3917","11970","4008","11705","3889","-","**","14583","31505","12402","31723","-","**","(X)","(X)","(X)","(X)","(X)","(X)"
"1400000US36047087600","Census Tract 876, Kings County, New York","583","61","15.1","7.4","79.8","8.0","0.0","5.4","0.0","5.4","0.0","5.4","2.7","4.3","2.4","3.2","15.4","11.8","15.1","7.4","0.0","5.4","31.6","10.7","41.5","8.9","26.9","9.4","366","75","44.3","15.1","55.7","15.1","53.0","15.8","35.2","15.8","11.7","11.9","217","84","50.7","19.3","29.0","18.5","21.7","19.5","49.3","19.3","49.3","19.3","0.0","13.9","52.5","(X)","60.1","(X)","39.6","(X)","44917","16303","36739","42434","53125","14262","-","**","-","**","-","**","-","**","-","**","26429","9508","36739","42434","-","**","75577","42193","42833","8560","30865","31708","56250","13642","75096","45080","52000","20846","75577","20153","30956","27553","57933","21482","29514","13596","20500","73726","9292","3121","115821","75520","30096","12006","30096","12006","-","**","(X)","(X)","(X)","(X)","(X)","(X)"
"1400000US36047087800","Census Tract 878, Kings County, New York","973","57","2.4","3.2","95.0","3.5","0.0","3.3","0.6","0.9","0.0","3.3","2.1","2.6","0.0","3.3","8.1","4.6","0.0","3.3","4.7","4.2","41.7","8.3","39.0","7.9","14.6","3.8","784","79","49.5","9.2","50.5","9.2","32.5","7.6","58.0","8.5","9.4","5.3","189","75","60.8","20.9","60.8","20.9","0.0","15.7","39.2","20.9","30.2","18.5","9.0","11.1","59.9","(X)","56.8","(X)","32.8","(X)","42482","7350","-","**","45139","7126","-","**","-","**","-","**","-","**","-","**","45221","50366","-","**","31250","45953","41875","10316","46063","10232","42778","28781","40393","3764","21628","24148","42500","6637","49077","12598","21772","11422","46071","3623","31313","12052","23819","9200","23819","9200","-","**","52273","42406","50341","27463","-","**","(X)","(X)","(X)","(X)","(X)","(X)"
"1400000US36047088000","Census Tract 880, Kings County, New York","1163","77","4.9","4.7","94.7","4.8","0.0","2.8","0.0","2.8","0.0","2.8","0.0","2.8","0.4","1.0","6.3","5.5","2.0","2.2","2.1","2.9","28.8","10.5","45.2","9.7","23.9","8.3","803","125","34.5","11.5","65.5","11.5","35.9","11.2","53.8","13.0","10.3","8.6","360","120","52.2","20.7","36.7","18.0","15.6","13.2","47.8","20.7","44.2","20.6","3.6","5.7","53.7","(X)","61.1","(X)","33.3","(X)","52118","8809","4596","93754","52326","10275","-","**","-","**","-","**","-","**","-","**","20625","126812","-","**","-","**","56792","12140","58281","15841","43333","19930","48856","8013","46250","17542","49628","15178","79643","31137","41429","11813","44743","27598","47500","19718","37125","20588","17386","34232","56250","14319","54423","25873","62782","47163","-","**","(X)","(X)","(X)","(X)","(X)","(X)"
"1400000US36047088200","Census Tract 882, Kings County, New York","2475","135","1.3","1.6","93.8","3.8","0.0","1.3","1.0","1.7","0.0","1.3","1.4","2.2","2.5","2.6","4.0","2.7","0.0","1.3","3.4","2.5","25.4","6.6","47.7","7.5","23.5","5.8","1657","198","45.3","9.5","54.7","9.5","41.3","9.7","48.5","9.9","10.2","6.2","818","190","45.4","13.0","41.7","12.8","3.7","4.3","54.6","13.0","42.5","15.4","12.1","11.0","53.6","(X)","55.2","(X)","45.0","(X)","41616","8435","-","**","42593","8386","-","**","-","**","-","**","-","**","72757","79714","9963","26624","-","**","46522","14482","38350","28999","41280","9370","42877","22424","45332","9924","29909","5352","55691","8263","70494","17118","31027","12512","32917","23435","32885","13374","25819","6949","24313","7751","-","**","41067","17347","36471","27555","41921","61512","(X)","(X)","(X)","(X)","(X)","(X)"
"1400000US36047088400","Census Tract 884, Kings County, New York","1842","128","2.9","3.3","94.3","4.3","0.0","1.7","1.2","2.0","0.0","1.7","1.4","2.1","0.2","0.5","4.8","2.9","2.9","3.3","3.4","2.6","39.4","7.7","44.9","7.5","12.4","4.6","1215","182","58.7","8.9","41.3","8.9","39.7","9.7","50.1","9.8","10.2","6.3","627","156","55.0","14.2","49.8","14.4","5.3","6.5","45.0","14.2","40.4","14.3","4.6","5.9","46.9","(X)","43.8","(X)","47.8","(X)","41486","4501","-","**","41050","4416","-","**","-","**","-","**","-","**","-","**","46346","31777","-","**","21429","24586","40448","11427","45571","6541","27222","52552","41304","7522","42365","10491","32143","19528","66000","13043","33212","4049","33393","29214","40071","18123","33173","21322","33846","29868","-","**","40948","17770","42083","17254","-","**","(X)","(X)","(X)","(X)","(X)","(X)"
"1400000US36047088600","Census Tract 886, Kings County, New York","1764","88","1.2","1.4","95.8","2.5","0.0","1.8","0.0","1.8","0.0","1.8","0.9","1.3","2.2","1.6","5.0","3.3","0.0","1.8","3.6","3.0","37.0","6.7","38.2","8.0","21.3","6.2","1142","141","34.6","8.7","65.4","8.7","32.0","9.0","55.1","9.3","12.9","7.0","622","142","55.5","13.1","45.8","14.3","9.6","8.6","44.5","13.1","38.7","12.1","5.8","6.5","55.4","(X)","52.1","(X)","57.7","(X)","36500","7227","-","**","37857","7988","-","**","-","**","-","**","-","**","16042","15527","48400","54487","-","**","25438","53495","49300","9135","35217","7307","18102","16381","48750","13365","44432","25430","51033","20507","62174","18412","33388","7063","57557","52398","14889","16558","11020","5254","10296","3496","38810","26690","33906","33393","33906","30730","-","**","(X)","(X)","(X)","(X)","(X)","(X)"
"1400000US36047088800","Census Tract 888, Kings County, New York","1360","83","1.8","2.2","93.7","4.8","0.0","2.4","0.0","2.4","0.0","2.4","4.6","3.7","0.0","2.4","7.1","4.4","1.8","2.2","1.4","2.2","29.9","8.2","45.0","8.5","23.8","6.3","1031","130","42.4","9.9","57.6","9.9","29.1","11.3","56.5","10.8","14.4","7.3","329","109","65.0","18.6","65.0","18.6","0.0","9.4","35.0","18.6","35.0","18.6","0.0","9.4","53.7","(X)","56.0","(X)","46.5","(X)","43718","5822","-","**","44679","5714","-","**","-","**","-","**","16845","20947","-","**","16961","9620","-","**","-","**","45000","12106","45667","17767","35156","13969","52802","12928","50260","16394","60546","15323","64688","45673","45647","5885","62000","37260","24792","14711","26250","13996","26250","13996","-","**","14837","36184","14837","36184","-","**","(X)","(X)","(X)","(X)","(X)","(X)"
"1400000US36047089000","Census Tract 890, Kings County, New York","2081","162","2.3","2.9","92.3","6.0","0.0","1.5","2.0","2.5","0.0","1.5","2.8","4.6","0.6","0.9","7.4","4.9","2.3","2.9","7.1","4.6","37.2","10.6","36.7","8.1","19.0","7.2","1505","210","53.4","10.7","46.6","10.7","30.8","9.8","54.6","11.3","14.6","8.7","576","182","43.6","18.9","35.9","16.7","7.6","11.6","56.4","18.9","50.3","19.5","6.1","9.8","56.0","(X)","55.7","(X)","44.4","(X)","28415","8080","-","**","29353","8443","-","**","-","**","-","**","-","**","-","**","12267","3176","-","**","40481","36995","31333","23043","24302","11590","35784","12025","25477","11171","23114","7086","40036","20917","23833","13344","23731","9894","44402","20229","26463","7154","27835","10115","26736","9280","-","**","24129","16787","22803","24463","-","**","(X)","(X)","(X)","(X)","(X)","(X)"
"1400000US36047089200","Census Tract 892, Kings County, New York","1469","98","3.8","2.5","94.0","3.3","0.8","1.2","0.0","2.2","0.0","2.2","0.0","2.2","1.4","1.4","6.1","3.7","0.5","0.8","1.7","2.1","37.9","9.4","44.4","8.6","16.0","6.2","1013","154","50.0","13.0","50.0","13.0","26.5","8.6","60.4","10.3","13.1","6.8","456","131","73.5","12.6","73.5","12.6","0.0","6.9","26.5","12.6","26.5","12.6","0.0","6.9","48.0","(X)","55.5","(X)","25.4","(X)","27365","12616","43333","69499","27404","14635","-","**","-","**","-","**","-","**","-","**","33836","23923","-","**","-","**","36219","10671","33538","13230","18029","12013","37736","4960","41192","16799","34082","9755","45833","23951","37188","4148","30521","40868","14771","6217","14758","6468","14758","6468","-","**","14886","14221","14886","14221","-","**","(X)","(X)","(X)","(X)","(X)","(X)"
"1400000US36047089400","Census Tract 894, Kings County, New York","1213","81","4.4","3.9","91.4","6.1","0.0","2.6","1.3","2.1","0.7","1.6","2.1","3.5","0.0","2.6","6.0","4.6","3.2","3.5","2.1","2.4","45.4","10.4","41.3","9.5","11.2","5.9","909","102","51.3","12.0","48.7","12.0","30.1","11.3","48.2","11.6","21.7","10.8","304","89","38.2","16.4","38.2","16.4","0.0","10.1","61.8","16.4","42.4","15.1","19.4","17.0","58.4","(X)","61.9","(X)","47.7","(X)","48304","17156","89338","321394","42462","15152","-","**","-","**","-","**","-","**","-","**","21750","85835","-","**","-","**","40720","12939","53831","29336","30109","10118","44635","21481","35938","27846","53505","21028","59519","23789","26080","2549","53477","4765","40132","13395","4643","29048","4643","29048","-","**","52130","25816","38375","19269","100156","275758","(X)","(X)","(X)","(X)","(X)","(X)"
"1400000US36047089600","Census Tract 896, Kings County, New York","1304","102","3.5","3.1","86.3","5.9","0.0","2.5","5.9","4.8","0.0","2.5","4.3","4.2","0.0","2.5","6.1","4.8","3.5","3.1","4.1","2.8","43.4","8.8","43.2","8.7","9.3","4.9","704","128","72.2","9.3","27.8","9.3","28.8","10.0","65.2","10.1","6.0","6.8","600","123","45.2","12.4","41.5","12.6","3.7","5.8","54.8","12.4","44.2","12.8","10.7","9.0","43.2","(X)","44.9","(X)","39.5","(X)","33427","3469","57794","43546","33271","3872","-","**","65045","85024","-","**","31447","26814","-","**","38500","13453","57794","43546","7083","116996","36284","8652","33177","2600","15958","13309","33750","3273","35541","6399","31814","2490","64375","24147","26250","9977","-","**","31400","16455","16952","2835","16469","2401","-","**","36680","15962","35820","8360","48810","78436","(X)","(X)","(X)","(X)","(X)","(X)"
"1400000US36047089800","Census Tract 898, Kings County, New York","664","61","4.8","6.1","90.7","7.3","0.0","4.8","0.0","4.8","0.0","4.8","2.9","3.6","1.7","2.4","7.7","6.6","0.8","1.3","3.6","3.4","52.3","11.0","20.6","8.3","23.5","9.6","518","74","54.4","14.6","45.6","14.6","38.2","14.2","61.0","14.0","0.8","1.4","146","58","74.0","22.6","65.1","24.5","8.9","9.7","26.0","22.6","21.2","22.5","4.8","9.6","54.5","(X)","49.6","(X)","71.9","(X)","38843","4479","-","**","38500","7382","-","**","-","**","-","**","-","**","-","**","39306","1816","-","**","60192","105403","35104","14745","45104","10743","62750","50754","36544","5795","34214","10814","45000","31298","48370","38775","23750","17706","-","**","43750","3831","43125","4673","43008","5442","-","**","62625","46133","-","**","-","**","(X)","(X)","(X)","(X)","(X)","(X)"
"1400000US36047090000","Census Tract 900, Kings County, New York","2010","92","6.4","3.2","78.8","5.0","0.0","1.6","0.0","1.6","0.0","1.6","14.9","5.2","0.0","1.6","24.2","4.7","1.2","1.4","0.7","0.8","52.7","7.5","33.7","7.3","12.8","3.6","1490","126","66.9","7.5","33.1","7.5","25.7","8.0","63.4","9.4","10.9","5.7","520","122","73.8","12.1","68.3","11.8","5.6","8.7","26.2","12.1","21.2","11.1","5.0","7.8","54.9","(X)","59.9","(X)","29.2","(X)","29610","3271","17500","14701","32227","5955","-","**","-","**","-","**","12393","9921","-","**","12025","6367","-","**","-","**","31332","3169","30357","8574","17704","7017","29816","3274","30152","3255","28162","9465","52917","25868","22006","3509","35192","10616","16167","9948","12406","8364","11722","4846","-","**","26375","15752","17273","19781","-","**","(X)","(X)","(X)","(X)","(X)","(X)"
"1400000US36047090200","Census Tract 902, Kings County, New York","887","68","5.3","5.2","85.2","7.4","0.0","3.6","1.8","2.4","0.0","3.6","6.4","5.5","1.2","1.7","16.6","7.1","0.6","0.9","6.5","5.5","32.5","8.8","38.0","9.0","23.0","6.0","666","87","51.1","11.4","48.9","11.4","27.8","11.3","62.5","11.4","9.8","5.8","221","66","70.1","19.4","70.1","19.4","0.0","13.6","29.9","19.4","20.4","22.4","9.5","10.6","52.2","(X)","58.4","(X)","33.5","(X)","32813","14989","9850","54419","34875","19645","-","**","183571","112791","-","**","7989","11544","-","**","8496","4309","-","**","23977","62559","16667","26984","55625","36300","43000","41681","48359","20537","26250","17718","60417","17843","79125","14717","24405","8633","22679","44264","9556","6648","12896","6625","12896","6625","-","**","2,500-","***","-","**","-","**","(X)","(X)","(X)","(X)","(X)","(X)"
"1400000US36047090600","Census Tract 906, Kings County, New York","1581","63","6.9","3.5","74.8","5.5","0.6","1.0","0.6","1.0","0.0","2.0","17.1","5.4","0.0","2.0","26.1","4.4","1.4","1.6","6.9","4.6","34.2","7.9","40.2","7.7","18.8","4.6","1192","104","49.8","9.5","50.2","9.5","18.5","7.1","70.6","7.7","10.9","5.3","389","111","77.9","14.8","73.5","14.9","4.4","5.4","22.1","14.8","22.1","14.8","0.0","8.0","40.7","(X)","39.3","(X)","45.0","(X)","18280","4526","18295","12752","16048","5952","-","**","-","**","-","**","27537","10277","-","**","18295","15878","-","**","2,500-","***","18929","7749","19688","10800","16359","5884","22778","7651","22778","10376","23750","7123","57031","31982","19295","3833","4667","8959","10030","2859","10387","2977","10238","2864","-","**","9250","21889","9250","21889","-","**","(X)","(X)","(X)","(X)","(X)","(X)"
"1400000US36047090800","Census Tract 908, Kings County, New York","1206","98","7.4","5.1","82.8","6.7","0.0","2.7","0.0","2.7","0.0","2.7","7.8","5.2","2.1","1.8","19.1","7.4","0.0","2.7","5.1","5.6","39.7","8.5","30.8","8.1","24.3","6.7","776","102","61.1","12.6","38.9","12.6","7.7","5.8","90.5","6.4","1.8","2.4","430","108","64.2","15.8","62.1","15.3","2.1","3.0","35.8","15.8","26.5","14.6","9.3","9.6","46.4","(X)","51.5","(X)","37.2","(X)","12008","1904","10529","19371","11699","2096","-","**","-","**","-","**","17500","3481","-","**","12717","3956","-","**","-","**","13897","6606","11462","2415","11868","1539","15119","3650","15924","5056","14470","10650","17059","78372","14494","3802","-","**","9125","2825","9125","1922","9191","2226","-","**","2,500-","***","2,500-","***","-","**","(X)","(X)","(X)","(X)","(X)","(X)"
"1400000US36047091000","Census Tract 910, Kings County, New York","2356","101","9.9","4.1","78.6","5.7","0.0","1.4","0.0","1.4","0.0","1.4","5.5","4.0","6.0","3.3","28.3","8.0","0.0","1.4","3.4","3.1","29.7","6.9","28.3","6.6","38.6","6.3","1354","215","42.9","10.0","57.1","10.0","11.4","6.6","80.3","9.6","8.3","7.5","1002","225","69.5","11.8","68.4","11.9","1.1","1.9","30.5","11.8","30.5","11.8","0.0","3.2","34.5","(X)","38.7","(X)","28.8","(X)","10674","1470","10762","3269","10428","1484","-","**","-","**","-","**","12617","7680","14429","3608","9553","1719","-","**","10114","35097","11479","2591","9541","3711","10825","1773","11727","2023","10174","7369","12904","13635","13864","9472","10376","2997","25089","32509","9628","759","9546","828","9495","798","-","**","9802","3435","9802","3435","-","**","(X)","(X)","(X)","(X)","(X)","(X)"
"1400000US36047091200","Census Tract 912, Kings County, New York","2236","130","5.9","4.2","82.0","7.3","0.0","1.4","1.3","1.5","0.0","1.4","10.2","5.7","0.6","1.0","20.5","6.8","0.7","1.1","3.5","2.9","41.5","7.0","33.5","6.2","21.6","4.8","1727","198","59.8","9.3","40.2","9.3","15.2","7.3","77.1","8.1","7.7","4.3","509","167","77.8","17.3","73.9","17.2","3.9","6.5","22.2","17.3","22.2","17.3","0.0","6.2","51.4","(X)","55.4","(X)","37.9","(X)","18979","2547","9743","16393","20202","3875","-","**","75625","25101","-","**","13531","7803","-","**","9982","6487","-","**","20500","264617","28098","7569","15625","10983","16927","4058","19737","2930","18370","11761","20359","3335","23681","10921","18684","4791","32303","39922","13702","7218","12283","4400","12011","3130","-","**","40065","43376","40065","43376","-","**","(X)","(X)","(X)","(X)","(X)","(X)"
"1400000US36047091600","Census Tract 916, Kings County, New York","1453","103","1.9","1.9","90.0","5.5","0.0","2.2","0.0","2.2","0.0","2.2","4.7","4.4","3.5","3.0","8.7","5.8","0.6","1.0","4.2","3.4","34.1","8.7","46.9","9.3","14.8","4.9","928","123","36.1","11.7","63.9","11.7","18.2","9.2","78.8","9.7","3.0","3.0","525","110","54.5","14.8","50.7","15.0","3.8","5.8","45.5","14.8","39.8","14.0","5.7","6.3","50.0","(X)","55.2","(X)","39.4","(X)","25781","10539","7109","32379","29408","9124","-","**","-","**","-","**","2,500-","***","18281","38476","6719","21044","-","**","35391","83627","18477","17553","27278","11759","21850","9678","35929","3702","19883","33658","40781","17121","58203","57666","33250","18097","51563","37798","13224","10304","19048","4607","18651","9017","-","**","9125","5119","9292","4910","2,500-","***","(X)","(X)","(X)","(X)","(X)","(X)"
"1400000US36047091800","Census Tract 918, Kings County, New York","1055","28","9.2","4.6","76.3","6.8","0.5","0.9","0.8","1.1","0.0","3.0","11.6","5.8","1.7","2.0","34.1","7.7","0.0","3.0","1.3","1.7","32.7","8.5","44.5","9.9","21.4","8.1","811","91","48.8","8.3","51.2","8.3","39.2","10.8","53.0","10.8","7.8","5.1","244","87","71.3","21.8","69.3","21.5","2.0","3.5","28.7","21.8","26.6","21.8","2.0","3.1","42.2","(X)","42.9","(X)","39.8","(X)","30528","10786","15313","19344","32292","11118","-","**","-","**","-","**","27292","29933","-","**","21375","9662","-","**","-","**","26563","23846","37000","8316","14231","6213","35778","9340","35484","25379","36193","10436","60375","22881","21711","19741","30865","38071","14659","9073","21458","8837","20938","9971","-","**","2,500-","***","2,500-","***","-","**","(X)","(X)","(X)","(X)","(X)","(X)"
"1400000US36047092000","Census Tract 920, Kings County, New York","1084","79","2.4","2.2","91.2","5.9","0.0","3.0","0.0","3.0","0.0","3.0","6.4","5.2","0.0","3.0","9.6","5.9","0.0","3.0","1.5","2.3","33.9","6.7","48.0","6.8","16.7","6.0","847","111","37.8","9.1","62.2","9.1","43.2","9.9","46.0","10.5","10.7","7.1","237","92","83.1","16.6","79.3","17.2","3.8","6.1","16.9","16.6","14.8","16.0","2.1","3.7","57.4","(X)","60.1","(X)","47.7","(X)","40474","7444","9125","20140","40108","8194","-","**","-","**","-","**","46615","78485","-","**","45417","65962","-","**","-","**","34514","17261","43030","14119","41406","18932","42992","7672","34444","14468","62917","38540","84000","31734","16667","5405","42841","10775","14896","26789","13229","20908","9948","12668","-","**","42826","44026","-","**","-","**","(X)","(X)","(X)","(X)","(X)","(X)"
"1400000US36047092200","Census Tract 922, Kings County, New York","1194","93","2.7","2.0","95.1","2.8","0.0","2.7","0.0","2.7","0.0","2.7","0.0","2.7","2.2","1.7","3.4","2.6","0.0","2.7","8.6","5.5","27.7","10.0","34.3","10.0","29.4","6.4","727","125","39.8","13.7","60.2","13.7","34.8","13.4","60.1","14.0","5.1","4.8","467","105","59.3","14.6","59.3","14.6","0.0","6.7","40.7","14.6","40.7","14.6","0.0","6.7","44.7","(X)","47.0","(X)","30.0","(X)","36429","19185","-","**","39375","20124","-","**","-","**","-","**","-","**","26250","125007","-","**","-","**","32120","56516","47964","22725","50509","15657","26301","4367","50231","23468","30938","16201","56056","10236","36726","30549","53018","25442","70114","107801","25375","7645","30795","10858","30795","10858","-","**","24052","7192","24052","7192","-","**","(X)","(X)","(X)","(X)","(X)","(X)"
"1400000US36047092400","Census Tract 924, Kings County, New York","949","76","1.1","1.4","97.4","2.1","0.0","3.4","0.0","3.4","0.0","3.4","1.6","1.9","0.0","3.4","8.7","6.1","0.0","3.4","5.3","5.4","50.1","10.0","35.8","9.6","8.9","4.2","745","105","54.6","11.3","45.4","11.3","25.1","10.1","62.6","11.9","12.3","9.0","204","79","64.2","22.5","60.3","22.6","3.9","6.3","35.8","22.5","30.9","22.9","4.9","8.0","54.7","(X)","53.6","(X)","32.8","(X)","35089","10350","-","**","33611","12063","-","**","-","**","-","**","-","**","-","**","19464","13091","-","**","21875","116115","31961","10227","42411","23589","30603","14279","39904","15952","30778","13615","81667","8998","90179","15154","31651","7927","13304","7166","30588","11413","23750","19305","22639","21252","-","**","72792","66197","39792","71127","-","**","(X)","(X)","(X)","(X)","(X)","(X)"
"1400000US36047092800","Census Tract 928, Kings County, New York","1050","66","0.8","1.1","93.5","4.8","0.0","3.0","3.3","2.8","0.0","3.0","2.4","3.6","0.0","3.0","3.2","3.8","0.8","1.1","0.0","3.0","22.2","7.2","63.0","8.3","14.9","6.0","749","92","48.6","10.4","51.4","10.4","49.1","10.3","39.3","11.8","11.6","10.0","301","85","75.4","15.4","72.8","15.4","2.7","3.8","24.6","15.4","24.6","15.4","0.0","10.2","57.7","(X)","54.3","(X)","66.1","(X)","52039","8946","-","**","51974","10839","-","**","155625","277315","-","**","-","**","-","**","-","**","-","**","-","**","59646","6487","47227","9699","40648","2888","58586","4472","68125","16195","42423","16216","71159","16362","44392","10332","34145","73172","31875","27618","19974","30213","30486","25083","-","**","52333","39933","52333","39933","-","**","(X)","(X)","(X)","(X)","(X)","(X)"
"1400000US36047093000","Census Tract 930, Kings County, New York","981","66","0.0","3.3","97.2","4.1","0.0","3.3","0.0","3.3","0.0","3.3","2.8","4.1","0.0","3.3","0.0","3.3","0.0","3.3","3.6","3.5","25.9","8.3","47.1","9.1","23.4","8.0","744","85","34.3","9.5","65.7","9.5","40.6","10.2","46.2","8.2","13.2","8.0","237","76","83.1","15.7","76.4","15.9","6.8","7.4","16.9","15.7","16.9","15.7","0.0","12.8","58.6","(X)","64.2","(X)","40.9","(X)","59864","7214","-","**","60917","8083","-","**","-","**","-","**","-","**","-","**","-","**","-","**","27404","84115","50926","6803","71071","17758","57411","7163","62273","11946","47454","8907","74911","21472","115625","23235","50417","7176","65743","13624","44432","9052","51172","14934","50703","16663","-","**","42727","23462","42727","23462","-","**","(X)","(X)","(X)","(X)","(X)","(X)"
"1400000US36047093200","Census Tract 932, Kings County, New York","449","20","2.9","3.4","96.4","3.8","0.0","7.0","0.0","7.0","0.0","7.0","0.0","7.0","0.7","1.3","4.7","7.2","2.9","3.4","0.0","7.0","25.2","12.5","35.2","14.0","39.6","13.0","352","55","28.1","14.8","71.9","14.8","55.4","13.9","29.3","12.6","15.3","10.2","97","50","75.3","21.5","75.3","21.5","0.0","27.8","24.7","21.5","24.7","21.5","0.0","27.8","49.0","(X)","48.0","(X)","44.3","(X)","74931","28642","-","**","83375","28207","-","**","-","**","-","**","-","**","-","**","-","**","-","**","-","**","96484","86555","102344","40609","55238","8463","95469","22767","98086","2511","86435","21165","100391","7343","29219","50504","73333","71366","43583","11289","39926","30890","39926","30890","-","**","43667","18867","43667","18867","-","**","(X)","(X)","(X)","(X)","(X)","(X)"
"1400000US36047093400","Census Tract 934, Kings County, New York","980","55","5.7","3.8","92.9","3.8","0.0","3.3","0.0","3.3","0.0","3.3","1.4","2.3","0.0","3.3","6.3","4.0","2.0","1.7","0.6","0.9","31.8","8.1","47.6","8.6","20.0","5.3","676","76","37.4","9.2","62.6","9.2","39.1","9.2","49.1","9.4","11.8","6.2","304","79","66.1","11.5","51.3","14.0","14.8","10.2","33.9","11.5","28.0","10.9","5.9","6.8","57.8","(X)","64.9","(X)","41.8","(X)","67636","11726","21389","14304","68545","8323","-","**","-","**","-","**","-","**","-","**","28750","29729","66250","93182","-","**","90833","43695","67773","17858","53125","32779","77115","21461","52083","80783","80313","17744","106964","42948","67857","32109","91750","39261","28654","9330","27788","6238","23500","5242","69188","21306","35804","36997","14135","37616","-","**","(X)","(X)","(X)","(X)","(X)","(X)"
"1400000US36047093600","Census Tract 936, Kings County, New York","608","46","1.3","1.9","96.4","3.9","0.0","5.2","2.3","3.0","0.0","5.2","0.0","5.2","0.0","5.2","0.0","5.2","1.3","1.9","0.0","5.2","31.3","9.7","36.2","10.2","32.6","7.7","437","56","40.3","12.4","59.7","12.4","58.4","13.8","35.5","13.4","6.2","5.2","171","51","50.3","19.4","42.7","18.0","7.6","13.6","49.7","19.4","41.5","23.2","8.2","12.0","63.0","(X)","73.0","(X)","37.4","(X)","72214","16461","-","**","71429","14474","-","**","-","**","-","**","-","**","-","**","-","**","-","**","-","**","86250","27784","75278","36058","60455","17504","76367","15339","64792","28870","83438","23556","94150","11954","70938","18311","32125","61930","43063","28774","23750","6653","21719","5486","-","**","70250","40358","85347","77577","-","**","(X)","(X)","(X)","(X)","(X)","(X)"
"1400000US36047093800","Census Tract 938, Kings County, New York","841","80","1.4","2.3","96.8","3.4","0.0","3.8","0.0","3.8","0.0","3.8","0.0","3.8","1.8","2.6","1.8","2.6","1.4","2.3","1.8","2.9","47.8","10.9","33.5","9.7","16.9","6.1","585","86","49.7","14.4","50.3","14.4","38.8","12.1","57.6","12.6","3.6","4.5","256","89","61.7","20.4","37.5","19.6","24.2","21.7","38.3","20.4","32.8","20.5","5.5","9.2","54.1","(X)","55.9","(X)","44.1","(X)","31523","12348","-","**","32656","13555","-","**","-","**","-","**","-","**","-","**","-","**","-","**","-","**","30703","13235","51563","22819","18561","2225","41074","3502","40061","14936","51563","19993","40573","33101","41090","6199","-","**","17009","6223","17100","8041","15500","6289","20851","10347","16935","103363","16371","62409","-","**","(X)","(X)","(X)","(X)","(X)","(X)"
"1400000US36047094401","Census Tract 944.01, Kings County, New York","1220","60","3.0","3.8","97.0","3.8","0.0","2.6","0.0","2.6","0.0","2.6","0.0","2.6","0.0","2.6","1.3","2.0","3.0","3.8","1.7","2.7","19.3","7.9","52.1","9.3","26.9","7.2","941","108","39.6","10.5","60.4","10.5","64.3","9.3","31.2","9.2","4.5","4.3","279","95","58.1","18.8","50.9","20.0","7.2","9.7","41.9","18.8","35.8","19.6","6.1","9.6","49.6","(X)","55.9","(X)","28.3","(X)","60682","8584","-","**","61477","9600","-","**","-","**","-","**","-","**","-","**","-","**","-","**","-","**","66250","24199","62396","39984","49750","25453","62135","24852","87688","48064","60000","16324","102132","31139","39145","5018","2,500-","***","58487","21306","50526","36229","34483","31058","-","**","63015","15099","59342","37762","-","**","(X)","(X)","(X)","(X)","(X)","(X)"
"1400000US36047094402","Census Tract 944.02, Kings County, New York","1168","77","18.1","8.7","79.5","9.5","1.5","2.4","0.9","1.3","0.0","2.7","0.0","2.7","0.0","2.7","10.8","6.3","8.3","5.2","0.0","2.7","35.0","8.9","46.0","9.0","19.0","4.5","859","125","52.2","15.0","47.8","15.0","15.1","8.7","73.0","14.3","11.9","10.0","309","97","86.7","9.3","86.7","9.3","0.0","10.0","13.3","9.3","10.0","9.0","3.2","5.2","54.7","(X)","59.6","(X)","41.1","(X)","26905","6814","19358","16517","27432","7599","-","**","-","**","-","**","-","**","-","**","32375","12324","9313","15941","-","**","32770","7675","26563","10224","17000","5379","33479","4126","35714","8719","33063","10516","36286","15567","31419","7674","34020","32500","13508","4960","11500","4542","11500","4542","-","**","19830","31801","19261","14227","-","**","(X)","(X)","(X)","(X)","(X)","(X)"
"1400000US36047094600","Census Tract 946, Kings County, New York","672","63","7.7","5.7","88.1","6.4","4.2","2.9","0.0","4.7","0.0","4.7","0.0","4.7","0.0","4.7","5.1","5.4","4.2","3.2","4.0","5.0","20.4","10.6","46.7","12.8","28.9","9.5","458","89","45.2","13.7","54.8","13.7","56.1","14.2","39.3","13.9","4.6","6.0","214","80","77.6","15.9","77.6","15.9","0.0","14.1","22.4","15.9","16.8","15.6","5.6","6.6","46.7","(X)","53.3","(X)","32.7","(X)","66630","10552","125357","156620","65870","10517","-","**","-","**","-","**","-","**","-","**","125476","145630","16786","53339","-","**","69181","42138","69375","15975","58750","37373","72500","32059","69698","59349","73958","49131","125169","58105","68103","24770","-","**","38400","5383","34750","14444","34750","14444","-","**","81875","61545","80938","15222","-","**","(X)","(X)","(X)","(X)","(X)","(X)"
"1400000US36047095000","Census Tract 950, Kings County, New York","954","65","3.9","4.0","91.5","5.7","0.0","3.3","0.0","3.3","0.0","3.3","4.6","4.5","0.0","3.3","5.9","4.8","3.9","4.0","0.0","3.3","30.9","7.7","47.6","8.5","21.5","6.6","834","77","35.6","10.5","64.4","10.5","45.2","8.9","40.6","8.1","14.1","5.7","120","48","69.2","22.5","65.0","23.0","4.2","6.1","30.8","22.5","10.0","11.5","20.8","21.9","66.7","(X)","66.5","(X)","56.7","(X)","70224","6076","34034","31497","71170","3042","-","**","-","**","-","**","42708","128329","-","**","43958","105047","34034","31497","-","**","70579","7702","81000","28721","25917","29792","70385","5580","65057","25335","72043","13818","70417","6525","65284","12150","105208","41128","52763","29337","33884","11936","33661","11898","-","**","54408","43524","-","**","-","**","(X)","(X)","(X)","(X)","(X)","(X)"
"1400000US36047095400","Census Tract 954, Kings County, New York","1445","83","2.4","1.9","96.8","2.0","0.0","2.2","0.0","2.2","0.0","2.2","0.0","2.2","0.8","1.2","2.8","2.2","2.4","1.9","0.0","2.2","41.9","9.1","45.7","9.7","12.4","5.7","1215","115","48.3","9.4","51.7","9.4","58.8","9.1","34.6","8.8","6.7","4.2","230","97","63.0","17.4","52.6","21.5","10.4","11.7","37.0","17.4","30.9","20.7","6.1","10.2","53.1","(X)","54.5","(X)","38.3","(X)","62402","3397","70156","40269","62566","3293","-","**","-","**","-","**","-","**","-","**","43750","9655","70156","40269","-","**","60000","8445","76875","25988","50694","47453","64362","14558","59458","13182","75143","19710","76206","9412","52037","19996","25750","39803","46607","30729","34830","22049","33466","28792","-","**","62639","21877","63028","18763","-","**","(X)","(X)","(X)","(X)","(X)","(X)"
"1400000US36047095600","Census Tract 956, Kings County, New York","1284","51","10.3","3.7","84.1","5.3","0.0","2.5","3.5","4.0","0.0","2.5","1.5","2.5","0.6","1.0","8.6","5.0","6.5","3.5","2.3","2.6","28.2","6.6","56.6","8.9","12.9","5.3","1078","88","42.6","8.7","57.4","8.7","47.4","10.2","45.6","9.7","7.0","5.6","206","83","71.8","19.5","65.0","23.2","6.8","10.9","28.2","19.5","17.5","15.4","10.7","13.2","58.7","(X)","61.3","(X)","45.1","(X)","64654","4498","40294","44369","66020","6460","-","**","-","**","-","**","-","**","-","**","84342","42501","17292","12094","-","**","65147","7718","66850","31294","24643","24870","65395","7476","60990","4092","82961","29562","101847","16252","58906","16922","29375","171978","18382","5464","17014","3961","16528","3739","-","**","40313","46986","22917","21837","-","**","(X)","(X)","(X)","(X)","(X)","(X)"
"1400000US36047095800","Census Tract 958, Kings County, New York","1167","87","4.6","2.8","83.3","6.7","0.0","2.7","2.4","3.0","0.0","2.7","7.9","5.3","1.8","2.0","9.1","5.6","4.2","2.8","2.4","3.8","34.2","11.2","51.2","10.5","12.3","6.6","969","114","34.5","12.3","65.5","12.3","57.7","12.2","28.6","10.7","13.7","8.9","198","97","51.0","28.0","36.9","27.2","14.1","21.6","49.0","28.0","35.4","26.8","13.6","21.5","55.3","(X)","52.9","(X)","66.7","(X)","67220","18110","50833","10993","71711","25035","-","**","-","**","-","**","66111","63019","-","**","66759","45251","50486","20738","-","**","85313","24874","66750","13203","50625","22120","75917","21772","52045","29409","86992","20879","95991","21672","50240","25446","84625","44698","37941","28917","27026","47728","25819","9671","-","**","47361","41349","22054","41817","-","**","(X)","(X)","(X)","(X)","(X)","(X)"
"1400000US36047096000","Census Tract 960, Kings County, New York","0","12","-","**","-","**","-","**","-","**","-","**","-","**","-","**","-","**","-","**","-","**","-","**","-","**","-","**","0","12","-","**","-","**","-","**","-","**","-","**","0","12","-","**","-","**","-","**","-","**","-","**","-","**","-","(X)","-","(X)","-","(X)","-","**","-","**","-","**","-","**","-","**","-","**","-","**","-","**","-","**","-","**","-","**","-","**","-","**","-","**","-","**","-","**","-","**","-","**","-","**","-","**","-","**","-","**","-","**","-","**","-","**","-","**","-","**","(X)","(X)","(X)","(X)","(X)","(X)"
"1400000US36047096200","Census Tract 962, Kings County, New York","522","43","12.6","6.0","80.8","7.8","0.0","6.0","0.0","6.0","0.0","6.0","6.5","6.1","0.0","6.0","8.6","6.2","10.5","5.0","0.0","6.0","17.0","9.6","63.4","12.5","19.5","7.0","419","52","42.7","12.9","57.3","12.9","48.4","13.6","34.6","11.5","16.9","11.4","103","51","42.7","32.0","42.7","32.0","0.0","26.5","57.3","32.0","43.7","31.0","13.6","20.5","51.5","(X)","52.3","(X)","48.5","(X)","71711","12111","55455","75143","71842","13373","-","**","-","**","-","**","-","**","-","**","78750","30436","19485","80863","-","**","75365","24591","80966","9634","56136","29316","79837","9128","66917","25771","81953","7641","84861","44818","64625","38161","61319","41812","38917","34826","75208","74177","75208","74177","-","**","25729","25579","19485","8692","-","**","(X)","(X)","(X)","(X)","(X)","(X)"
"1400000US36047096400","Census Tract 964, Kings County, New York","737","78","11.1","5.4","69.1","7.4","1.5","2.4","2.0","2.4","0.0","4.3","15.1","7.9","1.2","2.2","15.1","7.9","11.1","5.4","0.9","2.0","29.7","9.2","53.5","10.1","15.9","7.0","590","100","36.9","10.9","63.1","10.9","41.5","18.0","32.9","9.7","25.6","14.3","147","56","46.9","21.8","40.1","21.7","6.8","7.1","53.1","21.8","8.8","15.6","44.2","26.0","58.3","(X)","56.4","(X)","61.2","(X)","60375","43951","34231","17105","97604","21458","-","**","51094","57546","-","**","34316","23782","-","**","34316","23782","34231","17105","-","**","80809","63067","80833","50125","37375","38443","63629","30219","80517","44970","53500","23627","109813","35325","62794","22197","34043","8987","42188","20903","36625","16954","36375","20403","-","**","90417","85444","-","**","92292","66921","(X)","(X)","(X)","(X)","(X)","(X)"
"1400000US36047096600","Census Tract 966, Kings County, New York","721","56","13.3","7.0","70.9","9.9","0.0","4.4","1.2","1.9","0.0","4.4","14.6","9.2","0.0","4.4","16.4","9.0","10.5","5.3","2.8","4.3","26.6","8.1","52.6","10.3","18.0","7.5","577","65","47.3","14.3","52.7","14.3","52.2","11.7","40.2","11.3","7.6","5.7","144","58","63.2","24.1","60.4","25.2","2.8","4.2","36.8","24.1","22.9","19.8","13.9","20.6","50.5","(X)","52.0","(X)","37.5","(X)","83527","11012","40938","53330","83438","12700","-","**","-","**","-","**","92450","129161","-","**","90000","9624","26042","19828","-","**","37500","27780","91750","12488","26458","12641","90037","12983","74583","32595","92279","40194","90699","8890","100833","67859","25250","26838","35357","24358","27031","20268","30250","25903","-","**","61875","68809","17171","76371","-","**","(X)","(X)","(X)","(X)","(X)","(X)"
"1400000US36047096800","Census Tract 968, Kings County, New York","440","47","14.1","6.7","78.2","7.5","0.0","7.1","3.2","2.8","0.0","7.1","4.5","5.0","0.0","7.1","8.0","6.3","12.0","7.0","2.3","3.7","44.8","13.0","32.3","12.4","20.7","9.4","365","65","61.6","16.1","38.4","16.1","51.2","13.9","37.0","12.5","11.8","10.5","75","50","78.7","24.0","46.7","36.0","32.0","36.7","21.3","24.0","21.3","24.0","0.0","33.5","41.8","(X)","37.0","(X)","65.3","(X)","59000","41932","85921","48169","51196","44819","-","**","53125","209696","-","**","-","**","-","**","85417","108610","85625","75996","-","**","50598","15559","148750","69788","84688","43721","54063","28362","44135","32933","78571","57038","86528","52802","37250","5460","51250","38010","85893","81917","86845","106636","85417","26854","-","**","-","**","-","**","-","**","(X)","(X)","(X)","(X)","(X)","(X)"
"1400000US36047097000","Census Tract 970, Kings County, New York","689","53","23.7","8.6","71.4","9.0","0.0","4.6","0.3","0.9","0.0","4.6","4.6","4.6","0.0","4.6","16.3","6.9","19.0","8.8","1.7","3.1","31.9","11.4","44.0","11.9","22.4","8.9","523","71","36.3","13.9","63.7","13.9","47.8","13.2","44.2","13.9","8.0","6.8","166","74","72.9","23.2","72.9","23.2","0.0","17.7","27.1","23.2","22.9","21.7","4.2","7.4","52.4","(X)","54.9","(X)","44.6","(X)","59509","16469","136607","94375","52500","21479","-","**","-","**","-","**","52353","59412","-","**","52059","33763","160527","36519","-","**","46579","12070","79821","37543","82813","61655","86382","27470","51029","45978","100739","35629","121250","61303","27431","68548","88571","72623","37143","28544","43566","9605","43566","9605","-","**","22422","5067","21875","6667","-","**","(X)","(X)","(X)","(X)","(X)","(X)"
"1400000US36047097400","Census Tract 974, Kings County, New York","762","40","3.1","3.2","84.4","6.8","0.0","4.2","3.9","4.7","0.0","4.2","8.5","3.8","0.0","4.2","9.1","5.6","3.1","3.2","7.9","5.9","37.9","12.8","36.7","9.5","17.5","8.3","598","67","49.8","12.0","50.2","12.0","44.6","11.5","41.5","11.1","13.9","10.7","164","61","68.9","24.7","47.0","28.5","22.0","18.9","31.1","24.7","31.1","24.7","0.0","17.9","49.0","(X)","47.0","(X)","46.3","(X)","63627","4155","-","**","63015","4635","-","**","-","**","-","**","66979","91013","-","**","63698","56037","-","**","65625","122944","64676","9757","61429","31227","54792","26682","65000","5627","61705","13130","67125","41015","95417","32786","42500","17322","66384","27758","50714","20018","61750","16384","52321","40871","67857","14102","48616","4692","48616","4692","-","**","(X)","(X)","(X)","(X)","(X)","(X)"
"1400000US36047098200","Census Tract 982, Kings County, New York","1637","43","7.0","3.3","76.5","5.4","0.0","2.0","0.0","2.0","0.0","2.0","16.4","5.5","0.0","2.0","23.6","5.5","1.4","1.6","3.2","2.8","36.2","6.5","38.9","6.7","21.7","4.7","1193","101","44.3","8.9","55.7","8.9","10.6","5.1","78.1","9.1","11.2","6.3","444","96","72.7","14.0","72.7","14.0","0.0","7.1","27.3","14.0","27.3","14.0","0.0","7.1","46.2","(X)","46.4","(X)","40.8","(X)","20586","7311","17865","12164","28675","10233","-","**","-","**","-","**","17652","9060","-","**","17956","6150","-","**","8625","4261","28750","19017","29375","10737","13992","4564","27615","7963","28618","2956","22632","9866","41544","7541","27862","6035","9125","10110","13534","4106","12137","5240","12137","5240","-","**","15987","18000","15987","18000","-","**","(X)","(X)","(X)","(X)","(X)","(X)"
"1400000US36047098400","Census Tract 984, Kings County, New York","606","69","4.0","3.7","93.9","4.5","0.0","5.2","2.1","2.1","0.0","5.2","0.0","5.2","0.0","5.2","3.1","3.0","2.8","3.1","0.0","5.2","31.5","12.1","38.4","12.2","30.0","12.3","465","82","34.2","13.8","65.8","13.8","65.6","15.0","22.8","12.8","11.6","10.7","141","65","82.3","14.4","78.0","15.4","4.3","6.5","17.7","14.4","6.4","7.8","11.3","12.7","60.2","(X)","57.4","(X)","69.5","(X)","68068","26277","67000","220552","68352","29907","-","**","56563","128541","-","**","-","**","-","**","-","**","65250","91429","-","**","68352","41343","90938","38181","26765","54875","49750","51342","36292","16468","81250","39427","88438","49818","24643","58480","36083","15587","65750","66011","26818","76213","26136","65063","-","**","68047","1891","-","**","-","**","(X)","(X)","(X)","(X)","(X)","(X)"
"1400000US36047098600","Census Tract 986, Kings County, New York","1028","61","3.3","2.6","90.1","4.4","0.0","3.1","2.6","2.3","0.0","3.1","2.7","3.0","1.3","2.0","6.5","4.2","0.0","3.1","0.0","3.1","37.5","7.9","46.9","8.4","15.6","6.1","856","88","40.7","9.3","59.3","9.3","62.7","9.2","27.8","8.2","9.5","5.9","172","67","76.2","17.3","70.3","17.7","5.8","9.4","23.8","17.3","13.4","14.6","10.5","11.5","58.6","(X)","60.9","(X)","42.4","(X)","67458","17310","103750","140610","75000","15415","-","**","18125","15029","-","**","-","**","-","**","70750","51674","-","**","-","**","76500","24177","81042","16406","57500","36083","76518","10053","74444","40629","77826","11071","85298","14064","40192","8352","82813","31050","22500","23390","17102","6582","16534","5946","-","**","65568","44349","-","**","-","**","(X)","(X)","(X)","(X)","(X)","(X)"
"1400000US36047098800","Census Tract 988, Kings County, New York","1007","71","9.8","5.7","84.7","6.8","0.0","3.2","1.6","2.0","0.0","3.2","3.9","4.4","0.0","3.2","6.8","4.8","7.8","5.4","2.1","3.2","48.9","10.3","38.4","9.6","10.6","5.0","725","102","45.0","11.1","55.0","11.1","55.7","13.3","33.8","12.2","10.5","7.5","282","87","68.1","17.8","68.1","17.8","0.0","10.9","31.9","17.8","27.7","18.0","4.3","6.2","51.9","(X)","58.9","(X)","34.0","(X)","53681","16274","44408","68525","59464","15841","-","**","-","**","-","**","-","**","-","**","29405","7915","44145","59623","-","**","43621","12342","75875","13782","35417","19094","54653","26349","54444","38982","62708","35454","79000","10923","42802","13819","64545","87400","42895","12826","44474","22445","44474","22445","-","**","38750","28112","38125","18796","-","**","(X)","(X)","(X)","(X)","(X)","(X)"
"1400000US36047099000","Census Tract 990, Kings County, New York","458","44","7.9","5.4","77.1","11.8","0.0","6.8","12.4","10.3","0.0","6.8","1.3","2.1","1.3","1.8","0.0","6.8","7.9","5.4","0.4","1.1","16.8","9.3","69.4","12.6","13.3","8.3","332","68","44.9","19.2","55.1","19.2","61.1","13.8","33.7","14.8","5.1","7.8","126","55","57.1","27.1","57.1","27.1","0.0","22.5","42.9","27.1","32.5","23.8","10.3","17.2","59.6","(X)","59.6","(X)","59.5","(X)","59265","36309","93333","133622","59779","41040","-","**","24837","166129","-","**","-","**","-","**","-","**","93333","133622","-","**","21750","48913","88571","25878","18250","14807","81667","23916","72596","89217","90250","36575","111420","41923","43190","27367","-","**","23913","22794","23587","12528","23587","12528","-","**","43182","53401","14205","49163","-","**","(X)","(X)","(X)","(X)","(X)","(X)"
"1400000US36047099200","Census Tract 992, Kings County, New York","571","64","12.4","7.1","76.4","8.8","2.8","4.4","2.8","2.6","0.0","5.5","0.0","5.5","5.6","5.3","8.8","5.5","12.4","7.1","0.0","5.5","36.4","12.4","46.6","11.7","17.0","7.9","504","65","44.6","13.1","55.4","13.1","52.2","12.9","33.9","11.3","13.9","9.8","67","44","80.6","28.6","80.6","28.6","0.0","36.0","19.4","28.6","19.4","28.6","0.0","36.0","28.4","(X)","26.6","(X)","26.9","(X)","66776","21298","17014","11291","78750","12028","-","**","-","**","-","**","-","**","53281","9817","53906","21044","17014","11291","-","**","74286","33289","75658","22496","30625","39822","71500","19597","54844","31605","77303","14483","93098","10494","52969","27532","53281","52478","9940","10003","15139","9483","15139","9483","-","**","-","**","-","**","-","**","(X)","(X)","(X)","(X)","(X)","(X)"
"1400000US36047099400","Census Tract 994, Kings County, New York","644","53","5.9","4.8","84.5","11.1","3.9","6.3","0.0","4.9","0.0","4.9","5.7","6.2","0.0","4.9","7.1","6.4","5.9","4.8","0.0","4.9","40.8","12.1","46.3","12.5","12.9","6.7","511","64","55.4","11.9","44.6","11.9","58.9","13.3","34.8","12.5","6.3","6.9","133","66","48.1","25.7","48.1","25.7","0.0","21.5","51.9","25.7","24.1","25.3","27.8","28.0","55.7","(X)","52.4","(X)","68.4","(X)","75139","11877","51375","71423","76991","7637","-","**","-","**","-","**","-","**","-","**","6250","12119","51375","71423","-","**","54236","28891","83571","12361","68750","34858","78375","7079","80039","18988","78250","19078","81914","6377","49500","69125","-","**","55625","3093","53333","21211","53333","21211","-","**","56277","19846","-","**","-","**","(X)","(X)","(X)","(X)","(X)","(X)"
"1400000US36047099600","Census Tract 996, Kings County, New York","1121","73","5.3","3.7","93.4","3.8","0.0","2.9","0.7","1.1","0.0","2.9","0.0","2.9","0.6","0.9","3.7","4.2","3.7","2.7","0.0","2.9","30.0","9.9","53.7","8.8","16.3","7.6","847","114","38.8","10.5","61.2","10.5","49.1","9.1","38.7","8.7","12.2","7.4","274","101","63.9","22.3","51.5","20.1","12.4","15.4","36.1","22.3","21.5","15.2","14.6","17.1","67.4","(X)","68.7","(X)","59.5","(X)","75329","15096","43304","35115","76075","10338","-","**","-","**","-","**","-","**","-","**","-","**","44821","37888","-","**","59333","27409","80000","20054","64485","41964","77259","6583","77829","15015","77149","10125","89688","13942","57283","40167","77697","30608","53241","19225","54665","17460","53906","9768","-","**","24531","14788","26838","42804","-","**","(X)","(X)","(X)","(X)","(X)","(X)"
"1400000US36047099800","Census Tract 998, Kings County, New York","1233","90","7.1","4.9","91.2","5.3","0.0","2.6","1.0","1.3","0.0","2.6","0.0","2.6","0.7","1.1","4.2","3.9","7.1","4.9","0.8","1.2","32.1","8.3","58.9","8.0","8.2","4.9","1019","122","54.2","8.9","45.8","8.9","58.9","10.1","37.2","10.5","3.9","4.1","214","85","84.6","18.1","70.6","21.3","14.0","12.5","15.4","18.1","15.4","18.1","0.0","14.1","43.1","(X)","44.2","(X)","37.9","(X)","64198","10445","70833","78034","63731","11082","-","**","-","**","-","**","-","**","-","**","97778","68188","70833","78034","-","**","63750","18227","70417","16651","33281","28161","69931","13678","64402","23094","71050","13438","79307","8640","52829","13246","47188","56423","53065","40783","52621","46597","30893","32416","76250","39878","-","**","-","**","-","**","(X)","(X)","(X)","(X)","(X)","(X)"
"1400000US36047100400","Census Tract 1004, Kings County, New York","961","60","8.9","4.9","87.2","5.9","2.3","3.6","1.6","2.0","0.0","3.3","0.0","3.3","0.0","3.3","3.2","3.2","7.8","4.5","2.2","3.3","35.2","9.1","55.6","9.1","7.1","3.4","773","91","42.4","9.2","57.6","9.2","40.8","10.7","47.2","10.2","12.0","6.7","188","76","67.0","22.8","64.4","22.6","2.7","4.8","33.0","22.8","21.8","19.6","11.2","16.8","57.3","(X)","49.7","(X)","71.8","(X)","72670","9076","50714","41764","72419","9797","-","**","-","**","-","**","-","**","-","**","70114","95706","42014","37044","-","**","68095","11752","74205","10186","105313","76334","72399","14975","70405","35016","81065","10937","125509","50014","51625","37077","67188","76557","63409","21818","59545","32947","59261","45355","-","**","63864","39998","62670","50121","-","**","(X)","(X)","(X)","(X)","(X)","(X)"
"1400000US36047100600","Census Tract 1006, Kings County, New York","850","47","10.9","5.3","85.4","5.8","0.0","3.7","2.7","2.8","0.0","3.7","0.0","3.7","0.9","1.4","6.2","4.6","4.7","3.2","0.0","3.7","25.4","8.9","64.7","10.1","9.9","5.1","630","88","43.7","10.9","56.3","10.9","60.5","10.4","34.8","10.7","4.8","3.7","220","82","31.8","16.0","21.8","13.2","10.0","10.7","68.2","16.0","50.9","19.3","17.3","11.9","60.0","(X)","63.2","(X)","48.2","(X)","78448","15232","29196","3423","80781","17190","-","**","103083","2179","-","**","-","**","-","**","29708","17958","27917","36253","-","**","103148","23300","76250","17170","47833","36701","87273","15932","104803","18358","77946","12718","98068","21345","64375","26321","188750","97603","37054","18501","92083","94397","91250","115605","-","**","36607","9342","29881","12829","61563","18698","(X)","(X)","(X)","(X)","(X)","(X)"
"1400000US36047100800","Census Tract 1008, Kings County, New York","696","43","20.7","8.0","70.8","8.1","0.0","4.6","5.2","4.7","0.0","4.6","1.6","2.6","1.7","2.7","3.9","3.7","19.3","7.9","2.7","4.2","32.0","10.2","49.9","11.9","15.4","5.8","579","61","43.4","10.6","56.6","10.6","54.6","10.7","29.2","12.0","16.2","7.2","117","46","66.7","20.4","63.2","21.7","3.4","5.6","33.3","20.4","29.9","19.4","3.4","6.4","56.6","(X)","58.0","(X)","49.6","(X)","60000","14975","39048","19234","65598","23420","-","**","50132","69158","-","**","-","**","-","**","88125","43953","38452","19292","-","**","61125","24588","69250","38441","36838","19390","52148","16894","64950","18390","48571","5476","77917","26704","45298","17952","48000","32865","34013","33743","34474","44026","34667","55225","-","**","24125","54438","23625","65041","-","**","(X)","(X)","(X)","(X)","(X)","(X)"
"1400000US36047101000","Census Tract 1010, Kings County, New York","723","59","7.9","4.6","78.1","10.2","0.0","4.4","12.2","9.3","0.0","4.4","1.8","2.9","0.0","4.4","5.5","4.9","6.4","4.4","1.7","2.9","39.6","11.7","39.1","11.8","19.6","9.5","567","84","46.2","14.7","53.8","14.7","58.7","15.0","33.9","13.3","7.4","8.4","156","68","68.6","19.2","53.2","23.4","15.4","22.3","31.4","19.2","31.4","19.2","0.0","18.7","60.7","(X)","62.6","(X)","45.5","(X)","59494","11063","48958","18021","67548","24032","-","**","38558","39435","-","**","-","**","-","**","28269","27322","47045","27204","-","**","69327","45781","57827","4568","56500","66826","59606","16787","86250","99116","58958","5706","59955","118483","58654","28418","-","**","55192","20006","56635","51690","31042","53826","-","**","51458","19929","51458","19929","-","**","(X)","(X)","(X)","(X)","(X)","(X)"
"1400000US36047101200","Census Tract 1012, Kings County, New York","718","52","7.5","4.1","80.4","7.6","0.0","4.4","5.0","3.6","0.0","4.4","2.9","3.3","4.2","6.2","1.5","2.5","7.5","4.1","0.0","4.4","35.8","9.0","47.1","10.2","17.1","6.5","575","67","45.0","11.0","55.0","11.0","56.0","11.7","34.6","11.1","9.4","6.1","143","50","63.6","19.2","63.6","19.2","0.0","20.2","36.4","19.2","36.4","19.2","0.0","20.2","46.2","(X)","51.3","(X)","25.9","(X)","69615","9158","77614","98984","70685","10910","-","**","68077","64086","-","**","-","**","-","**","-","**","77614","98984","-","**","53969","12723","84808","24918","66042","46136","72697","9248","54375","32274","85385","12097","74079","11853","71339","24537","66071","60960","35375","15592","30104","26952","30104","26952","-","**","41458","16440","41458","16440","-","**","(X)","(X)","(X)","(X)","(X)","(X)"
"1400000US36047101400","Census Tract 1014, Kings County, New York","783","53","5.4","3.1","89.1","4.5","0.0","4.1","4.1","2.8","0.0","4.1","1.4","2.1","0.0","4.1","1.5","2.2","5.4","3.1","2.7","4.0","28.5","9.4","52.7","11.3","16.1","6.0","604","72","40.2","10.0","59.8","10.0","59.4","10.6","31.5","10.4","9.1","5.8","179","64","64.8","19.6","59.2","18.9","5.6","8.7","35.2","19.6","29.1","18.8","6.1","6.7","44.2","(X)","41.6","(X)","46.9","(X)","70380","33091","61500","46762","83182","43386","-","**","66818","37696","-","**","-","**","-","**","-","**","61500","46762","-","**","51979","45614","96250","13533","27955","7774","91842","22816","95785","18079","90066","38242","96366","11677","59318","48568","90875","52324","31250","22734","31346","21575","30385","14562","-","**","27386","58741","26136","53641","-","**","(X)","(X)","(X)","(X)","(X)","(X)"
"1400000US36047101600","Census Tract 1016, Kings County, New York","447","44","6.5","4.7","90.4","5.7","0.0","7.0","1.3","2.0","0.0","7.0","0.0","7.0","1.8","2.8","0.0","7.0","6.5","4.7","0.0","7.0","44.3","12.2","38.0","11.2","17.7","8.2","403","53","41.7","13.1","58.3","13.1","44.9","11.9","42.9","14.5","12.2","10.9","44","28","81.8","26.0","72.7","29.2","9.1","15.3","18.2","26.0","18.2","26.0","0.0","44.7","56.4","(X)","59.1","(X)","31.8","(X)","92663","27984","72969","44494","94130","20832","-","**","-","**","-","**","-","**","-","**","-","**","72969","44494","-","**","93667","71982","75833","18916","100938","14875","86058","22216","58906","11219","94293","5756","93906","33814","71985","34857","85865","114786","35735","13517","35278","30133","35833","39706","-","**","-","**","-","**","-","**","(X)","(X)","(X)","(X)","(X)","(X)"
"1400000US36047101800","Census Tract 1018, Kings County, New York","719","79","6.7","5.3","88.3","5.5","0.0","4.4","0.0","4.4","0.0","4.4","2.4","3.3","2.6","3.2","3.5","3.3","5.1","4.9","0.0","4.4","35.7","10.1","51.6","9.3","12.7","5.0","346","76","69.1","10.4","30.9","10.4","72.8","12.0","24.0","12.6","3.2","5.7","373","101","44.8","14.7","43.2","14.4","1.6","2.8","55.2","14.7","51.5","14.8","3.8","5.6","43.1","(X)","41.3","(X)","44.8","(X)","74181","32650","41029","41974","82708","50271","-","**","-","**","-","**","-","**","-","**","55536","76928","41838","58016","-","**","56607","82057","110250","67590","48375","35259","124286","30103","142708","24913","80446","53209","143214","12298","38897","4104","-","**","48945","15092","34844","13759","33906","11912","-","**","61176","43704","60147","44176","-","**","(X)","(X)","(X)","(X)","(X)","(X)"
"1400000US36047102000","Census Tract 1020, Kings County, New York","631","33","9.5","6.4","88.0","6.7","0.0","5.0","2.5","2.6","0.0","5.0","0.0","5.0","0.0","5.0","2.1","3.7","9.5","6.4","0.0","5.0","28.1","11.1","63.5","11.8","8.4","4.4","531","64","56.9","12.0","43.1","12.0","75.5","11.5","21.5","11.1","3.0","3.1","100","54","84.0","23.4","59.0","25.9","25.0","24.8","16.0","23.4","4.0","6.9","12.0","21.1","58.5","(X)","58.0","(X)","57.0","(X)","91646","14091","42045","129174","91854","16343","-","**","-","**","-","**","-","**","-","**","-","**","42045","129174","-","**","61771","52702","106827","25726","30781","24042","102760","20565","104375","17719","91393","21484","106250","22744","59896","49467","-","**","76500","33570","76100","63295","22292","112155","-","**","-","**","-","**","-","**","(X)","(X)","(X)","(X)","(X)","(X)"
"1400000US36047102200","Census Tract 1022, Kings County, New York","712","53","15.0","5.4","73.3","5.6","0.0","4.5","9.8","5.5","0.0","4.5","0.8","1.2","1.0","1.4","1.8","1.9","14.0","5.3","0.0","4.5","43.0","9.6","44.9","9.6","12.1","6.7","557","72","59.8","12.0","40.2","12.0","49.7","12.3","46.3","12.0","3.9","4.3","155","60","47.7","20.1","47.7","20.1","0.0","18.8","52.3","20.1","52.3","20.1","0.0","18.8","38.2","(X)","44.9","(X)","11.0","(X)","53214","7178","22443","23748","61875","15706","-","**","32727","26197","-","**","-","**","-","**","-","**","22045","34207","-","**","49479","16795","56964","20757","52619","20799","55625","9287","56141","14759","54643","29258","78125","23360","51042","17514","16964","20900","31488","14240","37500","47552","37500","47552","-","**","22330","18343","22330","18343","-","**","(X)","(X)","(X)","(X)","(X)","(X)"
"1400000US36047102400","Census Tract 1024, Kings County, New York","609","58","13.1","7.9","77.7","8.5","0.0","5.2","3.6","2.6","0.0","5.2","5.6","6.1","0.0","5.2","6.4","6.2","13.1","7.9","0.8","1.3","40.6","11.1","39.6","11.2","19.0","5.5","462","66","50.0","12.5","50.0","12.5","57.8","12.1","36.1","11.6","6.1","5.3","147","59","51.0","25.4","51.0","25.4","0.0","19.7","49.0","25.4","49.0","25.4","0.0","19.7","45.8","(X)","51.1","(X)","29.3","(X)","54273","7681","30500","21529","65729","20771","-","**","46750","58508","-","**","-","**","-","**","-","**","30500","21529","-","**","54313","8738","87614","27080","21316","33046","62045","27784","53313","10785","77014","7152","55568","30252","75893","31773","62045","131476","48224","8034","47697","36068","47697","36068","-","**","52935","16570","52935","16570","-","**","(X)","(X)","(X)","(X)","(X)","(X)"
"1400000US36047102600","Census Tract 1026, Kings County, New York","862","69","6.5","3.8","92.9","3.9","0.0","3.7","0.0","3.7","0.0","3.7","0.0","3.7","0.6","1.0","0.0","3.7","6.5","3.8","3.8","3.7","24.5","8.0","58.5","9.2","13.2","5.4","701","84","54.9","12.3","45.1","12.3","48.1","12.2","49.1","12.5","2.9","3.4","161","67","47.8","22.2","39.8","20.8","8.1","10.3","52.2","22.2","38.5","20.8","13.7","11.9","41.9","(X)","42.9","(X)","37.3","(X)","67083","15088","26500","55152","69432","14114","-","**","-","**","-","**","-","**","-","**","-","**","26500","55152","-","**","88750","31360","55833","25516","19375","13820","77764","9895","82604","20273","44390","10209","113063","32616","44022","3078","-","**","31563","15595","19750","16149","23500","15433","-","**","60167","27473","57500","30558","132708","200325","(X)","(X)","(X)","(X)","(X)","(X)"
"1400000US36047102800","Census Tract 1028, Kings County, New York","457","48","4.8","4.4","90.6","5.2","0.0","6.9","4.6","4.3","0.0","6.9","0.0","6.9","0.0","6.9","0.0","6.9","4.8","4.4","2.8","4.0","26.5","13.3","60.0","13.6","10.7","6.8","322","57","32.0","14.0","68.0","14.0","56.8","16.0","35.7","14.5","7.5","10.8","135","52","57.8","26.2","57.8","26.2","0.0","21.2","42.2","26.2","14.8","18.5","27.4","21.5","47.5","(X)","50.3","(X)","33.3","(X)","78819","17263","58750","228212","72411","19505","-","**","194107","101228","-","**","-","**","-","**","-","**","58750","228312","-","**","70179","25863","90000","27120","50284","22616","86146","6111","82212","38230","87448","6584","117188","29805","80208","23444","-","**","29750","31207","12273","58159","12273","58159","-","**","46103","13007","-","**","57604","25524","(X)","(X)","(X)","(X)","(X)","(X)"
"1400000US36047103400","Census Tract 1034, Kings County, New York","1541","104","23.7","5.9","64.6","7.4","3.7","5.9","0.0","2.1","0.0","2.1","4.7","3.9","3.3","2.9","19.5","5.1","17.0","4.8","1.2","1.4","36.3","8.4","42.1","7.7","20.4","4.9","958","134","60.1","8.2","39.9","8.2","22.9","8.1","58.2","11.9","18.9","9.2","583","120","69.5","12.6","66.7","12.5","2.7","3.3","30.5","12.6","30.5","12.6","0.0","5.4","40.8","(X)","44.8","(X)","34.3","(X)","21550","10297","13672","5779","25197","15515","-","**","-","**","-","**","12122","26363","35469","32006","23571","17510","15735","5949","-","**","29825","6748","24821","18566","11750","3613","27890","6727","17917","15311","34643","9538","39293","15320","27115","18726","9632","22203","11757","4443","11791","6642","11250","4020","-","**","11719","7220","11719","7220","-","**","(X)","(X)","(X)","(X)","(X)","(X)"
"1400000US36047105801","Census Tract 1058.01, Kings County, New York","3348","45","38.8","9.1","50.4","7.7","0.0","1.0","2.1","1.5","0.0","1.0","6.8","5.2","1.9","2.1","15.3","5.1","33.7","9.2","2.4","2.4","26.1","5.7","32.6","5.9","38.9","5.3","1549","255","43.8","8.2","56.2","8.2","34.5","9.2","57.7","11.4","7.8","7.3","1799","260","73.5","9.5","73.5","9.5","0.0","1.8","26.5","9.5","25.7","9.5","0.8","1.3","36.7","(X)","38.9","(X)","34.9","(X)","25162","8012","21273","11796","36750","13148","-","**","11200","29020","-","**","17688","16388","24438","28577","19041","9736","25385","16424","-","**","58686","10648","41114","9936","13527","3014","40170","17351","57962","11988","24617","8966","46063","33392","29926","16933","53173","377935","19577","5855","18782","6801","18782","6801","-","**","23575","10216","23268","10700","-","**","(X)","(X)","(X)","(X)","(X)","(X)"
"1400000US36047105804","Census Tract 1058.04, Kings County, New York","3015","102","40.0","6.7","48.5","6.3","1.0","1.2","3.3","2.1","0.0","1.1","5.0","5.2","2.3","2.2","21.8","6.1","29.5","6.5","0.0","1.1","21.8","5.9","36.3","7.6","42.0","7.2","1636","237","38.1","9.7","61.9","9.7","31.5","11.2","53.5","11.0","15.0","10.9","1379","244","82.1","9.6","80.6","9.9","1.5","2.3","17.9","9.6","17.9","9.6","0.0","2.3","36.7","(X)","33.8","(X)","38.9","(X)","27878","8950","16250","4266","42432","4865","-","**","15500","36965","-","**","43553","956","8536","7121","31648","16323","14434","3288","-","**","43810","14437","42661","11886","12129","2409","36083","10697","44196","16068","24375","17340","34261","16172","41071","14027","27981","35453","16946","7420","12222","6954","12917","7054","-","**","37721","21988","37721","21988","-","**","(X)","(X)","(X)","(X)","(X)","(X)"
"1400000US36047107000","Census Tract 1070, Kings County, New York","252","83","21.0","13.9","77.4","14.0","1.6","2.7","0.0","12.1","0.0","12.1","0.0","12.1","0.0","12.1","25.0","14.3","0.0","12.1","22.6","23.8","10.7","8.7","48.0","21.1","18.7","13.8","172","82","63.4","19.2","36.6","19.2","75.0","19.1","19.2","15.9","5.8","9.5","80","44","67.5","28.4","67.5","28.4","0.0","32.1","32.5","28.4","32.5","28.4","0.0","32.1","50.0","(X)","53.5","(X)","42.5","(X)","71875","17234","73625","37450","70313","20122","-","**","-","**","-","**","-","**","-","**","74125","53701","-","**","-","**","42031","28252","66528","37640","62279","20427","77619","12354","78423","22103","70313","18153","78482","22720","27344","82768","-","**","60694","16836","54167","43401","54167","43401","-","**","61250","857","61250","857","-","**","(X)","(X)","(X)","(X)","(X)","(X)"
"1400000US36047107800","Census Tract 1078, Kings County, New York","1731","100","6.2","4.3","85.6","6.2","0.0","1.9","0.3","0.6","0.0","1.9","3.4","2.8","4.4","3.6","9.9","5.5","2.1","3.0","3.1","2.8","21.0","5.8","52.8","7.6","23.2","5.7","927","135","30.7","9.2","69.3","9.2","64.3","9.7","24.6","8.9","11.1","5.9","804","143","74.4","9.4","66.5","10.0","7.8","6.8","25.6","9.4","25.6","9.4","0.0","4.0","36.4","(X)","37.5","(X)","35.1","(X)","61639","6049","31458","10169","66667","8069","-","**","-","**","-","**","27011","85813","37865","36835","38445","16634","-","**","-","**","62731","16750","69143","8792","55347","13974","77669","15274","67212","22833","78784","14918","85274","4589","70156","13977","36898","40305","47857","11951","52979","8943","52527","8868","93068","99236","28684","22427","28684","22427","-","**","(X)","(X)","(X)","(X)","(X)","(X)"
"1400000US36047109800","Census Tract 1098, Kings County, New York","588","49","16.0","8.9","79.6","10.3","3.7","5.7","0.7","1.1","0.0","5.4","0.0","5.4","0.0","5.4","3.9","3.9","12.1","7.9","3.4","3.1","47.1","11.6","41.7","12.6","7.8","6.0","422","70","41.7","15.3","58.3","15.3","35.8","13.7","50.2","13.7","14.0","10.4","166","72","51.8","23.4","51.8","23.4","0.0","17.7","48.2","23.4","48.2","23.4","0.0","17.7","60.9","(X)","65.4","(X)","49.4","(X)","47386","21799","30921","22357","61250","33369","-","**","-","**","-","**","-","**","-","**","16354","12145","31645","10295","115000","129296","45852","24748","55302","30855","125625","186783","75227","35081","32174","22863","80288","17992","79280","38789","55862","25701","60313","117799","30526","30766","10278","8686","10278","8686","-","**","33125","23565","33125","23565","-","**","(X)","(X)","(X)","(X)","(X)","(X)"
"1400000US36047110400","Census Tract 1104, Kings County, New York","1634","97","3.3","2.8","84.7","6.7","0.0","2.0","0.0","2.0","0.0","2.0","11.0","5.8","1.0","1.2","16.0","6.1","2.6","2.5","1.2","2.0","35.6","7.6","43.1","7.6","20.1","5.3","1103","143","45.1","12.2","54.9","12.2","34.5","10.4","56.6","10.5","9.0","6.3","531","136","50.8","14.2","43.9","14.1","7.0","8.0","49.2","14.2","40.7","14.1","8.5","7.8","65.9","(X)","72.3","(X)","50.7","(X)","34545","15093","80833","85624","40968","16836","-","**","-","**","-","**","11250","30399","-","**","31855","21193","81979","62069","-","**","43618","16272","49943","19675","20893","8827","50927","10733","44671","16897","56413","17059","75882","15578","40565","18743","34676","37383","12829","6056","12986","7145","9425","5211","32313","75217","12560","16468","9471","15034","27721","24109","(X)","(X)","(X)","(X)","(X)","(X)"
"1400000US36047110600","Census Tract 1106, Kings County, New York","1565","72","10.7","4.3","80.4","5.1","0.0","2.1","0.0","2.1","0.0","2.1","8.3","4.9","0.5","0.8","22.3","4.9","0.0","2.1","1.5","2.0","31.4","7.4","44.7","9.0","22.3","5.3","1314","85","47.3","8.6","52.7","8.6","18.0","7.1","78.4","7.2","3.7","3.0","251","75","70.5","17.5","70.5","17.5","0.0","12.1","29.5","17.5","25.9","17.3","3.6","5.6","50.6","(X)","52.4","(X)","41.4","(X)","28690","5325","21453","23773","28891","4128","-","**","-","**","-","**","34348","14526","-","**","22394","20985","-","**","-","**","22371","13491","35343","6388","18802","6259","31473","5952","22236","14210","37467","11825","39318","24899","29153","6860","31250","20070","13482","5824","11602","7760","11602","7760","-","**","15938","5173","14732","7758","-","**","(X)","(X)","(X)","(X)","(X)","(X)"
"1400000US36047111000","Census Tract 1110, Kings County, New York","1456","60","9.5","4.5","79.1","5.3","1.3","2.1","0.0","2.2","0.0","2.2","8.8","4.3","1.3","1.4","23.1","6.5","0.8","1.0","2.7","2.7","35.6","8.3","43.4","8.9","18.3","4.1","954","114","51.4","11.0","48.6","11.0","17.0","8.3","78.1","8.2","4.9","4.5","502","121","72.5","13.2","67.7","14.0","4.8","7.5","27.5","13.2","21.1","12.5","6.4","6.7","55.9","(X)","60.4","(X)","42.6","(X)","18768","5135","31042","22351","16658","3113","-","**","-","**","-","**","25789","6357","-","**","30057","8298","-","**","8810","4151","17193","23543","22550","7535","17931","4123","19375","10065","16404","15076","23333","7123","36742","14886","16058","5724","25855","6982","16477","7852","17500","9736","15735","6983","-","**","9844","37345","9219","7356","41447","21627","(X)","(X)","(X)","(X)","(X)","(X)"
"1400000US36047111600","Census Tract 1116, Kings County, New York","918","94","17.1","9.3","82.9","9.3","0.0","3.5","0.0","3.5","0.0","3.5","0.0","3.5","0.0","3.5","18.7","9.5","0.7","0.9","3.9","6.5","42.4","11.2","29.7","10.9","24.0","11.3","623","119","47.4","14.0","52.6","14.0","40.9","18.9","53.0","18.8","6.1","6.3","295","100","26.1","13.8","26.1","13.8","0.0","10.4","73.9","13.8","62.7","22.8","11.2","17.4","75.6","(X)","77.0","(X)","67.8","(X)","33000","14094","44899","126739","28090","9628","-","**","-","**","-","**","-","**","-","**","43986","76840","-","**","-","**","44764","8562","20391","39728","17432","14065","39263","12282","32663","26352","44773","31609","53229","21830","16977","15680","-","**","25605","15504","15469","2550","15469","2550","-","**","28056","15347","26650","21911","-","**","(X)","(X)","(X)","(X)","(X)","(X)"
"1400000US36047111800","Census Tract 1118, Kings County, New York","896","102","16.1","9.1","80.8","9.5","1.6","2.6","0.0","3.6","0.0","3.6","0.0","3.6","1.6","2.5","17.6","9.2","0.0","3.6","3.0","5.4","43.1","9.3","41.2","8.2","12.7","5.6","624","104","61.7","11.7","38.3","11.7","38.6","13.1","57.2","13.7","4.2","6.6","272","103","45.2","19.9","38.6","18.7","6.6","10.3","54.8","19.9","41.5","21.0","13.2","19.9","55.7","(X)","52.6","(X)","59.6","(X)","30610","9598","31651","6351","28141","30391","-","**","-","**","-","**","-","**","-","**","31981","5635","-","**","-","**","6167","34193","44148","16827","14423","33125","30943","5794","18413","24905","57083","53523","60139","40243","15509","18632","-","**","11250","15008","32232","20075","35313","5580","-","**","2,500-","***","2,500-","***","-","**","(X)","(X)","(X)","(X)","(X)","(X)"
"1400000US36047112000","Census Tract 1120, Kings County, New York","1112","99","21.0","8.4","69.2","9.3","0.0","2.9","0.0","2.9","0.0","2.9","9.2","6.1","0.7","1.3","41.4","8.9","0.0","2.9","0.9","1.6","44.0","9.2","44.1","10.1","11.1","5.5","871","122","48.2","9.4","51.8","9.4","44.3","11.0","47.4","10.5","8.3","6.4","241","93","16.2","16.7","11.2","15.2","5.0","8.1","83.8","16.7","75.1","20.2","8.7","13.9","59.5","(X)","58.2","(X)","56.4","(X)","43919","9324","46550","45907","45074","12888","-","**","-","**","-","**","10909","15441","-","**","17400","58523","-","**","-","**","37344","21991","46875","13686","55592","45488","45388","12971","36250","21668","51250","11217","57389","10876","26359","14000","80833","51841","34837","24320","32880","37168","-","**","-","**","44052","28654","43147","41930","-","**","(X)","(X)","(X)","(X)","(X)","(X)"
"1400000US36047112200","Census Tract 1122, Kings County, New York","1007","89","9.4","6.6","82.3","8.5","0.0","3.2","1.7","2.8","0.0","3.2","6.6","6.0","0.0","3.2","14.0","7.5","3.2","4.1","0.0","3.2","46.0","9.3","45.9","9.4","8.1","5.4","813","115","56.9","11.4","43.1","11.4","32.7","11.9","61.5","11.9","5.8","6.3","194","98","32.0","20.7","18.6","16.0","13.4","16.2","68.0","20.7","62.9","21.7","5.2","8.5","57.7","(X)","55.4","(X)","67.5","(X)","35179","13127","38917","62384","36250","15118","-","**","-","**","-","**","28929","21500","-","**","37583","15186","2,500-","***","-","**","30966","14390","39167","23092","43750","72864","30625","12473","26477","13305","36357","16428","47105","29243","23851","8271","-","**","38897","18450","21912","27477","38684","20158","-","**","45690","18490","45259","37735","-","**","(X)","(X)","(X)","(X)","(X)","(X)"
"1400000US36047112400","Census Tract 1124, Kings County, New York","1073","90","4.8","6.4","94.4","6.5","0.0","3.0","0.0","3.0","0.0","3.0","0.7","1.2","0.0","3.0","8.1","6.4","0.0","3.0","0.0","3.0","43.7","12.4","40.1","12.0","16.2","9.6","861","114","53.2","14.2","46.8","14.2","36.7","12.2","60.0","11.7","3.3","5.0","212","90","49.1","30.6","40.1","30.9","9.0","15.5","50.9","30.6","45.3","27.4","5.7","9.8","67.8","(X)","68.4","(X)","65.6","(X)","41116","24120","4907","19364","50433","27080","-","**","-","**","-","**","-","**","-","**","8828","14445","-","**","-","**","45875","21572","37500","39715","27250","49359","54460","13864","75476","77405","53778","12455","57010","36199","31675","26009","-","**","11518","16090","27000","33606","12366","36922","-","**","3889","7522","3333","4776","-","**","(X)","(X)","(X)","(X)","(X)","(X)"
"1400000US36047112600","Census Tract 1126, Kings County, New York","1201","112","11.2","6.9","75.4","8.9","0.0","2.7","0.7","1.1","0.0","2.7","12.7","7.5","0.0","2.7","22.3","9.0","3.5","3.8","3.0","3.4","43.5","10.0","42.0","9.2","11.5","6.1","827","153","61.2","13.1","38.8","13.1","45.7","12.0","39.9","12.4","14.4","10.5","374","129","32.6","16.8","15.0","12.5","17.6","14.3","67.4","16.8","62.6","18.2","4.8","5.9","48.5","(X)","52.2","(X)","40.4","(X)","34958","15444","42898","55969","38000","14020","-","**","-","**","-","**","19479","49974","-","**","39000","37632","-","**","32955","42366","42902","27925","43631","37273","11548","17776","48240","9521","42708","26013","66414","24871","75658","21891","17742","4804","49402","123588","20417","14014","40192","42060","5795","14284","47500","106965","14318","9383","13909","6596","-","**","(X)","(X)","(X)","(X)","(X)","(X)"
"1400000US36047112800","Census Tract 1128, Kings County, New York","1440","96","6.7","3.9","81.0","7.1","0.0","2.2","2.6","2.9","0.0","2.2","9.6","5.6","0.0","2.2","17.3","7.7","1.1","1.2","1.6","2.5","30.4","8.8","51.8","9.8","16.2","5.8","992","125","44.0","9.9","56.0","9.9","37.7","11.0","47.2","11.4","15.1","9.0","448","115","55.4","16.0","48.7","16.3","6.7","8.0","44.6","16.0","33.0","15.7","11.6","10.5","52.4","(X)","53.9","(X)","43.8","(X)","40694","8400","41420","20479","43250","17238","-","**","19659","12533","-","**","20938","49337","-","**","39327","26949","-","**","-","**","31146","13409","42900","20927","55987","40307","39764","19529","22059","19175","57750","17132","73000","19242","37833","14240","24091","28385","20625","21603","22083","44286","20521","26005","-","**","18833","25712","11250","12305","42045","126085","(X)","(X)","(X)","(X)","(X)","(X)"
"1400000US36047113000","Census Tract 1130, Kings County, New York","1419","78","7.0","4.3","82.5","5.4","0.0","2.3","0.0","2.3","1.4","2.2","7.7","4.8","1.5","1.8","22.6","5.5","1.0","1.5","6.3","5.0","40.0","8.0","42.6","6.9","11.0","3.3","1070","132","61.9","9.3","38.1","9.3","30.7","9.4","64.5","10.4","4.8","4.8","349","114","61.9","19.1","53.3","19.7","8.6","9.9","38.1","19.1","25.2","17.8","12.9","13.6","41.9","(X)","41.7","(X)","42.7","(X)","21921","9402","11202","17664","25375","20136","-","**","-","**","-","**","9375","10914","-","**","13869","13828","-","**","8636","13496","20366","4755","51971","14608","12697","2730","20610","4876","19057","4603","42171","16405","69345","14398","15900","5930","16422","2569","16620","30156","18214","36782","17315","30013","-","**","4938","105422","2,500-","***","-","**","(X)","(X)","(X)","(X)","(X)","(X)"
"1400000US36047113200","Census Tract 1132, Kings County, New York","700","42","14.4","8.1","73.7","8.1","0.0","4.5","0.0","4.5","0.0","4.5","9.9","7.3","2.0","3.0","36.3","7.3","0.0","4.5","1.0","1.7","33.6","8.6","52.0","11.1","13.4","6.9","550","71","50.4","14.0","49.6","14.0","51.3","11.4","40.2","11.2","8.5","6.3","150","59","56.7","24.3","56.7","24.3","0.0","19.3","43.3","24.3","16.7","17.4","26.7","25.4","51.3","(X)","56.4","(X)","32.7","(X)","50185","13051","30708","14492","53000","33200","-","**","-","**","-","**","50344","55970","-","**","52063","29729","-","**","-","**","31932","13626","73438","37540","50625","28800","53833","37298","32068","17165","81696","12232","82500","24666","31208","14353","80268","28593","29583","24384","24479","18273","24479","18273","-","**","50469","60100","5982","4294","-","**","(X)","(X)","(X)","(X)","(X)","(X)"
"1400000US36047113400","Census Tract 1134, Kings County, New York","824","53","18.4","8.1","64.1","6.9","0.0","3.9","0.0","3.9","0.0","3.9","16.9","7.0","0.6","1.2","43.1","9.7","0.0","3.9","2.5","2.7","44.7","10.1","40.8","8.9","12.0","4.1","573","73","53.4","13.4","46.6","13.4","41.0","12.7","53.2","11.8","5.8","4.9","251","66","57.4","17.4","37.5","17.5","19.9","16.4","42.6","17.4","25.5","14.6","17.1","14.3","53.3","(X)","55.8","(X)","47.4","(X)","20667","7660","21290","4428","20948","12006","-","**","-","**","-","**","9340","14911","-","**","21815","8576","-","**","5750","47358","24423","13814","11579","11875","17250","9323","21896","11031","23182","24057","20991","10497","35078","42302","12404","12454","11875","57025","10844","5688","11034","6695","10776","1712","23250","40698","10341","29845","9500","59788","10568","127331","(X)","(X)","(X)","(X)","(X)","(X)"
"1400000US36047114201","Census Tract 1142.01, Kings County, New York","546","49","54.2","10.3","27.8","8.7","0.0","5.8","2.2","3.2","0.0","5.8","15.0","8.3","0.7","1.2","61.4","10.7","10.6","8.1","15.0","10.7","20.1","10.6","42.7","13.1","22.2","9.2","427","75","37.2","13.5","62.8","13.5","55.0","17.4","36.5","17.1","8.4","7.1","119","72","23.5","24.3","23.5","24.3","0.0","23.6","76.5","24.3","44.5","31.4","31.9","32.2","64.5","(X)","59.5","(X)","82.4","(X)","39265","21077","31310","10788","65500","14762","-","**","-","**","-","**","29531","15363","-","**","30744","6099","74500","32549","15221","6675","36618","51580","57875","23271","39485","37500","58060","13687","29798","86497","58276","11390","77031","24032","38500","18977","36136","214419","12266","30588","9000","44245","9000","44245","-","**","12370","30075","30917","7276","-","**","(X)","(X)","(X)","(X)","(X)","(X)"
"1400000US36047114202","Census Tract 1142.02, Kings County, New York","815","74","23.1","10.2","47.2","11.4","0.0","3.9","0.0","3.9","0.0","3.9","23.9","9.8","5.8","4.4","56.9","8.8","4.5","4.5","2.6","3.0","47.0","10.1","36.7","10.2","13.7","6.5","581","106","51.8","13.4","48.2","13.4","52.8","15.9","35.5","14.2","11.7","8.5","234","82","55.1","19.8","55.1","19.8","0.0","12.9","44.9","19.8","44.9","19.8","0.0","12.9","46.7","(X)","56.5","(X)","22.6","(X)","28320","12005","9402","21345","36938","14750","-","**","-","**","-","**","42639","35001","25521","10983","27750","14515","9350","38411","-","**","26473","26197","32266","11351","11339","24363","36518","14731","25580","17989","47056","8437","53531","10911","23409","14002","17188","30154","11543","8394","9698","1954","9698","1954","-","**","17125","24355","17125","24355","-","**","(X)","(X)","(X)","(X)","(X)","(X)"
"1400000US36047114400","Census Tract 1144, Kings County, New York","787","50","14.6","7.0","66.1","9.1","0.0","4.0","0.0","4.0","1.4","2.2","14.4","6.7","3.6","3.9","32.1","7.9","0.5","0.7","1.4","2.2","40.3","11.4","44.0","11.8","14.4","6.1","629","70","70.1","10.3","29.9","10.3","28.5","11.7","62.3","12.8","9.2","6.6","158","63","48.7","23.0","34.8","18.6","13.9","14.6","51.3","23.0","51.3","23.0","0.0","18.5","60.2","(X)","59.1","(X)","50.6","(X)","25481","3890","16712","9455","26042","5182","-","**","-","**","-","**","43173","49094","31667","35088","17614","17544","-","**","-","**","25444","11054","36121","17290","16771","10665","24663","5645","20662","6403","31250","20088","27083","36933","23173","12293","63125","72869","21667","9597","9688","16045","7250","9115","-","**","25250","14708","25250","14708","-","**","(X)","(X)","(X)","(X)","(X)","(X)"
"1400000US36047114600","Census Tract 1146, Kings County, New York","867","77","28.8","8.0","33.0","7.2","0.6","0.8","2.4","2.7","0.0","3.7","32.4","8.7","2.8","2.3","66.0","7.4","3.0","3.3","2.3","2.7","41.6","8.6","40.6","8.8","15.5","6.7","663","94","48.3","10.7","51.7","10.7","37.1","10.4","45.4","11.0","17.5","7.9","204","79","54.4","20.2","54.4","20.2","0.0","14.7","45.6","20.2","45.6","20.2","0.0","14.7","49.7","(X)","50.5","(X)","38.7","(X)","31108","12999","29688","11301","41100","32463","-","**","-","**","-","**","25417","26398","47857","57715","27500","11707","-","**","-","**","40913","18609","30870","14793","18250","18274","41081","10681","30476","14566","45573","7934","48482","17393","23996","7419","49583","19319","9966","6929","10125","10603","10125","10603","-","**","9922","10315","9922","10315","-","**","(X)","(X)","(X)","(X)","(X)","(X)"
"1400000US36047115000","Census Tract 1150, Kings County, New York","817","71","11.0","6.7","60.8","11.5","1.0","1.5","3.5","4.0","0.0","3.9","19.7","9.3","3.9","5.0","31.5","10.6","2.6","2.9","6.6","6.2","41.4","10.1","34.6","8.0","17.4","8.1","507","83","57.2","15.2","42.8","15.2","46.2","14.9","40.4","13.3","13.4","9.2","310","80","41.6","18.6","29.4","17.2","12.3","12.9","58.4","18.6","45.5","17.8","12.9","14.5","50.4","(X)","45.2","(X)","47.1","(X)","32297","21023","16447","38211","46750","42946","-","**","-","**","-","**","27614","19289","-","**","53250","28001","-","**","54100","25458","58452","57125","33036","18173","12717","14642","58869","21435","62719","8195","42614","38809","58846","33195","62831","30038","31667","55661","21071","9478","21359","10714","18375","13330","54100","5833","20521","16634","20938","19389","-","**","(X)","(X)","(X)","(X)","(X)","(X)"
"1400000US36047115200","Census Tract 1152, Kings County, New York","926","84","12.1","7.1","66.1","8.3","0.0","3.4","4.8","3.6","0.0","3.4","17.1","7.0","0.0","3.4","30.1","8.1","0.8","1.1","4.8","4.1","39.8","8.4","40.0","9.7","15.4","6.2","743","91","47.6","9.5","52.4","9.5","44.4","9.8","43.9","10.2","11.7","7.8","183","68","60.7","24.6","54.6","24.9","6.0","9.8","39.3","24.6","39.3","24.6","0.0","16.2","59.7","(X)","63.5","(X)","37.7","(X)","25058","8866","22750","19350","22361","14815","-","**","7143","58703","-","**","34342","20668","-","**","22361","11779","-","**","10227","34536","26438","20313","21786","17399","26902","8569","27355","14951","27000","19493","30750","17343","40536","9427","14000","10983","24625","125191","9365","1268","9787","6050","9451","11240","-","**","8646","13627","8646","13627","-","**","(X)","(X)","(X)","(X)","(X)","(X)"
"1400000US36047115600","Census Tract 1156, Kings County, New York","1529","55","8.1","4.7","68.5","7.9","0.0","2.1","2.2","2.0","0.0","2.1","21.3","7.6","0.0","2.1","36.2","7.9","0.7","1.2","5.1","4.0","38.8","7.8","35.4","7.7","20.7","5.5","1148","106","64.1","8.4","35.9","8.4","26.0","7.6","69.4","6.8","4.5","4.3","381","103","60.4","17.8","55.1","16.4","5.2","5.8","39.6","17.8","39.6","17.8","0.0","8.2","42.3","(X)","40.3","(X)","44.9","(X)","12902","2679","14545","10068","12086","2058","-","**","16793","18933","-","**","16076","9326","-","**","13693","5792","-","**","2,500-","***","16190","6189","16576","11159","10091","2413","15863","3620","13654","5478","20427","7409","38375","20896","11635","3455","7763","24989","9639","1455","9505","1351","9711","1827","-","**","10313","5256","10313","5256","-","**","(X)","(X)","(X)","(X)","(X)","(X)"
"1400000US36047115800","Census Tract 1158, Kings County, New York","921","89","23.9","10.2","66.9","10.3","0.0","3.5","0.0","3.5","0.0","3.5","7.3","5.3","2.0","2.5","36.7","11.7","1.3","2.2","7.5","6.2","36.3","11.2","45.5","12.5","10.7","5.9","661","111","46.0","12.5","54.0","12.5","31.3","11.2","53.1","9.7","15.6","9.0","260","85","26.2","14.8","21.2","13.4","5.0","7.8","73.8","14.8","50.8","23.3","23.1","22.2","49.3","(X)","53.0","(X)","37.3","(X)","38856","6385","36932","15156","41667","6405","-","**","-","**","-","**","35815","12299","-","**","36828","5606","-","**","36250","15677","38525","4342","42829","24096","44479","89893","39964","13715","35441","3727","52974","13739","50673","50414","38964","19115","35568","25982","37778","23565","9783","18046","11875","29840","-","**","39236","15333","39653","6145","-","**","(X)","(X)","(X)","(X)","(X)","(X)"
"1400000US36047116000","Census Tract 1160, Kings County, New York","829","70","6.5","4.5","68.2","9.4","0.0","3.8","0.6","1.0","0.0","3.8","20.6","8.1","4.1","4.0","37.0","8.0","0.0","3.8","0.0","3.8","37.0","9.0","49.0","10.8","14.0","4.2","584","83","57.7","11.7","42.3","11.7","34.8","11.7","61.6","12.5","3.6","4.1","245","81","69.8","18.0","68.2","18.0","1.6","3.3","30.2","18.0","30.2","18.0","0.0","12.4","42.8","(X)","42.8","(X)","37.1","(X)","29375","8774","11786","34537","36116","11262","-","**","-","**","-","**","9446","16848","37500","50790","23102","17733","-","**","-","**","22463","5590","45323","9052","14464","15224","36304","10702","22824","5146","60673","14357","36467","12485","45484","36444","11875","34905","11797","16448","11641","18137","11328","14568","-","**","15625","41640","15625","41640","-","**","(X)","(X)","(X)","(X)","(X)","(X)"
"1400000US36047116200","Census Tract 1162, Kings County, New York","718","64","7.8","5.9","83.7","6.6","0.7","1.4","0.0","4.4","0.0","4.4","7.8","5.1","0.0","4.4","20.3","8.4","0.0","4.4","1.5","2.4","33.7","10.5","46.0","10.2","18.8","6.9","514","76","35.8","13.1","64.2","13.1","31.7","11.0","59.5","11.9","8.8","8.6","204","58","56.9","20.6","56.9","20.6","0.0","14.7","43.1","20.6","43.1","20.6","0.0","14.7","60.2","(X)","64.4","(X)","49.5","(X)","43476","5784","70786","67072","42321","10197","-","**","-","**","-","**","116250","132728","-","**","66786","41801","-","**","-","**","41087","24107","51250","27841","43641","9398","44245","7240","31875","29403","44858","18092","102981","13622","33289","12932","68510","8435","27250","15493","20893","11369","20893","11369","-","**","70929","34866","70929","34866","-","**","(X)","(X)","(X)","(X)","(X)","(X)"
"1400000US36047116400","Census Tract 1164, Kings County, New York","919","84","10.4","6.5","83.1","6.9","0.0","3.5","0.0","3.5","0.0","3.5","4.6","3.5","1.8","2.0","20.7","6.2","1.8","3.1","0.0","3.5","43.6","11.9","30.6","9.5","25.8","8.1","782","77","46.8","11.6","53.2","11.6","47.6","9.3","42.8","10.7","9.6","7.8","137","73","88.3","13.4","88.3","13.4","0.0","20.9","11.7","13.4","7.3","11.5","4.4","7.0","65.7","(X)","67.3","(X)","56.9","(X)","37263","4560","30000","35546","36962","3813","-","**","-","**","-","**","38929","61921","54028","43242","41250","12104","-","**","-","**","39338","11683","38346","13346","35710","24060","38778","4288","40244","4005","36023","10053","41754","15656","21146","27584","37266","29310","2,500-","***","2,500-","***","2,500-","***","-","**","-","**","-","**","-","**","(X)","(X)","(X)","(X)","(X)","(X)"
"1400000US36047116600","Census Tract 1166, Kings County, New York","811","79","19.1","7.6","72.3","9.2","0.0","3.9","2.1","3.1","0.0","3.9","5.3","3.6","1.2","1.7","27.4","9.3","3.1","3.4","5.1","4.9","41.1","9.8","33.2","8.0","20.7","6.4","664","87","53.0","11.9","47.0","11.9","42.0","10.5","39.6","10.0","18.4","9.4","147","66","38.8","28.5","38.8","28.5","0.0","19.7","61.2","28.5","61.2","28.5","0.0","19.7","62.8","(X)","69.0","(X)","34.7","(X)","32461","9521","15163","19603","34868","6203","-","**","-","**","-","**","22813","8799","-","**","23125","21807","-","**","-","**","31607","18861","47250","20190","18333","14567","36051","3311","35350","9253","40441","11858","45583","16779","16287","3537","42619","16961","4491","11880","11677","18606","11677","18606","-","**","2,500-","***","2,500-","***","-","**","(X)","(X)","(X)","(X)","(X)","(X)"
"1400000US36047116800","Census Tract 1168, Kings County, New York","598","70","45.0","12.3","36.8","10.6","0.0","5.3","8.2","7.1","0.0","5.3","10.0","7.1","0.0","5.3","49.0","11.8","7.2","7.8","6.2","6.9","62.4","11.8","22.1","8.3","9.4","8.0","355","79","54.9","13.7","45.1","13.7","31.0","13.9","49.9","17.4","19.2","17.7","243","91","35.0","21.4","17.3","14.3","17.7","17.3","65.0","21.4","54.3","21.4","10.7","11.2","54.8","(X)","52.7","(X)","58.0","(X)","32024","11656","43607","11491","19259","9842","-","**","27042","24713","-","**","33889","25273","-","**","41250","13002","95708","43624","-","**","25542","10220","37100","26503","95167","75132","34306","8143","25804","10173","47647","23485","24211","6458","37350","11700","22429","106866","18380","13094","29750","83586","8269","15915","95708","92745","17963","14748","12778","16169","51500","27535","(X)","(X)","(X)","(X)","(X)","(X)"
"1400000US36047117000","Census Tract 1170, Kings County, New York","590","50","19.3","11.0","35.8","13.4","0.0","5.4","3.2","3.5","0.0","5.4","37.1","13.3","4.6","4.9","53.6","12.6","0.0","5.4","4.1","6.4","43.6","14.3","45.3","13.8","7.1","5.1","449","67","55.9","15.6","44.1","15.6","48.3","15.0","37.9","14.1","13.8","11.9","141","73","31.2","21.1","18.4","18.0","12.8","14.0","68.8","21.1","68.8","21.1","0.0","20.4","52.5","(X)","45.9","(X)","56.0","(X)","35652","6369","38333","38149","40324","10901","-","**","28542","75541","-","**","34464","21488","-","**","35870","25125","-","**","-","**","36827","14126","38702","7231","15167","2180","31442","13983","28125","23950","38357","17460","34563","23481","21700","8678","39500","52797","33036","29759","33571","32871","13846","15178","-","**","26964","32573","26964","32573","-","**","(X)","(X)","(X)","(X)","(X)","(X)"
"1400000US36047117201","Census Tract 1172.01, Kings County, New York","712","75","26.4","8.9","21.9","8.4","0.0","4.5","5.1","4.0","0.0","4.5","38.9","9.7","7.7","5.6","70.2","7.3","4.8","4.0","5.3","4.5","31.9","9.7","40.9","10.4","21.9","7.4","586","81","54.9","13.8","45.1","13.8","47.6","11.8","38.6","12.1","13.8","8.1","126","54","25.4","19.5","16.7","15.0","8.7","12.8","74.6","19.5","58.7","21.5","15.9","16.5","59.3","(X)","60.9","(X)","50.8","(X)","49250","5269","51458","14200","47357","8747","-","**","57500","134219","-","**","41875","13876","91250","79703","50000","7001","30938","39756","19750","31353","51146","17430","49663","5191","55375","20454","51083","5571","47885","18587","56000","11051","54427","4686","48173","21148","36250","14070","46714","2065","16250","56793","11125","8132","-","**","47071","3775","46357","1265","-","**","(X)","(X)","(X)","(X)","(X)","(X)"
"1400000US36047117202","Census Tract 1172.02, Kings County, New York","1100","112","51.1","8.4","37.7","9.6","0.0","2.9","1.1","1.4","0.0","2.9","10.1","6.1","0.0","2.9","62.3","8.1","4.6","3.2","7.0","5.2","51.8","7.8","26.8","8.0","14.4","5.9","868","129","56.9","11.5","43.1","11.5","50.1","10.0","39.6","10.4","10.3","6.6","232","90","51.7","20.6","51.7","20.6","0.0","13.0","48.3","20.6","35.3","18.2","12.9","14.1","61.7","(X)","63.0","(X)","51.3","(X)","46250","14272","42813","13977","49531","24808","-","**","-","**","-","**","65368","17883","-","**","48563","17286","38047","33439","8625","14033","49250","23896","53819","18681","33875","42328","54000","18670","39571","14481","70833","9328","77411","13391","20682","10860","71797","34446","22394","18882","35526","25742","35526","25742","-","**","20357","27310","8906","6461","-","**","(X)","(X)","(X)","(X)","(X)","(X)"
"1400000US36047117400","Census Tract 1174, Kings County, New York","1081","125","60.6","10.6","21.6","7.7","0.0","3.0","7.2","4.0","0.9","1.4","7.8","5.8","1.9","2.3","67.3","8.5","6.7","4.5","5.2","5.2","40.6","9.6","40.0","10.8","14.2","5.6","877","134","35.2","9.5","64.8","9.5","58.3","13.0","22.3","10.6","19.4","10.1","204","87","52.9","27.6","41.2","25.7","11.8","17.5","47.1","27.6","24.5","24.6","22.5","24.0","64.8","(X)","61.2","(X)","75.0","(X)","48851","7898","56058","21264","47796","33585","-","**","31250","33216","-","**","45682","30308","-","**","50385","12695","9423","85799","32000","57397","62438","23885","47614","10208","41429","11664","48690","6299","30504","4502","53036","6670","46080","11331","22778","25195","65147","19129","41354","31771","60125","46669","41354","24796","-","**","23846","38655","23942","32465","-","**","(X)","(X)","(X)","(X)","(X)","(X)"
"1400000US36047117601","Census Tract 1176.01, Kings County, New York","817","71","56.4","8.5","25.3","7.2","0.0","3.9","1.6","1.9","0.0","3.9","11.6","5.9","5.0","4.4","68.9","7.8","4.0","2.8","0.0","3.9","56.1","10.3","28.9","8.4","15.1","7.6","688","82","59.2","8.2","40.8","8.2","44.6","9.3","41.4","9.6","14.0","7.6","129","56","84.5","16.4","70.5","23.1","14.0","15.8","15.5","16.4","15.5","16.4","0.0","22.0","64.6","(X)","66.6","(X)","54.3","(X)","44292","6768","42257","9240","48068","19646","-","**","-","**","-","**","41250","5595","-","**","42153","4852","62813","34176","-","**","46667","7858","37000","13180","86080","33697","46354","8057","44609","11180","49261","11651","66023","23108","30313","8426","62500","29291","26719","24992","14844","27328","9779","34781","-","**","-","**","-","**","-","**","(X)","(X)","(X)","(X)","(X)","(X)"
"1400000US36047117602","Census Tract 1176.02, Kings County, New York","916","90","51.1","11.1","27.5","9.2","0.0","3.5","3.8","3.8","0.0","3.5","16.7","7.1","0.9","1.4","59.8","10.0","14.7","7.6","7.1","7.6","35.8","9.1","45.0","12.3","12.1","6.7","601","104","46.3","10.0","53.7","10.0","46.9","12.8","37.3","12.4","15.8","9.5","315","104","44.1","17.2","37.5","16.9","6.7","6.9","55.9","17.2","24.8","15.3","31.1","18.3","58.6","(X)","60.9","(X)","54.3","(X)","38571","17914","43900","19460","31319","21772","-","**","14009","559","-","**","40438","54495","-","**","44200","17059","16094","13079","-","**","43000","32668","47750","19171","20046","14795","34792","24068","24722","21788","57604","28107","75370","30944","17150","14859","2,500-","***","12063","20902","2,500-","***","2,500-","***","68542","91132","48750","47355","8382","11504","58229","62174","(X)","(X)","(X)","(X)","(X)","(X)"
"1400000US36047117800","Census Tract 1178, Kings County, New York","412","56","31.8","16.0","37.4","14.6","0.0","7.6","13.1","6.0","0.0","7.6","17.5","9.0","0.2","1.1","43.4","15.2","6.6","7.5","6.1","5.4","34.5","11.7","41.7","12.2","17.7","7.3","315","65","35.9","13.1","64.1","13.1","43.8","13.5","43.2","16.1","13.0","10.2","97","54","52.6","31.5","42.3","30.4","10.3","16.1","47.4","31.5","27.8","28.7","19.6","29.1","51.0","(X)","46.3","(X)","66.0","(X)","37083","23889","35272","28013","51875","14800","-","**","127500","249058","-","**","27222","39730","-","**","33250","47816","-","**","26563","45559","50250","70919","43750","29858","36685","25478","52313","21695","16033","8994","58409","27448","85417","72207","26923","31501","51875","99927","35701","18325","4464","46052","18750","41293","-","**","37065","187319","-","**","-","**","(X)","(X)","(X)","(X)","(X)","(X)"
"1400000US36047118000","Census Tract 1180, Kings County, New York","0","12","-","**","-","**","-","**","-","**","-","**","-","**","-","**","-","**","-","**","-","**","-","**","-","**","-","**","0","12","-","**","-","**","-","**","-","**","-","**","0","12","-","**","-","**","-","**","-","**","-","**","-","**","-","(X)","-","(X)","-","(X)","-","**","-","**","-","**","-","**","-","**","-","**","-","**","-","**","-","**","-","**","-","**","-","**","-","**","-","**","-","**","-","**","-","**","-","**","-","**","-","**","-","**","-","**","-","**","-","**","-","**","-","**","-","**","(X)","(X)","(X)","(X)","(X)","(X)"
"1400000US36047118201","Census Tract 1182.01, Kings County, New York","878","82","53.0","8.6","25.1","7.6","0.0","3.6","1.3","1.6","0.0","3.6","19.5","7.5","1.3","1.8","68.3","7.8","7.4","4.2","12.8","7.5","42.9","10.5","35.0","9.3","9.3","5.3","749","82","52.3","11.6","47.7","11.6","58.3","10.1","30.3","9.8","11.3","5.9","129","58","62.8","22.3","57.4","20.9","5.4","7.5","37.2","22.3","22.5","19.7","14.7","16.4","57.1","(X)","55.9","(X)","55.8","(X)","35952","7960","36490","8707","35781","26581","-","**","95417","84344","-","**","30221","18189","-","**","34688","10330","24875","40743","17625","42902","50524","27086","24805","31301","13750","78281","41017","11629","33125","5735","56156","14386","56781","17580","23242","12871","28036","38770","11250","9244","7981","10241","2,500-","***","-","**","17321","34968","15625","23462","-","**","(X)","(X)","(X)","(X)","(X)","(X)"
"1400000US36047118202","Census Tract 1182.02, Kings County, New York","877","72","56.8","10.6","28.6","8.9","0.0","3.6","8.0","5.1","0.0","3.6","6.0","4.3","0.6","1.0","63.3","8.9","8.7","4.6","5.7","4.3","38.2","8.5","43.0","9.5","13.1","6.4","682","93","55.0","9.9","45.0","9.9","49.6","10.3","33.9","10.8","16.6","8.3","195","67","67.2","21.0","51.8","18.9","15.4","17.0","32.8","21.0","32.8","21.0","0.0","15.3","54.2","(X)","51.2","(X)","58.5","(X)","42548","17574","55227","26395","27050","18381","-","**","41250","49199","-","**","46339","44055","-","**","46685","17809","8906","37274","11250","64498","59205","32089","46793","22014","15114","10220","51250","21946","35250","45593","58523","21074","62976","9773","35250","32250","16771","48616","20313","18282","11172","9062","8295","5222","-","**","27000","30227","27000","30227","-","**","(X)","(X)","(X)","(X)","(X)","(X)"
"1400000US36047118400","Census Tract 1184, Kings County, New York","1328","109","50.8","7.9","20.8","5.4","0.0","2.4","14.2","5.9","0.0","2.4","13.5","5.9","0.7","1.1","57.8","8.7","10.7","5.4","5.3","4.1","39.3","9.1","47.0","9.3","8.4","4.9","1061","122","64.3","8.4","35.7","8.4","54.0","11.1","30.3","8.7","15.6","7.7","267","87","71.5","17.2","50.9","20.1","20.6","16.7","28.5","17.2","24.0","16.2","4.5","7.1","54.1","(X)","51.5","(X)","49.4","(X)","42935","7313","44366","7606","40208","28288","-","**","33875","27536","-","**","16472","17790","-","**","43895","4982","31842","29020","46250","121479","38250","20999","45789","10686","32237","42470","45361","5601","43804","6717","48580","5451","51378","6241","18333","22063","53816","26103","18125","4175","17589","4540","14205","9935","61058","124231","21406","15898","20469","13057","-","**","(X)","(X)","(X)","(X)","(X)","(X)"
"1400000US36047118600","Census Tract 1186, Kings County, New York","756","80","50.7","10.6","30.0","8.4","1.5","2.6","6.9","4.6","0.0","4.2","8.2","4.9","2.8","2.4","53.8","10.2","6.2","4.5","7.5","6.8","45.1","11.8","36.6","12.8","10.7","5.1","665","85","70.4","9.9","29.6","9.9","52.6","11.8","35.0","11.5","12.3","8.2","91","47","47.3","29.0","37.4","27.7","9.9","14.6","52.7","29.0","30.8","24.7","22.0","24.3","64.2","(X)","60.8","(X)","64.8","(X)","49632","11501","50972","26148","39250","40797","-","**","31250","24145","-","**","42222","106893","62250","36380","48419","25293","64125","284812","36979","164876","49712","18746","49583","26123","55694","37110","47917","25038","32000","27566","73854","16355","73542","8816","14353","3566","78125","106321","55298","12771","55536","83428","2,500-","***","-","**","49615","26628","49231","22979","-","**","(X)","(X)","(X)","(X)","(X)","(X)"
"1400000US36047118800","Census Tract 1188, Kings County, New York","1174","93","31.5","8.9","47.1","10.1","0.0","2.7","10.7","4.1","0.0","2.7","8.7","6.1","2.0","1.9","33.0","9.5","5.7","3.2","2.5","3.0","35.4","8.7","45.6","8.3","16.5","5.7","952","122","54.7","8.8","45.3","8.8","55.0","9.0","37.0","7.7","8.0","5.4","222","82","64.0","21.0","55.9","21.0","8.1","8.2","36.0","21.0","24.3","18.7","11.7","14.0","58.2","(X)","56.1","(X)","52.3","(X)","30531","7913","40625","42288","27153","10170","-","**","20395","24259","-","**","32262","29252","26563","24103","45265","30425","34844","20618","-","**","30455","17115","32118","13372","21250","11735","30806","6319","22207","7187","59625","20191","31556","7118","24773","13380","26250","34225","9205","17540","18750","42148","9545","32104","-","**","2,500-","***","2,500-","***","-","**","(X)","(X)","(X)","(X)","(X)","(X)"
"1400000US36047119000","Census Tract 1190, Kings County, New York","686","42","49.4","9.1","30.3","11.6","0.0","4.6","5.5","4.6","0.0","4.6","13.1","7.3","1.6","2.3","53.5","11.0","6.6","7.4","8.0","7.1","51.9","10.4","26.2","9.6","13.8","7.0","602","55","54.7","13.9","45.3","13.9","43.9","13.0","48.2","13.2","8.0","6.8","84","46","73.8","27.1","51.2","28.8","22.6","22.4","26.2","27.1","26.2","27.1","0.0","31.0","56.6","(X)","59.3","(X)","31.0","(X)","27946","14091","31850","9262","16250","15852","-","**","-","**","-","**","14844","15723","-","**","23583","19242","34375","14418","54509","111554","28611","28648","38333","21182","3750","11652","28661","10741","13750","10835","38424","15289","29286","16651","14200","17532","86786","75307","8462","39030","7692","12396","2,500-","***","-","**","-","**","-","**","-","**","(X)","(X)","(X)","(X)","(X)","(X)"
"1400000US36047119200","Census Tract 1192, Kings County, New York","1039","88","42.6","12.4","40.7","11.2","0.0","3.1","5.7","4.8","0.0","3.1","8.0","5.2","3.0","3.6","56.2","11.0","4.5","4.3","5.3","4.4","57.3","9.9","26.5","8.8","11.0","3.6","786","110","64.0","12.4","36.0","12.4","52.0","12.2","34.0","10.8","14.0","8.1","253","89","65.6","17.8","32.0","17.4","33.6","16.6","34.4","17.8","17.4","13.3","17.0","15.9","58.0","(X)","57.0","(X)","46.6","(X)","36976","13863","36089","33212","37610","18478","-","**","54250","39208","-","**","26750","55690","-","**","35645","18752","11679","24814","38542","72474","39522","14651","31016","20987","23125","26493","29400","18371","18887","21420","42708","24334","45222","11251","11891","14808","25096","26801","42625","30438","42667","27131","12228","22937","88036","96291","12344","112062","2,500-","***","-","**","(X)","(X)","(X)","(X)","(X)","(X)"
"1400000US36047119400","Census Tract 1194, Kings County, New York","1129","105","20.6","7.6","77.1","7.9","1.4","2.1","0.0","2.8","0.0","2.8","0.9","1.3","0.0","2.8","26.7","8.6","0.0","2.8","3.3","3.6","46.9","11.4","41.3","10.6","8.5","3.7","893","105","57.9","11.6","42.1","11.6","35.9","12.6","59.6","12.0","4.5","4.5","236","88","33.9","21.2","26.7","21.3","7.2","11.2","66.1","21.2","66.1","21.2","0.0","12.8","56.8","(X)","60.8","(X)","41.5","(X)","33750","18504","17773","7503","40732","14048","-","**","-","**","-","**","-","**","-","**","19844","3981","-","**","-","**","22267","19505","40427","18188","46667","57799","41677","12535","29236","16741","51845","10329","45990","22776","34423","18188","2,500-","***","18438","3999","4286","14484","3274","2581","-","**","20735","2065","20735","2065","-","**","(X)","(X)","(X)","(X)","(X)","(X)"
"1400000US36047119600","Census Tract 1196, Kings County, New York","1585","126","19.6","5.1","63.1","7.2","1.6","2.8","7.5","4.1","0.0","2.0","5.3","3.2","2.8","2.2","23.3","5.9","3.4","2.8","0.6","1.0","47.8","8.1","38.8","8.3","12.7","4.5","1219","128","54.5","10.4","45.5","10.4","44.6","10.0","37.1","8.4","18.3","7.6","366","107","57.9","19.0","53.6","18.5","4.4","5.7","42.1","19.0","37.2","19.5","4.9","7.2","52.7","(X)","55.7","(X)","42.6","(X)","33315","9960","15417","27087","36265","7528","-","**","27390","33177","-","**","57386","21497","15417","6806","34239","15587","2,500-","***","-","**","36000","6831","28472","15738","19762","20627","36442","10772","37154","13898","32989","15966","59853","14637","21618","14828","23304","8702","16316","6218","14167","16016","14167","15616","-","**","17857","19976","18929","33305","-","**","(X)","(X)","(X)","(X)","(X)","(X)"
"1400000US36047119800","Census Tract 1198, Kings County, New York","933","113","22.8","9.3","48.2","11.7","0.0","3.4","3.5","5.4","0.0","3.4","21.3","9.2","4.1","3.9","47.4","10.7","0.6","0.9","6.8","5.5","52.7","10.5","35.3","9.8","5.3","3.7","706","101","75.2","10.4","24.8","10.4","32.4","10.7","53.1","13.0","14.4","9.4","227","76","42.3","16.6","39.6","16.9","2.6","3.8","57.7","16.6","43.2","19.2","14.5","13.0","48.0","(X)","47.9","(X)","48.5","(X)","27150","14693","22708","21210","21897","17853","-","**","-","**","-","**","38125","20875","80435","62330","27100","12955","-","**","23264","19311","24732","10972","55820","13218","9063","639","26979","31460","25885","27452","44844","44907","58125","27685","21914","8534","27292","62232","21438","12492","22000","7560","21625","8005","-","**","12212","28319","12143","30935","12292","65152","(X)","(X)","(X)","(X)","(X)","(X)"
"1400000US36047120000","Census Tract 1200, Kings County, New York","571","62","27.7","9.7","55.7","10.4","0.0","5.5","10.7","6.1","0.0","5.5","5.3","4.7","0.7","1.2","38.5","10.6","3.0","4.0","0.0","5.5","36.1","10.5","52.7","10.8","11.2","7.2","405","81","48.6","14.6","51.4","14.6","47.7","13.3","34.3","12.7","18.0","12.8","166","74","67.5","21.5","55.4","23.2","12.0","12.4","32.5","21.5","30.1","21.2","2.4","4.6","60.6","(X)","60.7","(X)","60.2","(X)","31098","8911","25500","8452","41875","25371","-","**","17938","2593","-","**","30455","36772","-","**","27214","10922","-","**","-","**","25000","13282","32159","15633","60313","48450","36420","8073","35284","13382","38500","12804","38938","14499","38250","20969","2,500-","***","25417","7264","26250","9782","23750","9306","-","**","23846","55379","23462","68040","-","**","(X)","(X)","(X)","(X)","(X)","(X)"
"1400000US36047120200","Census Tract 1202, Kings County, New York","533","52","35.8","13.8","30.2","13.5","3.0","4.6","16.3","8.0","0.0","5.9","14.6","9.5","0.0","5.9","39.4","12.5","7.3","7.9","0.0","5.9","39.8","14.4","56.7","13.2","3.6","4.4","450","60","66.7","11.3","33.3","11.3","44.9","13.3","38.9","17.0","16.2","13.1","83","45","54.2","35.3","54.2","35.3","0.0","31.3","45.8","35.3","26.5","31.2","19.3","29.7","50.5","(X)","56.9","(X)","15.7","(X)","34135","24761","14141","30060","52153","30702","-","**","58047","23787","-","**","34808","30136","-","**","16094","34571","26691","78413","-","**","41250","66652","33462","26080","13250","40690","43750","22421","43056","35414","50694","34145","67250","47490","17292","21216","55694","63100","22891","12843","14922","16112","14922","16112","-","**","23750","27634","33750","73093","-","**","(X)","(X)","(X)","(X)","(X)","(X)"
"1400000US36047120800","Census Tract 1208, Kings County, New York","3101","163","10.5","4.9","81.9","4.7","1.2","1.9","0.5","0.7","0.0","1.0","4.7","2.8","1.2","1.1","18.7","4.5","1.5","2.4","3.9","3.0","33.8","6.7","44.2","6.1","18.1","5.2","2103","222","61.0","7.9","39.0","7.9","40.3","8.2","49.3","9.9","10.5","5.3","998","225","69.4","11.7","57.4","12.8","12.0","8.5","30.6","11.7","24.4","10.8","6.1","6.3","56.8","(X)","54.1","(X)","62.5","(X)","35518","4700","37848","19940","34515","5320","-","**","-","**","-","**","39226","21344","33839","22854","35492","8447","-","**","15368","25652","31740","3644","39806","5842","25156","14761","35820","5981","30956","2580","50898","11301","45156","19457","31397","5266","34250","12314","26722","14278","25639","12865","18664","11436","54195","111484","41083","36285","21481","58187","80189","80065","(X)","(X)","(X)","(X)","(X)","(X)"
"1400000US36047121000","Census Tract 1210, Kings County, New York","1489","58","35.9","6.9","55.9","6.6","0.5","0.8","1.3","1.5","0.0","2.2","5.6","3.1","0.7","1.1","40.6","7.8","4.7","4.5","3.8","2.4","35.7","7.7","42.9","7.8","17.6","6.0","1051","136","50.9","9.8","49.1","9.8","29.0","9.4","56.3","9.1","14.7","7.0","438","129","69.4","14.0","69.4","14.0","0.0","7.1","30.6","14.0","28.8","14.1","1.8","3.2","53.8","(X)","56.4","(X)","43.8","(X)","16030","3756","8257","4203","19659","18937","-","**","-","**","-","**","40417","12818","-","**","11684","4240","2,500-","***","35750","45754","16726","9605","11250","9432","16618","12732","17821","10651","15469","9109","26786","17379","7228","25247","25385","19687","21250","30684","8488","3477","3750","6902","3750","6902","-","**","29615","58216","28846","58282","-","**","(X)","(X)","(X)","(X)","(X)","(X)"
"1400000US36047121400","Census Tract 1214, Kings County, New York","1501","63","23.9","5.6","67.8","6.0","0.0","2.1","0.0","2.1","0.0","2.1","6.3","3.3","2.0","2.1","31.1","5.8","1.5","1.7","9.7","4.5","36.2","7.8","37.2","7.2","16.8","5.6","1044","109","59.2","8.6","40.8","8.6","17.0","7.5","69.0","9.6","14.0","6.9","457","97","70.0","13.5","60.0","12.4","10.1","10.4","30.0","13.5","27.4","12.9","2.6","4.0","62.7","(X)","64.6","(X)","56.5","(X)","17669","2456","14013","6652","19023","3140","-","**","-","**","-","**","20476","7136","26719","41580","15948","2694","-","**","21346","24250","17963","5063","19716","8818","9697","4228","20236","6041","17177","3355","34063","7378","38636","23143","15104","5480","21852","23118","16116","1438","15655","3110","15446","3927","21346","34007","18750","14221","19464","21424","-","**","(X)","(X)","(X)","(X)","(X)","(X)"
"1400000US36047122000","Census Tract 1220, Kings County, New York","2062","122","9.4","5.8","82.7","6.6","0.0","1.6","0.9","1.5","0.0","1.6","7.0","5.2","0.0","1.6","17.7","6.9","0.6","1.2","9.8","6.2","47.0","6.8","37.6","7.3","5.5","3.6","1311","176","66.3","8.9","33.7","8.9","28.7","7.9","64.9","9.1","6.4","5.8","751","164","62.3","18.2","51.9","17.5","10.4","10.2","37.7","18.2","29.8","16.9","7.9","8.0","52.1","(X)","41.9","(X)","65.0","(X)","40690","10900","26703","22595","44952","11398","-","**","-","**","-","**","18533","29405","-","**","25602","11089","-","**","20625","52724","43214","24248","45292","9983","16979","46432","50259","8565","32255","18310","68750","14656","59452","20239","34271","18496","45781","91469","26032","11952","40819","34427","18478","35117","106731","60053","25480","22695","25833","18303","-","**","(X)","(X)","(X)","(X)","(X)","(X)"
"1400000US36047123700","Census Tract 1237, Kings County, New York","1258","117","76.6","6.7","8.7","4.8","0.0","2.5","1.5","2.2","0.0","2.5","11.7","5.5","1.6","1.6","21.7","7.3","67.9","7.5","7.2","3.6","76.2","6.2","12.7","4.5","4.0","2.7","1066","111","84.1","8.0","15.9","8.0","80.8","8.6","12.1","7.4","7.1","6.7","192","84","39.1","22.7","21.9","17.3","17.2","15.0","60.9","22.7","30.2","19.6","30.7","24.7","40.4","(X)","38.2","(X)","41.1","(X)","30000","10105","28635","8044","57880","15113","-","**","-","**","-","**","29050","30083","87500","165073","75284","74714","23977","9322","14688","25001","31184","14890","29583","19617","55208","91634","29109","4925","24602","8760","51433","6627","28651","4407","17328","19969","50183","18611","54821","8057","14844","53915","8816","4920","56328","17283","78813","164752","53929","41386","178935","63295","(X)","(X)","(X)","(X)","(X)","(X)"
"1400000US36047150200","Census Tract 1502, Kings County, New York","1089","53","78.1","8.3","1.5","1.9","0.6","0.9","11.3","5.7","0.0","2.9","7.5","6.6","1.1","1.7","10.1","5.7","72.5","9.0","1.9","3.0","47.8","7.2","35.1","7.5","15.2","5.7","769","100","47.6","8.5","52.4","8.5","79.5","7.3","16.1","6.9","4.4","3.3","320","96","38.8","16.8","25.6","12.4","13.1","8.9","61.3","16.8","33.8","15.6","27.5","17.5","31.8","(X)","39.5","(X)","13.1","(X)","96494","14618","102688","11927","-","**","-","**","86023","42001","-","**","32279","11128","-","**","32279","85930","101875","12157","-","**","109757","17876","85313","18923","31728","13507","103344","11919","129792","28734","81797","35827","109063","32357","43056","68818","110313","149349","80278","17856","60938","15488","55625","37635","105833","61619","86042","21479","80278","103965","109097","41682","(X)","(X)","(X)","(X)","(X)","(X)"
"1400000US36047152200","Census Tract 1522, Kings County, New York","1034","78","58.2","7.2","20.7","7.5","1.3","1.9","11.4","5.7","0.0","3.1","4.8","4.1","3.6","3.3","6.4","4.9","55.5","7.6","1.2","1.8","30.9","9.0","39.4","8.4","28.6","7.0","776","89","32.2","8.5","67.8","8.5","73.1","9.6","18.0","7.5","8.9","5.2","258","78","69.8","17.9","49.6","21.2","20.2","15.6","30.2","17.9","12.0","8.4","18.2","17.8","37.6","(X)","41.4","(X)","19.0","(X)","84500","9629","96944","24842","88529","25644","-","**","61964","52674","-","**","54605","32963","79583","37686","61136","29242","97500","26896","-","**","78750","12919","98984","53308","82333","40484","96250","24433","93750","33788","99205","44699","113393","42729","82500","55598","69271","55979","55946","38302","35179","41995","24423","29805","68750","100028","57344","36247","82750","68719","56836","30466","(X)","(X)","(X)","(X)","(X)","(X)"
"1400000US36047990100","Census Tract 9901, Kings County, New York","0","12","-","**","-","**","-","**","-","**","-","**","-","**","-","**","-","**","-","**","-","**","-","**","-","**","-","**","0","12","-","**","-","**","-","**","-","**","-","**","0","12","-","**","-","**","-","**","-","**","-","**","-","**","-","(X)","-","(X)","-","(X)","-","**","-","**","-","**","-","**","-","**","-","**","-","**","-","**","-","**","-","**","-","**","-","**","-","**","-","**","-","**","-","**","-","**","-","**","-","**","-","**","-","**","-","**","-","**","-","**","-","**","-","**","-","**","(X)","(X)","(X)","(X)","(X)","(X)"
"1400000US36081146700","Census Tract 1467, Queens County, New York","1379","44","74.3","7.7","0.5","0.8","0.0","2.3","21.8","7.2","0.0","2.3","2.2","2.7","1.1","1.2","11.5","6.4","65.6","9.6","0.7","1.2","39.9","8.4","43.2","7.7","16.2","5.5","764","152","36.5","10.1","63.5","10.1","74.2","10.1","14.3","8.5","11.5","7.1","615","150","53.8","14.4","46.2","14.9","7.6","7.9","46.2","14.4","33.8","12.0","12.4","8.2","30.2","(X)","29.8","(X)","30.7","(X)","58568","16078","58808","30130","-","**","-","**","67614","33055","-","**","-","**","-","**","45272","66555","58895","27574","-","**","92583","9343","47283","10762","14706","31206","91516","10413","93942","71205","90184","36806","93953","7671","47083","102988","47955","89560","32007","14600","17723","8587","17946","9329","12260","158755","66136","38115","44375","21200","173056","39696","(X)","(X)","(X)","(X)","(X)","(X)"
"1400000US36081147100","Census Tract 1471, Queens County, New York","1335","70","61.7","7.2","2.4","2.9","0.0","2.4","28.8","6.5","0.0","2.4","6.5","4.9","0.6","1.1","16.0","6.2","53.9","7.3","1.1","1.8","31.8","7.1","47.0","7.4","20.1","4.7","945","104","41.4","9.1","58.6","9.1","78.6","8.0","15.1","6.9","6.2","5.2","390","88","51.3","12.6","44.4","12.5","6.9","10.2","48.7","12.6","46.4","12.8","2.3","3.9","26.4","(X)","27.7","(X)","23.1","(X)","67888","14970","80500","15526","-","**","-","**","37308","14397","-","**","53580","141312","-","**","109671","110110","70515","12772","-","**","80284","25302","75197","34819","37917","29341","71838","31810","63550","30300","98382","58800","79844","32441","109659","69177","43346","10062","51023","26144","51964","50531","46607","34893","-","**","41786","36697","40179","34650","-","**","(X)","(X)","(X)","(X)","(X)","(X)"
"1400000US36081147900","Census Tract 1479, Queens County, New York","1690","97","64.1","6.8","1.2","1.4","0.0","1.9","25.3","6.2","0.0","1.9","8.5","3.9","0.9","1.4","16.6","5.6","57.6","7.2","2.2","3.6","25.6","5.8","53.0","6.5","19.2","4.9","1169","117","48.4","8.5","51.6","8.5","82.1","8.3","10.9","7.0","7.0","4.8","521","115","55.5","12.5","54.1","12.5","1.3","2.2","44.5","12.5","35.9","12.4","8.6","10.8","23.1","(X)","21.6","(X)","26.5","(X)","83684","9516","85625","10839","-","**","-","**","69764","32349","-","**","96384","29421","-","**","71504","25468","90308","6787","-","**","82000","31504","92149","5672","51111","19881","92021","5505","83500","33921","96027","13529","95545","7078","75547","51395","54135","79099","67798","7019","65972","17278","66944","16126","-","**","69722","9867","65625","23020","-","**","(X)","(X)","(X)","(X)","(X)","(X)"
"1400000US36081148300","Census Tract 1483, Queens County, New York","972","72","69.5","6.1","0.3","0.7","0.0","3.3","28.2","6.3","0.0","3.3","1.1","1.7","0.8","1.2","2.0","2.1","69.5","6.1","0.0","3.3","17.8","6.9","52.6","9.9","29.6","7.7","716","83","41.5","10.4","58.5","10.4","88.3","7.2","6.7","3.8","5.0","6.2","256","77","60.9","18.4","53.5","18.6","7.4","7.8","39.1","18.4","35.9","18.5","3.1","4.5","18.4","(X)","20.9","(X)","11.3","(X)","109750","18540","126250","23727","-","**","-","**","90278","44432","-","**","-","**","-","**","-","**","126250","23727","-","**","106518","18207","141250","42591","34500","52656","137600","20317","139583","42575","132031","34212","139400","20093","142500","107766","-","**","30500","43970","29875","10184","28688","6142","-","**","70833","94272","24773","104842","-","**","(X)","(X)","(X)","(X)","(X)","(X)"
"1400000US36081150701","Census Tract 1507.01, Queens County, New York","1074","43","75.8","6.2","0.0","3.0","0.0","3.0","23.4","6.2","0.0","3.0","0.0","3.0","0.8","1.2","6.8","5.2","69.8","7.7","0.0","3.0","25.1","8.4","36.4","8.0","38.5","8.9","796","87","35.9","10.7","64.1","10.7","92.1","5.2","6.2","4.8","1.8","2.8","278","83","54.0","18.4","54.0","18.4","0.0","11.0","46.0","18.4","37.8","18.1","8.3","8.1","22.2","(X)","25.9","(X)","11.5","(X)","93611","15555","95595","14035","-","**","-","**","73942","44683","-","**","-","**","-","**","87083","97583","99375","17867","-","**","89100","14405","130486","57385","56372","21273","97778","9219","137750","56650","95855","30278","100614","9083","19083","107496","-","**","75179","42710","34674","32547","34674","32547","-","**","85882","21273","77009","26696","-","**","(X)","(X)","(X)","(X)","(X)","(X)"
"1400000US36081150702","Census Tract 1507.02, Queens County, New York","1169","83","70.2","7.8","0.0","2.7","0.0","2.7","23.9","6.2","0.4","0.8","4.7","5.4","0.8","1.2","13.4","6.8","62.3","8.5","0.0","2.7","29.9","8.7","37.3","7.1","32.8","7.5","811","92","32.4","10.8","67.6","10.8","81.1","6.0","11.1","5.4","7.8","5.2","358","103","56.7","18.0","46.9","18.3","9.8","13.3","43.3","18.0","40.8","16.9","2.5","4.1","21.2","(X)","25.5","(X)","4.2","(X)","77240","14906","78447","14748","-","**","-","**","60469","38127","-","**","-","**","-","**","41375","102425","80000","13721","-","**","66950","42092","90385","11957","57857","20547","87993","8853","58393","36319","89342","10785","92167","10306","69167","18581","36964","114612","53125","25550","66350","24097","63889","23967","-","**","24583","40247","23833","30707","-","**","(X)","(X)","(X)","(X)","(X)","(X)"
"1400000US36081152901","Census Tract 1529.01, Queens County, New York","2469","137","57.0","7.1","1.9","3.2","0.0","1.3","39.4","7.4","0.0","1.3","1.1","1.5","0.6","0.9","6.8","3.4","51.3","7.0","0.0","1.3","28.4","7.5","49.8","7.3","21.8","4.9","1733","194","45.1","10.6","54.9","10.6","84.7","6.3","10.9","5.8","4.4","2.9","736","169","48.1","14.4","45.4","13.7","2.7","4.1","51.9","14.4","42.8","14.8","9.1","10.8","18.5","(X)","21.9","(X)","10.6","(X)","79625","19648","82563","23381","-","**","-","**","71970","15654","-","**","-","**","-","**","66813","139348","84875","20999","-","**","72236","29072","94103","22815","58409","38781","99879","14121","93460","40880","105172","13293","101000","20710","117574","39176","98226","59640","41829","37860","52833","33284","41700","33800","-","**","40469","43157","62587","58338","-","**","(X)","(X)","(X)","(X)","(X)","(X)"
"1400000US36081152902","Census Tract 1529.02, Queens County, New York","2279","29","65.5","7.6","2.8","3.7","0.0","1.4","29.5","7.1","0.0","1.4","0.7","1.2","1.5","2.4","2.7","1.8","63.5","7.4","0.0","1.4","27.2","7.0","40.9","8.8","31.9","7.4","1292","166","29.3","12.5","70.7","12.5","70.5","12.8","18.3","11.2","11.1","9.4","987","171","66.7","11.8","58.0","11.3","8.7","7.0","33.3","11.8","28.2","12.6","5.2","6.1","16.9","(X)","13.2","(X)","21.9","(X)","82358","15347","55625","25155","-","**","-","**","115354","22193","-","**","-","**","-","**","142417","40194","53984","20408","-","**","122612","15147","75655","27407","52917","17730","97315","11103","114632","62265","93989","5765","117946","20208","93258","36767","67295","7246","44560","9540","45273","14526","45465","13401","17389","88691","43980","37521","34559","33692","-","**","(X)","(X)","(X)","(X)","(X)","(X)"
"1400000US36081155101","Census Tract 1551.01, Queens County, New York","1566","100","99.5","0.8","0.5","0.8","0.0","2.1","0.0","2.1","0.0","2.1","0.0","2.1","0.0","2.1","3.7","2.3","95.8","2.5","0.0","2.1","0.6","0.9","10.7","4.7","88.8","4.8","450","93","0.0","7.0","100.0","7.0","100.0","7.0","0.0","7.0","0.0","7.0","1116","132","75.1","7.2","74.2","7.3","0.9","1.5","24.9","7.2","22.8","7.2","2.1","1.5","36.7","(X)","25.6","(X)","41.1","(X)","64300","12447","63900","12217","-","**","-","**","-","**","-","**","-","**","-","**","29773","211335","64000","12114","-","**","-","**","108860","25761","59342","11530","97250","20894","-","**","97250","20894","97250","20894","-","**","-","**","54649","8185","49500","10339","49083","10801","-","**","95250","42233","95063","65116","-","**","(X)","(X)","(X)","(X)","(X)","(X)"
"1400000US36081155102","Census Tract 1551.02, Queens County, New York","3436","137","64.3","7.2","4.5","2.8","0.4","0.7","24.4","6.2","0.0","0.9","1.4","2.3","4.8","3.2","8.9","3.8","59.4","6.7","1.4","1.8","32.6","6.0","41.1","6.3","24.9","5.6","1774","261","43.9","9.7","56.1","9.7","79.4","8.5","15.9","8.0","4.7","4.3","1662","264","54.1","9.9","54.1","9.9","0.0","1.9","45.9","9.9","45.1","9.7","0.8","1.4","21.4","(X)","24.5","(X)","16.4","(X)","81701","10403","73415","10767","114000","27805","-","**","107857","30565","-","**","-","**","63088","53076","105000","49148","74014","11138","-","**","93031","16823","89145","18745","36167","21883","108277","11539","109336","14289","103182","18812","110165","8584","101628","26870","20083","40301","49533","9258","43935","11811","43935","11811","-","**","73381","32940","73778","30345","-","**","(X)","(X)","(X)","(X)","(X)","(X)"
"1400000US36081156700","Census Tract 1567, Queens County, New York","222","61","14.9","12.9","10.4","9.0","0.0","13.6","74.8","14.4","0.0","13.6","0.0","13.6","0.0","13.6","2.3","3.1","12.6","12.3","0.0","13.6","51.8","15.0","30.6","12.7","17.6","8.9","182","58","32.4","15.2","67.6","15.2","91.2","9.7","4.4","6.4","4.4","7.3","40","23","72.5","28.8","72.5","28.8","0.0","46.9","27.5","28.8","7.5","15.6","20.0","27.3","25.7","(X)","26.9","(X)","20.0","(X)","101210","31621","133162","66598","61094","50549","-","**","100806","37714","-","**","-","**","-","**","-","**","133529","94983","-","**","101734","7437","114000","52867","9417","1778","106000","9106","76563","57191","108092","13126","106000","9123","-","**","-","**","10192","1825","9250","1578","9250","1578","-","**","-","**","-","**","-","**","(X)","(X)","(X)","(X)","(X)","(X)"
"1400000US36081157101","Census Tract 1571.01, Queens County, New York","2530","103","56.0","6.4","4.1","2.7","0.0","1.3","36.7","5.8","0.0","1.3","2.4","1.7","0.9","1.0","10.6","3.4","47.1","6.7","0.4","0.7","29.7","6.2","45.3","5.9","24.5","4.9","2174","160","40.5","6.9","59.5","6.9","76.9","7.0","17.0","6.7","6.1","3.6","356","113","65.7","15.6","61.2","16.8","4.5","7.5","34.3","15.6","26.7","15.3","7.6","9.6","31.5","(X)","30.7","(X)","33.4","(X)","81063","8820","70938","17164","96574","34156","-","**","84122","20968","-","**","96500","78364","-","**","115186","72380","67234","15204","-","**","80658","19838","96758","20826","66313","8831","93500","18305","95810","26887","86761","18666","103278","16995","44201","27709","61845","19739","37222","33829","36222","27227","36667","31703","-","**","53100","25171","53550","6701","2,500-","***","(X)","(X)","(X)","(X)","(X)","(X)"
"1400000US36081157102","Census Tract 1571.02, Queens County, New York","494","54","47.4","9.1","1.4","2.1","0.0","6.4","39.7","8.9","0.0","6.4","7.7","6.9","3.8","4.3","18.0","8.2","37.0","8.5","0.0","6.4","27.9","8.4","54.7","11.2","17.4","6.7","426","57","56.6","9.1","43.4","9.1","90.6","7.1","8.2","6.8","1.2","1.8","68","34","83.8","22.5","83.8","22.5","0.0","35.7","16.2","22.5","16.2","22.5","0.0","35.7","48.2","(X)","51.2","(X)","29.4","(X)","68864","5085","66196","7873","-","**","-","**","94063","48543","-","**","71111","41377","41354","11076","65938","27084","69250","10587","-","**","69706","16352","83611","26393","23750","8293","71293","6338","70208","6860","78542","25979","72778","21714","50208","12234","-","**","25417","11966","21625","6978","21625","6978","-","**","-","**","-","**","-","**","(X)","(X)","(X)","(X)","(X)","(X)"
"1400000US36081157901","Census Tract 1579.01, Queens County, New York","1749","85","64.4","5.7","0.5","0.8","0.0","1.8","31.0","5.3","0.0","1.8","1.0","1.1","3.1","2.2","6.2","4.1","58.7","6.6","0.5","0.8","17.2","4.8","55.2","5.8","27.1","4.6","1250","105","39.6","7.5","60.4","7.5","78.7","6.7","16.0","5.8","5.3","3.9","499","117","62.3","12.1","60.5","11.9","1.8","2.6","37.7","12.1","31.5","10.3","6.2","9.9","29.2","(X)","26.7","(X)","35.5","(X)","75144","13266","61250","16248","-","**","-","**","108917","19844","-","**","-","**","81667","92071","72614","114169","59779","15049","-","**","133929","48998","81176","16329","31944","19125","106071","17704","108466","29289","101250","23455","115156","14393","54194","16579","123571","14878","28420","5807","23036","12203","19722","12474","-","**","50313","20310","40781","23203","-","**","(X)","(X)","(X)","(X)","(X)","(X)"
"1400000US36081157902","Census Tract 1579.02, Queens County, New York","1102","66","45.8","6.2","4.3","2.5","1.0","1.6","41.1","5.7","0.0","2.9","2.4","2.1","5.4","4.0","5.5","3.3","41.1","6.0","0.0","2.9","22.0","6.0","50.6","6.9","27.4","5.6","947","80","26.1","6.3","73.9","6.3","76.7","7.8","12.7","4.8","10.7","7.2","155","69","77.4","20.6","66.5","22.9","11.0","11.9","22.6","20.6","13.5","14.8","9.0","14.9","31.5","(X)","27.9","(X)","53.5","(X)","81875","15005","57326","10479","62019","49088","-","**","117625","56971","-","**","106111","166964","71667","168044","107361","56389","56285","9683","-","**","62308","43491","107778","38728","51875","25686","91250","19003","119904","58647","81607","21544","118261","43851","71042","21202","56076","35706","19107","10969","17500","9976","15139","7494","-","**","38906","91842","-","**","-","**","(X)","(X)","(X)","(X)","(X)","(X)"
"1400000US36081157903","Census Tract 1579.03, Queens County, New York","1367","71","67.5","7.5","0.0","2.3","0.0","2.3","29.0","8.0","0.0","2.3","2.7","2.4","0.7","1.1","4.2","3.0","64.3","8.2","0.4","0.8","22.6","8.1","46.3","6.9","30.7","6.6","897","120","43.0","10.5","57.0","10.5","81.3","8.1","13.0","6.5","5.7","5.2","470","122","65.5","12.8","55.7","17.0","9.8","11.9","34.5","12.8","32.3","13.4","2.1","3.3","28.6","(X)","30.8","(X)","22.1","(X)","85102","23434","69154","15974","-","**","-","**","100457","13080","-","**","53750","102276","-","**","65865","43185","69301","18710","-","**","86366","29378","100396","15268","37688","10154","94341","11943","96923","30476","93886","27167","100701","17470","66534","27696","93281","49172","41500","34048","34773","19530","33030","16325","-","**","63047","30895","63438","36359","-","**","(X)","(X)","(X)","(X)","(X)","(X)"
"1400000US36081161700","Census Tract 1617, Queens County, New York","1419","83","77.1","5.9","0.7","1.2","0.0","2.3","14.7","5.0","0.0","2.3","5.3","4.5","2.2","2.0","12.9","6.0","69.3","6.6","1.1","1.2","27.1","6.3","48.1","6.4","23.7","5.5","1076","110","48.6","7.0","51.4","7.0","82.9","8.2","7.7","5.7","9.4","5.4","343","108","45.8","16.8","41.1","16.8","4.7","5.1","54.2","16.8","38.5","17.7","15.7","16.3","30.7","(X)","29.3","(X)","35.0","(X)","92104","10031","100273","15539","-","**","-","**","76776","31679","-","**","52852","11471","175694","167771","54336","26448","101133","8189","-","**","75461","33923","113750","14661","38000","14714","102500","6834","100190","21409","108194","11521","113750","17990","60208","48639","55156","76863","50156","17650","35852","7219","35852","7725","-","**","53047","8322","58125","21381","-","**","(X)","(X)","(X)","(X)","(X)","(X)"
"1400000US36081162100","Census Tract 1621, Queens County, New York","1945","115","44.5","9.6","6.3","5.2","0.0","1.7","31.9","7.3","0.0","1.7","13.9","6.5","3.3","2.7","22.3","8.3","33.9","7.6","0.0","1.7","33.5","7.8","53.1","7.0","13.4","4.5","1573","155","58.4","9.0","41.6","9.0","77.3","8.7","18.7","7.9","4.0","3.3","372","120","53.2","15.5","39.0","15.4","14.2","14.3","46.8","15.5","28.5","12.8","18.3","13.5","35.3","(X)","30.3","(X)","41.1","(X)","76198","9823","68443","10152","62800","36905","-","**","83481","10760","-","**","105363","46399","49663","240375","64069","19535","69316","16129","-","**","86923","23985","73438","12331","63237","13790","80274","7375","83962","12123","75509","12895","84962","16430","50000","46183","80542","52123","53857","27046","62823","73231","22216","32576","64637","39683","53571","14968","22083","36167","68879","63636","(X)","(X)","(X)","(X)","(X)","(X)"
"1400000US36081990100","Census Tract 9901, Queens County, New York","0","12","-","**","-","**","-","**","-","**","-","**","-","**","-","**","-","**","-","**","-","**","-","**","-","**","-","**","0","12","-","**","-","**","-","**","-","**","-","**","0","12","-","**","-","**","-","**","-","**","-","**","-","**","-","(X)","-","(X)","-","(X)","-","**","-","**","-","**","-","**","-","**","-","**","-","**","-","**","-","**","-","**","-","**","-","**","-","**","-","**","-","**","-","**","-","**","-","**","-","**","-","**","-","**","-","**","-","**","-","**","-","**","-","**","-","**","(X)","(X)","(X)","(X)","(X)","(X)"
"1400000US36081000100","Census Tract 1, Queens County, New York","2818","155","71.9","5.0","2.0","1.5","0.0","1.1","22.2","5.2","0.0","1.1","0.0","1.1","3.9","2.4","6.3","2.9","66.0","4.9","7.3","3.7","72.8","5.2","13.9","4.5","6.0","2.3","935","180","37.0","10.1","63.0","10.1","94.0","4.6","6.0","4.6","0.0","3.4","1883","194","40.7","9.0","28.0","8.3","12.6","6.2","59.3","9.0","36.6","7.6","22.7","5.6","26.8","(X)","24.0","(X)","28.3","(X)","123056","13381","126615","9342","88906","140418","-","**","96190","17189","-","**","-","**","87750","168003","131827","73731","125913","8398","36758","90685","130737","17265","121250","34701","16346","39974","146652","25641","133750","83696","149018","34841","153365","46541","63971","70856","-","**","100987","9595","81013","13294","69242","29797","82459","36644","124787","16223","100607","22499","176563","33562","(X)","(X)","(X)","(X)","(X)","(X)"
"1400000US36081000200","Census Tract 2, Queens County, New York","925","72","39.1","8.5","2.7","3.0","0.5","0.8","21.2","7.1","0.0","3.4","25.9","7.9","10.5","6.6","55.4","7.9","18.1","5.4","2.9","3.9","39.7","9.1","44.4","8.9","13.0","4.1","820","83","45.2","9.9","54.8","9.9","61.8","9.2","20.9","7.8","17.3","7.3","105","53","64.8","25.4","64.8","25.4","0.0","26.1","35.2","25.4","9.5","10.3","25.7","27.2","62.6","(X)","64.9","(X)","38.1","(X)","56750","13427","45000","18155","-","**","-","**","89091","12376","-","**","50956","16558","107991","38335","55600","13864","33194","10579","-","**","63646","16041","60139","36047","42813","22577","61607","9831","56250","7640","73359","28525","66125","23086","40650","13630","72813","22862","30265","2048","29038","5541","29038","5541","-","**","30924","1328","-","**","-","**","(X)","(X)","(X)","(X)","(X)","(X)"
"1400000US36081000400","Census Tract 4, Queens County, New York","1338","103","34.4","9.9","6.5","4.5","2.8","3.5","21.4","6.5","0.0","2.4","32.1","10.7","2.8","2.8","57.2","8.7","12.6","5.3","3.9","4.4","42.9","7.9","39.6","9.3","13.6","5.6","1189","121","50.9","8.7","49.1","8.7","57.6","8.9","28.7","8.7","13.7","6.2","149","92","61.1","31.1","56.4","31.9","4.7","7.9","38.9","31.1","11.4","13.4","27.5","30.6","68.0","(X)","62.4","(X)","71.8","(X)","60938","10856","53417","9020","49464","80558","-","**","68781","22243","-","**","63286","20894","52031","43177","54934","15272","63558","17142","-","**","58981","12764","68750","13180","66250","62590","58472","12184","44821","16826","69500","7740","70035","10730","28583","18704","52264","10756","45069","48011","18347","13615","18065","7253","-","**","63476","2521","57750","32984","-","**","(X)","(X)","(X)","(X)","(X)","(X)"
"1400000US36081000600","Census Tract 6, Queens County, New York","1024","106","35.4","9.0","10.4","4.2","0.0","3.1","18.6","7.5","0.0","3.1","31.9","11.1","3.8","2.5","55.3","9.7","12.1","5.3","3.6","4.1","47.1","9.0","37.2","8.5","12.1","5.9","792","120","62.5","10.1","37.5","10.1","62.8","10.4","32.7","9.6","4.5","4.3","232","90","64.2","22.1","45.3","22.7","19.0","18.9","35.8","22.1","16.8","14.4","19.0","18.2","55.6","(X)","62.6","(X)","31.5","(X)","59000","11855","53500","15408","33534","12567","-","**","68750","54498","-","**","65903","62455","75875","29453","64750","24184","49643","13211","-","**","66111","29948","54261","19063","38750","60169","64250","19859","53224","29577","98125","61026","85417","32906","32404","23070","171912","2110","44200","14563","49464","55985","23036","19922","-","**","43650","11458","59625","108368","42800","3548","(X)","(X)","(X)","(X)","(X)","(X)"
"1400000US36081000700","Census Tract 7, Queens County, New York","2698","171","77.6","6.3","2.9","2.9","0.0","1.2","15.8","5.4","0.0","1.2","2.6","2.1","1.2","1.3","20.6","5.7","61.8","6.1","3.0","2.3","57.5","5.4","27.0","4.9","12.6","3.6","1137","203","33.8","10.6","66.2","10.6","77.8","9.9","16.4","8.8","5.7","5.8","1561","179","45.4","8.6","29.6","7.8","15.8","7.2","54.6","8.6","44.3","8.9","10.3","5.0","28.2","(X)","28.8","(X)","27.8","(X)","77475","13696","80560","15736","48984","12225","-","**","129115","41350","-","**","14276","6162","-","**","41250","23546","90385","19919","51364","134472","108852","22729","54815","28415","31484","30658","117831","32828","148158","56721","104485","52934","126706","15585","49141","13475","77390","30480","60982","26099","53409","18963","47563","15596","117552","29703","75281","21762","58182","20255","139732","64053","(X)","(X)","(X)","(X)","(X)","(X)"
"1400000US36081000800","Census Tract 8, Queens County, New York","1011","59","52.2","8.5","4.5","3.5","0.0","3.2","14.7","5.7","0.0","3.2","28.5","8.4","0.0","3.2","60.3","7.7","21.3","6.3","3.3","5.0","41.4","9.1","43.7","9.4","11.6","4.0","860","93","59.5","12.3","40.5","12.3","66.5","9.0","17.7","9.5","15.8","10.8","151","73","72.8","22.7","47.7","26.8","25.2","26.8","27.2","22.7","24.5","22.2","2.6","4.5","61.6","(X)","62.4","(X)","41.1","(X)","61159","10613","59853","50455","88056","34226","-","**","76172","23660","-","**","49884","23671","-","**","60250","17458","49321","31597","-","**","62469","15722","56000","21473","24861","34468","61000","21161","56750","25590","71667","38047","76544","22717","51438","28921","9619","45695","19688","46657","19514","43713","18194","1406","-","**","36250","96669","35250","99209","-","**","(X)","(X)","(X)","(X)","(X)","(X)"
"1400000US36081001000","Census Tract 10, Queens County, New York","987","81","40.6","9.1","7.7","5.2","1.1","1.3","21.0","6.0","0.0","3.2","18.9","7.6","10.6","7.2","48.1","6.1","20.1","6.2","8.6","4.8","34.4","7.8","44.9","7.8","12.1","4.3","827","93","46.3","9.9","53.7","9.9","58.4","10.9","31.6","9.8","10.0","6.8","160","61","31.9","21.6","20.0","18.3","11.9","13.5","68.1","21.6","58.8","21.3","9.4","10.4","66.6","(X)","63.7","(X)","73.1","(X)","63102","13643","77601","14303","29808","60639","-","**","61125","33629","-","**","70893","16696","42835","22200","59779","18338","77167","35714","44321","33528","62500","17341","72366","14155","37865","15735","64258","14567","64598","16679","62308","28550","79291","25009","29335","8041","32446","63092","43527","2179","24659","57466","28750","161353","-","**","43832","12783","43913","16400","-","**","(X)","(X)","(X)","(X)","(X)","(X)"
"1400000US36081001200","Census Tract 12, Queens County, New York","1280","98","60.9","9.9","5.2","3.6","0.0","2.5","10.7","4.8","0.0","2.5","21.0","8.1","2.3","2.3","54.8","8.8","30.2","7.9","2.8","3.5","32.5","7.3","52.5","7.4","12.2","3.6","1096","107","41.2","10.2","58.8","10.2","73.2","8.5","20.1","7.4","6.8","4.5","184","86","33.7","23.6","21.2","16.9","12.5","18.8","66.3","23.6","46.7","25.2","19.6","23.4","54.5","(X)","55.5","(X)","48.9","(X)","64808","15533","66150","24085","72750","183118","-","**","61250","71721","-","**","50982","18826","130417","26733","62853","7934","85385","29833","-","**","60104","22253","80313","25807","42750","7659","71932","17068","60510","20368","91204","19318","72778","18289","66042","56779","75278","149455","35804","12863","34286","112680","26250","13276","-","**","35982","16429","40357","41391","-","**","(X)","(X)","(X)","(X)","(X)","(X)"
"1400000US36081001400","Census Tract 14, Queens County, New York","1028","106","66.1","10.2","1.6","1.8","0.0","3.1","8.9","4.2","0.0","3.1","18.5","8.4","5.1","3.9","56.9","7.6","33.4","7.7","1.3","2.0","34.0","8.9","49.2","9.0","15.5","5.2","801","102","52.1","9.0","47.9","9.0","65.7","11.1","24.3","9.2","10.0","8.5","227","87","43.2","22.2","38.3","21.5","4.8","7.1","56.8","22.2","56.8","22.2","0.0","13.3","62.2","(X)","65.7","(X)","41.0","(X)","68571","18659","62277","23475","-","**","-","**","39609","46429","-","**","108103","43611","63333","90225","76435","21119","45655","48994","-","**","77315","23928","71500","25514","30096","9117","77006","16799","68375","21225","93300","23952","85833","19449","69375","31111","9773","192742","30750","4167","28125","11982","22330","12058","-","**","32538","5524","32538","5524","-","**","(X)","(X)","(X)","(X)","(X)","(X)"
"1400000US36081001600","Census Tract 16, Queens County, New York","842","59","43.3","8.3","5.3","4.3","0.0","3.8","14.3","3.3","0.0","3.8","30.2","8.6","6.9","5.4","63.1","6.6","13.9","5.7","1.1","1.9","32.1","8.0","53.8","8.5","13.1","5.2","702","71","43.2","8.3","56.8","8.3","60.4","13.5","31.1","13.1","8.5","6.5","140","65","66.4","25.2","56.4","25.2","10.0","11.4","33.6","25.2","30.0","25.6","3.6","7.0","70.4","(X)","75.6","(X)","44.3","(X)","49510","14527","49583","12693","41083","48230","-","**","88227","54467","-","**","48750","72279","45750","64368","55625","22902","34583","17524","-","**","88455","34758","36875","19521","50000","21898","49397","14785","41250","52825","49935","19669","45000","32856","60938","48181","47955","89824","41833","27034","32917","22567","22188","26027","-","**","70402","3735","70625","2379","-","**","(X)","(X)","(X)","(X)","(X)","(X)"
"1400000US36081001800","Census Tract 18, Queens County, New York","946","51","36.3","9.6","5.1","4.0","0.0","3.4","16.1","4.8","0.0","3.4","38.3","11.5","4.3","3.5","59.5","10.3","18.2","7.2","1.8","3.0","35.7","11.1","53.7","10.3","8.8","3.8","743","74","55.6","11.5","44.4","11.5","58.8","11.9","28.7","10.8","12.5","7.6","203","80","34.5","18.1","23.6","16.0","10.8","12.7","65.5","18.1","26.6","13.3","38.9","21.7","62.9","(X)","67.2","(X)","37.4","(X)","58000","14848","48795","14932","84500","20824","-","**","48500","30352","-","**","58594","31086","148750","159157","59727","27063","30882","16415","-","**","67667","42419","57750","14441","37750","43348","57756","16283","49410","16355","60385","24277","61058","33077","26438","31019","49777","21698","48565","22530","66500","70646","29545","27534","-","**","48287","40795","19306","15431","49306","133945","(X)","(X)","(X)","(X)","(X)","(X)"
"1400000US36081001900","Census Tract 19, Queens County, New York","616","104","62.2","13.7","1.0","1.5","2.8","4.1","24.7","11.9","0.0","5.1","8.3","9.5","1.1","1.6","19.5","12.8","51.0","14.6","0.0","5.1","60.1","12.4","22.6","8.2","17.4","10.2","286","97","42.3","17.5","57.7","17.5","78.7","13.9","14.0","9.3","7.3","12.1","330","99","55.8","21.5","50.0","20.7","5.8","6.8","44.2","21.5","31.8","20.2","12.4","11.0","29.5","(X)","32.5","(X)","27.0","(X)","83235","35814","100424","42297","-","**","-","**","156364","207341","-","**","-","**","-","**","100135","64937","78611","44718","-","**","100982","35274","83162","74984","45871","47718","134583","67907","71115","22743","171078","20678","157386","44197","115417","205079","-","**","71500","40581","47348","22576","50625","23960","-","**","101053","43826","100329","78220","118264","58666","(X)","(X)","(X)","(X)","(X)","(X)"
"1400000US36081002000","Census Tract 20, Queens County, New York","491","41","33.0","9.4","9.0","7.4","0.0","6.4","18.3","7.7","0.0","6.4","30.5","9.8","9.2","7.2","51.3","9.9","18.5","6.1","2.2","3.4","38.3","10.9","49.7","12.5","9.8","5.5","435","49","55.2","11.6","44.8","11.6","62.5","12.9","28.7","11.7","8.7","8.3","56","37","51.8","36.5","25.0","26.4","26.8","30.6","48.2","36.5","41.1","38.3","7.1","13.0","47.3","(X)","48.0","(X)","41.1","(X)","74432","32450","130326","57888","36711","156097","-","**","120625","50540","-","**","55208","17323","37981","40131","57727","18189","90625","36869","-","**","59432","26072","90167","62023","76324","36297","75302","25466","56875","13151","91250","27489","88750","38848","52292","26330","59205","240768","36711","60493","80795","80120","21071","34895","-","**","36250","1025","-","**","-","**","(X)","(X)","(X)","(X)","(X)","(X)"
"1400000US36081002200","Census Tract 22, Queens County, New York","728","48","53.7","10.7","5.2","5.5","0.0","4.4","13.5","7.0","0.0","4.4","21.3","10.7","6.3","6.0","42.7","9.5","34.1","8.7","1.6","2.5","34.3","9.3","50.5","10.5","13.5","5.6","475","83","46.1","15.5","53.9","15.5","61.9","15.3","23.2","10.9","14.9","11.2","253","81","50.2","17.2","32.0","15.2","18.2","17.0","49.8","17.2","49.8","17.2","0.0","12.0","53.6","(X)","61.1","(X)","38.3","(X)","56161","17394","56741","26407","44130","5596","-","**","90086","67246","-","**","47250","53615","78523","45615","56920","25798","48750","65753","-","**","56518","28104","78654","25912","31250","20322","68438","23271","55491","14714","90517","14946","77596","13508","34038","18511","110347","171817","38693","14162","53750","64001","19886","16827","85119","11568","38068","16778","38068","16778","-","**","(X)","(X)","(X)","(X)","(X)","(X)"
"1400000US36081002400","Census Tract 24, Queens County, New York","666","49","60.1","9.4","10.1","7.0","0.0","4.8","11.9","5.7","0.0","4.8","16.2","8.9","1.8","2.0","55.7","10.0","22.2","7.4","2.7","3.1","32.4","10.4","51.7","12.1","13.2","6.2","615","53","48.1","11.1","51.9","11.1","64.7","12.1","22.8","9.9","12.5","8.3","51","27","58.8","29.7","58.8","29.7","0.0","41.5","41.2","29.7","41.2","29.7","0.0","41.5","46.8","(X)","49.1","(X)","0.0","(X)","81071","17220","70250","27008","90795","15404","-","**","71442","21009","-","**","91136","61291","-","**","72125","29443","59444","66227","-","**","60682","49194","86667","19686","57273","54850","85542","12546","58409","12721","95288","9610","89792","7530","70769","44114","85060","53129","23875","13363","16250","21765","16250","21765","-","**","29792","25363","29792","25363","-","**","(X)","(X)","(X)","(X)","(X)","(X)"
"1400000US36081002500","Census Tract 25, Queens County, New York","3142","76","26.5","7.0","52.4","6.7","2.5","2.7","4.4","2.2","0.0","1.0","12.4","5.4","2.0","1.5","42.0","6.6","1.9","1.6","2.0","2.0","28.6","5.6","49.8","6.5","19.6","5.1","1825","238","52.7","8.9","47.3","8.9","25.6","7.7","71.3","7.6","3.1","3.2","1317","217","70.8","10.4","68.7","10.7","2.1","2.9","29.2","10.4","21.9","9.4","7.2","6.4","44.7","(X)","34.8","(X)","58.5","(X)","20830","2913","21615","7314","17934","4391","-","**","16696","39689","-","**","25729","39732","49167","42084","25019","8508","24318","28836","22250","14079","22266","8679","23537","8576","12344","2754","26964","6708","28508","9745","23833","12798","40464","32999","23806","6869","70341","47455","14260","2985","12108","2195","11875","2183","-","**","22813","15433","24219","18221","18977","45026","(X)","(X)","(X)","(X)","(X)","(X)"
"1400000US36081002600","Census Tract 26, Queens County, New York","646","48","41.5","10.7","17.0","8.7","0.9","1.6","16.4","7.9","0.0","4.9","22.0","7.5","2.2","3.7","38.4","8.9","21.5","8.6","0.0","4.9","46.6","11.7","46.7","12.7","6.7","4.4","583","60","48.0","12.3","52.0","12.3","72.0","12.1","25.6","11.8","2.4","4.0","63","45","15.9","23.6","15.9","23.6","0.0","37.3","84.1","23.6","73.0","31.5","11.1","13.9","52.3","(X)","55.9","(X)","9.5","(X)","92946","19760","93333","66052","85978","26076","-","**","63250","42175","-","**","107143","59542","-","**","96339","31202","125469","107603","-","**","93807","30429","94167","35415","26750","61271","95313","12322","106429","31208","93125","17962","105000","27705","50104","37226","-","**","47950","34008","-","**","-","**","-","**","48450","21336","48100","40010","-","**","(X)","(X)","(X)","(X)","(X)","(X)"
"1400000US36081002800","Census Tract 28, Queens County, New York","897","80","47.3","8.5","9.8","6.2","0.0","3.6","16.9","7.8","0.0","3.6","21.3","7.8","4.7","3.3","54.2","9.9","15.9","6.6","9.3","6.8","47.5","10.3","32.9","10.4","10.4","5.0","700","100","43.3","9.5","56.7","9.5","59.3","8.6","25.9","8.9","14.9","9.1","197","79","38.6","20.2","33.0","19.7","5.6","9.5","61.4","20.2","61.4","20.2","0.0","15.2","64.7","(X)","66.6","(X)","54.3","(X)","66045","6520","54135","15095","26447","14988","-","**","80500","24165","-","**","82880","28286","65938","40397","61522","14619","71563","88622","19688","77063","70250","13837","66629","15460","41696","27377","71691","18054","66205","9552","96932","25268","80125","15315","44875","19298","130875","51995","14301","8124","40179","59015","41161","52435","-","**","13207","17498","13207","17498","-","**","(X)","(X)","(X)","(X)","(X)","(X)"
"1400000US36081003000","Census Tract 30, Queens County, New York","453","37","44.6","17.7","15.7","10.9","6.8","7.7","15.2","8.6","0.0","6.9","14.3","9.3","3.3","4.1","51.4","12.9","25.4","11.5","0.0","6.9","32.7","15.0","54.1","14.3","13.2","7.7","373","51","53.1","12.4","46.9","12.4","55.0","16.7","39.7","16.7","5.4","6.1","80","40","53.8","25.4","40.0","24.3","13.8","21.6","46.3","25.4","46.3","25.4","0.0","32.1","60.0","(X)","66.8","(X)","25.0","(X)","48917","33464","49667","43595","150057","126399","-","**","29297","111569","-","**","40038","28358","-","**","36042","20476","82396","60687","-","**","24182","4136","105605","44778","58750","38393","62250","65117","105403","126776","49083","46428","82188","90047","40833","69933","81250","17978","28594","11240","29141","38426","28281","28959","-","**","25313","16275","25313","16275","-","**","(X)","(X)","(X)","(X)","(X)","(X)"
"1400000US36081003100","Census Tract 31, Queens County, New York","474","50","72.4","10.7","6.3","5.4","0.0","6.6","9.9","7.1","0.0","6.6","6.5","5.4","4.9","6.4","38.4","11.7","49.8","9.1","6.1","4.9","49.4","11.4","36.1","11.6","8.4","5.4","260","59","48.5","12.4","51.5","12.4","93.1","7.6","1.9","2.9","5.0","7.2","214","69","34.6","18.8","27.6","14.2","7.0","12.4","65.4","18.8","40.7","17.8","24.8","14.7","35.2","(X)","16.9","(X)","52.3","(X)","50000","23144","43750","32168","50000","18238","-","**","108295","43953","-","**","23942","48860","-","**","32750","17465","56833","35327","-","**","65625","19024","26654","7542","19500","6946","55517","35655","32159","56723","57935","34544","56042","26911","-","**","-","**","44000","30840","21250","18925","18750","6957","75625","92501","56500","22038","22228","50047","74896","74175","(X)","(X)","(X)","(X)","(X)","(X)"
"1400000US36081003200","Census Tract 32, Queens County, New York","389","67","42.4","14.4","10.0","7.8","0.0","8.0","13.9","7.7","0.0","8.0","27.5","11.0","6.2","6.1","42.9","15.0","25.2","13.3","2.3","4.6","42.7","12.7","43.4","12.5","11.6","7.7","284","77","52.1","15.8","47.9","15.8","73.6","15.5","16.9","13.4","9.5","9.0","105","45","32.4","22.6","28.6","21.9","3.8","6.1","67.6","22.6","67.6","22.6","0.0","26.1","57.8","(X)","65.5","(X)","27.6","(X)","75509","9397","81563","83544","80938","30986","-","**","78125","28159","-","**","75347","3513","11750","93121","76528","17148","30000","49930","-","**","78095","10359","69125","14935","75694","57164","75441","8006","73077","10059","76912","32886","76544","9190","54688","55206","83472","21590","58523","42243","36250","2907","35938","3770","-","**","65208","36929","65208","36929","-","**","(X)","(X)","(X)","(X)","(X)","(X)"
"1400000US36081003300","Census Tract 33, Queens County, New York","848","87","46.2","7.8","7.0","5.0","1.4","2.1","39.3","8.0","0.0","3.8","4.7","4.0","1.4","2.3","21.0","6.3","30.0","6.2","11.0","6.3","57.2","9.4","21.5","6.3","10.4","4.0","490","98","40.0","10.5","60.0","10.5","57.3","9.7","32.0","9.6","10.6","6.7","358","87","53.9","13.2","34.1","12.8","19.8","9.4","46.1","13.2","22.3","10.2","23.7","11.8","42.3","(X)","37.3","(X)","47.8","(X)","47500","12994","52917","22268","34750","67953","-","**","50750","18672","-","**","20179","42861","-","**","23971","19627","73636","12764","35568","44225","59750","17921","44412","20282","36500","15308","42788","12733","27083","7009","58750","19476","55341","19032","30750","15079","20682","17785","59000","28438","48523","54402","12321","48167","92813","54087","78625","24925","18750","23118","99271","20219","(X)","(X)","(X)","(X)","(X)","(X)"
"1400000US36081003400","Census Tract 34, Queens County, New York","610","73","36.1","11.2","7.2","5.7","0.0","5.2","20.2","8.4","0.0","5.2","30.2","9.8","6.4","4.5","55.2","9.1","17.0","5.6","2.8","4.6","42.1","10.0","34.4","9.0","20.7","8.4","517","89","43.7","9.6","56.3","9.6","66.5","11.9","16.4","8.4","17.0","9.5","93","49","73.1","26.5","73.1","26.5","0.0","28.7","26.9","26.5","26.9","26.5","0.0","28.7","55.6","(X)","52.8","(X)","55.9","(X)","75962","22876","62917","21866","95192","52374","-","**","83125","41057","-","**","58750","31462","155250","70089","75433","30218","52000","18441","-","**","63854","27620","88500","25626","55625","38536","81792","12363","80952","29554","89750","26400","92500","21494","79688","69524","53750","6861","14861","6931","13889","23867","13889","23867","-","**","15795","15425","15795","15425","-","**","(X)","(X)","(X)","(X)","(X)","(X)"
"1400000US36081003600","Census Tract 36, Queens County, New York","942","84","26.4","10.3","10.8","6.7","0.0","3.4","36.4","8.1","0.0","3.4","16.2","6.6","10.1","6.5","39.9","8.2","9.6","4.5","1.1","2.5","51.9","10.0","38.0","10.6","9.0","4.6","824","109","64.6","10.9","35.4","10.9","71.0","10.3","19.5","8.7","9.5","6.1","118","65","44.9","28.6","25.4","26.9","19.5","21.1","55.1","28.6","41.5","27.5","13.6","20.5","61.1","(X)","66.0","(X)","27.1","(X)","66274","12051","73839","23776","75476","99908","-","**","65461","37435","-","**","56417","5100","66761","30400","72031","10812","29355","25338","-","**","70489","29995","75357","20690","28347","19478","65425","14164","57100","16202","70750","32306","71964","16237","40221","26651","70938","83147","36842","77689","53906","116447","-","**","-","**","36250","78398","35197","40619","-","**","(X)","(X)","(X)","(X)","(X)","(X)"
"1400000US36081003700","Census Tract 37, Queens County, New York","0","12","-","**","-","**","-","**","-","**","-","**","-","**","-","**","-","**","-","**","-","**","-","**","-","**","-","**","0","12","-","**","-","**","-","**","-","**","-","**","0","12","-","**","-","**","-","**","-","**","-","**","-","**","-","(X)","-","(X)","-","(X)","-","**","-","**","-","**","-","**","-","**","-","**","-","**","-","**","-","**","-","**","-","**","-","**","-","**","-","**","-","**","-","**","-","**","-","**","-","**","-","**","-","**","-","**","-","**","-","**","-","**","-","**","-","**","(X)","(X)","(X)","(X)","(X)","(X)"
"1400000US36081003800","Census Tract 38, Queens County, New York","783","51","39.3","9.9","4.7","4.8","0.0","4.1","18.5","7.3","0.0","4.1","32.1","9.9","5.4","4.6","58.5","8.5","20.2","7.0","1.7","2.0","46.1","10.7","35.5","9.8","16.7","7.8","596","73","52.0","13.4","48.0","13.4","41.1","11.5","39.8","11.4","19.1","12.1","187","62","42.2","20.0","32.6","19.2","9.6","12.2","57.8","20.0","37.4","16.2","20.3","16.5","58.7","(X)","58.2","(X)","42.2","(X)","49010","18016","34844","11121","56417","131724","-","**","50236","44065","-","**","49323","16706","116250","52530","49375","19444","39844","30369","-","**","50028","12413","65395","49524","32917","17702","50435","7357","50217","3712","56500","46452","66705","22020","34426","29387","47917","10960","30583","10990","24010","5050","23073","10380","-","**","34423","14219","33654","12041","170909","204406","(X)","(X)","(X)","(X)","(X)","(X)"
"1400000US36081003900","Census Tract 39, Queens County, New York","447","62","68.2","10.8","7.8","10.1","0.0","7.0","8.9","5.7","0.0","7.0","15.0","8.0","0.0","7.0","55.5","10.8","36.9","10.3","0.9","1.6","53.5","12.2","32.0","12.5","13.6","6.0","360","69","48.1","13.2","51.9","13.2","40.8","12.2","36.9","14.5","22.2","14.8","87","43","51.7","28.2","49.4","27.4","2.3","9.2","48.3","28.2","43.7","29.3","4.6","8.3","28.0","(X)","30.6","(X)","17.2","(X)","41553","13366","42159","16774","-","**","-","**","96250","39631","-","**","30729","32014","-","**","31842","14934","57563","18438","-","**","40125","19283","61050","27700","39063","53546","44722","29985","19821","22881","62689","2823","63036","21543","18750","7778","62500","17926","14375","15505","22625","17017","22875","15475","-","**","8833","29009","8500","25093","-","**","(X)","(X)","(X)","(X)","(X)","(X)"
"1400000US36081004001","Census Tract 40.01, Queens County, New York","652","67","43.1","12.5","4.6","4.2","0.0","4.9","19.6","9.9","0.0","4.9","24.8","7.8","7.8","6.2","41.4","9.4","30.4","9.5","6.3","5.4","39.4","11.1","44.0","12.0","10.3","5.1","477","73","47.0","11.4","53.0","11.4","75.3","9.6","16.6","7.6","8.2","6.2","175","65","62.3","19.1","49.1","22.1","13.1","15.8","37.7","19.1","23.4","16.3","14.3","13.8","62.4","(X)","65.4","(X)","50.3","(X)","60385","16875","45972","29521","57206","13278","-","**","130530","54638","-","**","70682","26600","39338","164008","60556","20142","31932","10270","39338","17429","61528","32243","72067","49699","32132","13568","74196","18175","88700","16443","67031","21352","82569","7817","27361","17945","48869","6327","30852","8243","27454","7744","30682","7471","-","**","45833","43176","45972","71145","37250","55870","(X)","(X)","(X)","(X)","(X)","(X)"
"1400000US36081004002","Census Tract 40.02, Queens County, New York","313","49","33.9","13.5","3.5","4.3","0.0","9.9","33.5","12.9","0.0","9.9","15.7","12.0","13.4","13.3","25.2","12.8","24.9","11.1","1.9","3.0","32.9","14.5","49.8","13.9","15.3","9.9","288","51","52.4","17.0","47.6","17.0","58.3","16.2","17.7","10.5","24.0","15.4","25","22","100.0","59.3","76.0","33.5","24.0","33.5","0.0","59.3","0.0","59.3","0.0","59.3","53.7","(X)","54.5","(X)","44.0","(X)","52721","32536","64545","28328","-","**","-","**","30547","25534","-","**","54632","23376","26750","31733","54044","16116","66250","16731","-","**","69205","23974","28750","35994","13750","22369","52941","38304","65625","18504","27208","15520","70000","15823","32120","38544","26042","14673","46875","47503","46875","47503","62841","103505","-","**","-","**","-","**","-","**","(X)","(X)","(X)","(X)","(X)","(X)"
"1400000US36081004200","Census Tract 42, Queens County, New York","1231","76","36.6","9.5","9.2","5.0","0.0","2.6","32.1","7.3","0.0","2.6","14.9","8.2","7.2","4.8","44.1","7.2","17.8","6.3","4.1","3.5","44.3","8.2","42.3","9.1","9.3","6.0","995","101","54.9","9.9","45.1","9.9","61.6","9.6","22.8","8.4","15.6","6.3","236","105","25.8","20.1","15.7","15.6","10.2","13.1","74.2","20.1","42.8","24.7","31.4","21.1","60.0","(X)","63.0","(X)","42.4","(X)","57835","12936","60833","29910","73447","43238","-","**","53625","22954","-","**","59740","14197","43304","50096","58880","17648","54464","27670","26827","31495","49756","15181","69821","31892","24342","46387","54020","10231","48750","6970","73807","35655","70919","29957","43203","23930","51745","12889","48229","54093","9485","65246","38750","63676","-","**","61406","60655","17122","40174","73661","65517","(X)","(X)","(X)","(X)","(X)","(X)"
"1400000US36081004300","Census Tract 43, Queens County, New York","1012","61","38.0","10.2","39.9","9.2","0.0","3.2","2.0","2.1","0.0","3.2","19.2","8.4","0.9","1.4","42.6","9.0","17.4","5.0","3.7","4.4","29.8","8.7","40.5","9.2","26.0","8.4","565","121","50.8","12.8","49.2","12.8","30.3","13.7","63.4","13.6","6.4","6.1","447","125","54.8","14.4","54.8","14.4","0.0","7.0","45.2","14.4","45.2","14.4","0.0","7.0","24.6","(X)","27.8","(X)","20.6","(X)","16154","8798","13036","14258","20357","11335","-","**","24167","15367","-","**","10640","5402","-","**","11197","1935","20625","13740","4813","70630","12095","17421","22984","10149","14306","5451","28125","10371","11838","24565","49531","6802","53150","39812","22500","17499","42778","77527","11540","869","11625","2157","11625","2157","-","**","11458","1126","11458","1126","-","**","(X)","(X)","(X)","(X)","(X)","(X)"
"1400000US36081004401","Census Tract 44.01, Queens County, New York","1019","52","25.5","7.8","10.8","5.8","0.0","3.1","44.7","7.8","0.0","3.1","16.0","6.3","2.9","2.9","28.9","7.9","14.5","4.8","8.2","5.2","36.4","8.6","41.3","8.5","14.0","5.3","814","91","45.2","8.4","54.8","8.4","70.8","9.2","16.3","7.3","12.9","6.8","205","82","28.3","17.4","17.1","13.9","11.2","13.6","71.7","17.4","60.5","21.8","11.2","13.3","66.7","(X)","62.5","(X)","64.4","(X)","48689","9944","82292","22471","58971","5944","-","**","42806","3696","-","**","38631","28523","60769","60306","67927","14885","44773","30121","42212","24379","47736","8496","57399","8054","36827","11724","44352","5846","42660","9565","54118","10740","46042","7809","43988","19081","42039","11129","43523","36570","17500","86346","9009","585","-","**","44886","30178","32273","32311","-","**","(X)","(X)","(X)","(X)","(X)","(X)"
"1400000US36081004500","Census Tract 45, Queens County, New York","1458","104","75.1","7.6","7.6","4.6","0.0","2.2","11.0","3.8","0.0","2.2","1.8","2.0","4.5","4.1","16.3","6.0","61.2","7.4","2.2","3.6","25.4","7.6","29.5","7.2","42.9","7.9","630","111","30.2","10.4","69.8","10.4","69.8","10.0","28.1","9.8","2.1","3.3","828","117","59.5","11.5","52.1","12.6","7.5","6.9","40.5","11.5","32.7","10.4","7.7","6.2","20.1","(X)","21.7","(X)","17.6","(X)","63261","11156","65114","13414","54712","37920","-","**","90577","41159","-","**","-","**","50179","34249","84091","50279","59154","16068","-","**","122969","27804","73864","19398","31842","5713","91731","13003","134479","30820","82955","17243","96818","35139","80469","37580","-","**","46957","14691","41250","12744","36728","9739","123125","19378","57772","16638","46477","30997","133000","112337","(X)","(X)","(X)","(X)","(X)","(X)"
"1400000US36081004700","Census Tract 47, Queens County, New York","1806","75","46.8","7.5","35.2","6.0","0.0","1.8","6.1","3.6","0.4","0.6","9.2","4.7","2.3","2.0","34.9","5.8","25.6","5.7","7.0","4.0","33.8","7.0","34.3","6.5","24.9","4.8","1132","144","42.6","9.8","57.4","9.8","46.7","11.2","47.7","10.8","5.6","4.4","674","141","52.1","13.9","43.0","13.7","9.1","5.9","47.9","13.9","40.5","12.8","7.4","7.2","35.7","(X)","37.2","(X)","33.2","(X)","26023","5153","27367","15877","25335","10445","-","**","23424","20651","-","**","20139","18997","78750","79733","15233","7386","47381","16450","26467","35530","32672","19869","32656","11820","23482","10819","29583","10478","30238","14559","29118","16315","45885","19643","22946","21111","26033","16548","20855","9492","12350","4520","9563","3852","116078","1120","38063","26658","25990","23822","39875","161943","(X)","(X)","(X)","(X)","(X)","(X)"
"1400000US36081005000","Census Tract 50, Queens County, New York","0","12","-","**","-","**","-","**","-","**","-","**","-","**","-","**","-","**","-","**","-","**","-","**","-","**","-","**","0","12","-","**","-","**","-","**","-","**","-","**","0","12","-","**","-","**","-","**","-","**","-","**","-","**","-","(X)","-","(X)","-","(X)","-","**","-","**","-","**","-","**","-","**","-","**","-","**","-","**","-","**","-","**","-","**","-","**","-","**","-","**","-","**","-","**","-","**","-","**","-","**","-","**","-","**","-","**","-","**","-","**","-","**","-","**","-","**","(X)","(X)","(X)","(X)","(X)","(X)"
"1400000US36081005100","Census Tract 51, Queens County, New York","745","38","43.9","11.6","0.7","1.7","0.0","4.3","39.3","11.6","0.0","4.3","10.5","5.2","5.6","7.6","18.4","8.5","36.9","11.8","2.0","2.6","55.6","10.1","29.8","10.3","12.6","7.8","397","90","58.2","11.2","41.8","11.2","75.3","11.5","17.1","11.0","7.6","7.3","348","89","45.7","17.9","38.2","17.7","7.5","5.7","54.3","17.9","17.8","15.2","36.5","17.9","34.1","(X)","27.2","(X)","39.7","(X)","44464","4277","54135","27688","-","**","-","**","43110","4106","-","**","12132","37214","-","**","12083","26175","62083","49488","37344","52486","52778","21176","40000","5734","9091","1430","43110","5946","38516","13765","46818","27521","36797","16448","44048","3520","93571","86240","48462","10457","26058","28648","10750","29012","73750","82112","60417","34999","48269","41596","82813","78038","(X)","(X)","(X)","(X)","(X)","(X)"
"1400000US36081005200","Census Tract 52, Queens County, New York","789","67","23.1","7.8","8.2","7.0","0.6","1.0","35.0","9.4","0.0","4.0","30.5","9.2","2.5","2.8","43.5","9.6","9.1","4.5","6.7","4.7","42.5","10.3","34.5","9.7","16.3","6.1","609","80","61.1","10.2","38.9","10.2","58.1","12.2","25.1","11.5","16.7","10.2","180","74","55.6","20.1","52.8","20.6","2.8","4.9","44.4","20.1","32.8","19.3","11.7","12.8","67.0","(X)","66.7","(X)","65.6","(X)","57656","13744","58311","15134","58594","129191","-","**","145357","85122","-","**","26303","12808","-","**","41278","15063","56875","37521","58304","21798","59583","13880","41146","19949","23977","81352","59551","6264","42500","28984","68625","24192","79167","54790","39509","7188","59268","5332","25106","8738","14257","8865","14088","5952","-","**","33750","70216","26563","7785","-","**","(X)","(X)","(X)","(X)","(X)","(X)"
"1400000US36081005300","Census Tract 53, Queens County, New York","2213","173","75.0","7.3","0.0","1.5","0.1","0.5","12.4","4.8","0.0","1.5","10.0","6.1","2.4","3.1","20.2","8.4","63.0","7.8","3.4","3.3","46.0","8.1","34.7","7.3","15.9","6.1","934","209","40.9","13.1","59.1","13.1","74.3","13.3","17.2","11.1","8.5","8.0","1279","213","45.1","11.0","36.7","10.1","8.4","5.7","54.9","11.0","36.9","11.8","18.0","8.9","25.0","(X)","25.8","(X)","24.5","(X)","50881","9538","51467","10071","-","**","-","**","42198","30330","-","**","46786","62278","-","**","55161","36344","51114","10332","7375","44451","72159","25375","47474","16080","21083","15202","59300","24369","46951","61638","72563","32685","91625","30624","27917","48291","25078","57784","43316","10581","43185","12772","35688","20449","81464","43809","43500","22407","29545","23447","103036","44982","(X)","(X)","(X)","(X)","(X)","(X)"
"1400000US36081005400","Census Tract 54, Queens County, New York","1595","100","44.5","6.9","7.3","4.3","1.1","1.3","22.9","4.8","0.0","2.0","16.5","6.3","7.7","4.0","34.2","7.3","30.0","5.7","1.3","2.1","38.2","6.5","45.5","6.8","15.1","4.5","1307","115","46.7","8.9","53.3","8.9","70.7","6.9","19.7","6.7","9.6","4.9","288","86","31.3","17.1","31.3","17.1","0.0","10.7","68.8","17.1","38.2","17.4","30.6","15.5","59.0","(X)","56.8","(X)","62.5","(X)","59208","8977","52949","10229","56691","54343","-","**","76688","54928","-","**","61908","29509","76719","43945","63125","20637","57969","16109","-","**","41950","17906","81417","26977","50179","38542","59632","13977","42311","20952","86786","35947","75104","22699","22826","22539","41406","16929","46806","18467","11000","9120","11000","9120","-","**","53438","14813","53438","51345","52500","22211","(X)","(X)","(X)","(X)","(X)","(X)"
"1400000US36081005500","Census Tract 55, Queens County, New York","367","38","61.3","16.8","0.8","1.6","0.0","8.5","17.4","11.8","0.0","8.5","16.1","14.2","4.4","3.8","38.1","13.9","41.1","15.7","13.6","12.2","33.8","15.3","39.5","14.0","13.1","7.3","236","61","50.4","19.1","49.6","19.1","72.0","17.4","17.8","14.0","10.2","9.9","131","46","67.9","23.3","51.1","21.5","16.8","12.4","32.1","23.3","18.3","15.8","13.7","16.9","43.1","(X)","41.9","(X)","45.0","(X)","57981","10760","61250","7070","-","**","-","**","3000","122767","-","**","54735","61406","39500","116870","54545","16382","64018","31907","2,500-","***","54924","16201","68281","22951","131250","151987","60870","23907","54549","9112","132375","64698","111786","90710","38750","51709","61250","20249","16250","49146","8828","16411","8542","44618","9000","59868","60625","48709","36750","27737","-","**","(X)","(X)","(X)","(X)","(X)","(X)"
"1400000US36081005700","Census Tract 57, Queens County, New York","1771","70","66.6","5.3","4.9","3.2","0.0","1.8","15.3","3.6","0.0","1.8","11.2","4.4","2.0","1.7","29.6","5.5","49.9","6.0","5.8","3.2","53.0","6.3","26.9","5.7","14.2","4.0","820","131","40.6","9.3","59.4","9.3","71.1","8.9","22.7","9.1","6.2","5.4","951","113","54.6","7.9","37.2","8.4","17.4","5.4","45.4","7.9","22.7","7.4","22.7","7.6","34.2","(X)","38.7","(X)","29.4","(X)","52346","7064","54680","8764","40750","5591","-","**","41563","39717","-","**","61875","35007","14886","35550","59514","10282","52000","14379","72031","43755","52893","10108","59375","7756","30259","6325","51862","9366","30139","21139","64330","21845","57933","11484","48947","16041","11875","8856","52375","8718","46719","6312","41447","14073","78650","23307","65313","25602","41346","8024","83676","5338","(X)","(X)","(X)","(X)","(X)","(X)"
"1400000US36081005800","Census Tract 58, Queens County, New York","2102","111","58.1","8.5","5.9","4.8","0.0","1.5","12.3","4.9","0.0","1.5","17.4","6.8","6.4","4.5","40.7","8.9","40.2","8.6","1.1","1.3","39.0","9.3","41.0","8.0","18.8","5.3","1524","195","55.8","10.4","44.2","10.4","63.3","10.8","30.2","10.2","6.4","5.1","578","155","49.5","14.7","43.8","14.2","5.7","5.0","50.5","14.7","40.5","16.0","10.0","15.5","51.9","(X)","56.4","(X)","28.9","(X)","66414","4891","67244","8251","75366","25294","-","**","58226","12919","-","**","67153","63635","69808","86023","77604","25542","61014","9287","-","**","61667","8638","85795","23108","56250","6500","72009","15989","61500","12998","95136","13093","87829","26883","54732","9029","92321","119982","48500","18249","55833","36188","56292","41746","43750","83185","47667","18479","40595","8718","-","**","(X)","(X)","(X)","(X)","(X)","(X)"
"1400000US36081005900","Census Tract 59, Queens County, New York","1661","145","77.2","5.6","1.7","1.4","0.0","1.9","11.4","4.4","0.0","1.9","6.0","4.4","3.7","2.8","27.0","6.7","58.5","6.5","3.9","3.0","49.0","7.4","22.1","7.0","25.0","7.3","734","128","31.6","10.1","68.4","10.1","64.7","10.2","23.4","10.5","11.9","6.5","927","152","57.5","10.4","35.5","10.4","22.0","9.3","42.5","10.4","28.0","9.5","14.5","7.1","37.7","(X)","42.8","(X)","30.9","(X)","62008","15201","65685","15794","62321","96715","-","**","44107","19211","-","**","19345","280258","167560","185392","52708","52886","67218","12364","25417","166270","70781","16381","54095","31418","31184","19015","57315","14609","53446","32132","71184","14945","69353","13038","46389","25963","85428","80165","60250","17877","59750","17857","33897","13702","84375","78857","65341","36693","42069","14226","118235","25917","(X)","(X)","(X)","(X)","(X)","(X)"
"1400000US36081006100","Census Tract 61, Queens County, New York","2721","167","76.6","5.7","3.1","2.7","0.0","1.2","12.3","3.8","0.0","1.2","6.2","4.1","1.7","1.5","19.8","5.9","63.1","6.6","6.8","3.2","54.0","6.5","24.0","6.0","15.3","4.7","1217","216","25.2","9.1","74.8","9.1","59.0","11.4","28.9","11.5","12.1","8.3","1504","206","57.8","8.7","43.2","8.5","14.7","7.3","42.2","8.7","25.1","8.4","17.1","5.7","35.9","(X)","29.7","(X)","40.9","(X)","59401","11243","59486","12129","85481","33854","-","**","84211","25964","-","**","48542","4034","55982","258501","53897","13425","58716","13786","56250","27362","83219","5646","48622","6420","22150","9640","63417","25484","47951","22625","69929","26282","84570","7504","46518","8236","56115","37704","54481","7430","42625","16268","33945","18296","94375","41894","71048","14808","53477","33054","87007","21033","(X)","(X)","(X)","(X)","(X)","(X)"
"1400000US36081006201","Census Tract 62.01, Queens County, New York","2854","96","79.5","7.1","8.5","4.8","0.2","0.4","1.1","1.2","0.0","1.1","7.9","4.3","2.9","2.4","18.9","5.6","71.5","6.6","0.0","1.1","24.8","5.6","32.9","6.6","42.3","6.7","1537","214","27.5","11.1","72.5","11.1","72.7","10.4","19.3","9.7","7.9","5.7","1317","215","66.5","9.9","62.5","10.8","4.0","4.9","33.5","9.9","26.5","9.8","7.0","9.6","52.8","(X)","52.4","(X)","53.2","(X)","54022","9617","50095","7589","69286","58960","-","**","-","**","-","**","71683","2305","130602","30931","71500","16653","49263","8736","-","**","59333","22520","73350","15927","39474","14222","81932","20507","79191","33238","85208","25340","85101","28331","68250","40876","232540","203123","34315","9846","43636","14690","44347","14814","-","**","30541","10642","32071","6477","11402","920","(X)","(X)","(X)","(X)","(X)","(X)"
"1400000US36081006202","Census Tract 62.02, Queens County, New York","2588","162","70.2","8.8","9.5","5.1","0.0","1.2","5.5","5.3","0.0","1.2","10.7","6.4","4.0","3.0","37.9","8.6","49.2","9.5","1.5","2.5","35.9","6.5","39.2","7.4","23.4","5.4","1887","272","43.1","8.9","56.9","8.9","59.5","10.4","29.9","10.2","10.6","5.3","701","232","55.3","14.3","52.8","14.4","2.6","4.3","44.7","14.3","30.8","13.6","13.8","10.6","57.3","(X)","65.3","(X)","33.5","(X)","56046","10527","50904","10168","56230","30649","-","**","205164","179249","-","**","85805","28400","84083","66903","54224","42229","51649","8515","-","**","78285","13735","71200","46526","34671","3518","62297","27632","62355","34564","57426","38684","76929","26085","56445","33191","42833","39003","33450","31601","16875","19210","15000","19250","-","**","73155","57080","34600","55648","100327","15185","(X)","(X)","(X)","(X)","(X)","(X)"
"1400000US36081006300","Census Tract 63, Queens County, New York","2549","172","78.0","5.5","2.4","2.5","0.0","1.3","14.5","4.4","0.0","1.3","3.9","2.9","1.1","1.5","19.8","6.9","65.8","7.8","8.0","3.9","50.2","6.7","27.7","5.6","14.0","3.9","991","219","38.8","11.2","61.2","11.2","82.9","8.2","8.2","5.5","8.9","5.7","1558","206","36.1","9.2","21.1","8.1","15.0","6.8","63.9","9.2","39.2","9.2","24.7","8.6","42.1","(X)","30.3","(X)","48.8","(X)","53610","8964","57964","8254","48676","30050","-","**","48628","26236","-","**","15577","15338","-","**","44077","6641","61439","9702","63542","43304","63727","14304","48519","6882","27500","13148","57722","11016","57112","15994","59286","17451","55259","12326","62583","87622","75278","14906","49701","10577","44851","7848","43023","12467","89896","30346","54013","13264","45083","28825","82981","23084","(X)","(X)","(X)","(X)","(X)","(X)"
"1400000US36081006501","Census Tract 65.01, Queens County, New York","1706","143","88.0","4.4","1.0","1.1","1.2","2.0","7.9","3.8","0.0","1.9","0.0","1.9","1.8","1.7","9.8","5.1","80.0","5.9","5.3","2.8","65.5","6.6","17.5","5.9","11.7","4.3","464","121","48.1","14.2","51.9","14.2","82.1","11.1","17.9","11.1","0.0","6.8","1242","160","56.5","9.6","38.4","10.4","18.1","8.9","43.5","9.6","23.7","7.6","19.8","8.6","36.8","(X)","40.9","(X)","34.1","(X)","57341","5720","56417","4904","-","**","-","**","75972","33021","-","**","-","**","62344","31909","61667","39486","56236","4353","49342","26301","60236","8240","48375","31635","34417","39162","68869","12358","82537","22263","57281","11148","68299","17218","71058","28476","-","**","54674","10751","55857","16906","47292","10591","83813","54927","53370","12283","46618","14517","56643","12348","(X)","(X)","(X)","(X)","(X)","(X)"
"1400000US36081006502","Census Tract 65.02, Queens County, New York","1716","117","79.1","7.4","4.8","4.4","0.0","1.9","11.7","5.4","0.0","1.9","3.0","2.4","1.4","1.9","18.7","4.7","64.2","8.3","7.5","3.6","52.1","8.4","29.2","6.4","11.2","4.4","883","182","27.9","8.9","72.1","8.9","66.9","13.9","15.4","8.0","17.7","12.1","833","161","42.1","11.7","27.5","10.7","14.6","8.7","57.9","11.7","43.5","12.0","14.4","8.4","32.6","(X)","32.6","(X)","32.7","(X)","56123","11222","55366","14527","28083","30285","-","**","118505","71402","-","**","19732","159531","-","**","38869","22427","62757","19925","36860","2090","71042","14271","37214","38808","28929","11294","67545","27852","48333","32306","78419","35120","67813","30149","35305","14544","84583","48250","54097","27410","49271","27135","34292","12940","75441","36527","55781","41112","31524","35280","126875","80145","(X)","(X)","(X)","(X)","(X)","(X)"
"1400000US36081006900","Census Tract 69, Queens County, New York","1874","147","68.8","6.3","3.0","2.8","0.0","1.7","21.4","5.7","0.0","1.7","3.4","2.6","3.5","2.4","22.8","6.2","51.5","5.9","2.7","2.2","51.5","7.0","24.1","5.8","21.7","5.8","946","157","37.4","9.4","62.6","9.4","79.3","9.4","8.0","5.9","12.7","8.0","928","142","47.3","9.2","29.2","7.3","18.1","7.0","52.7","9.2","26.4","8.4","26.3","10.0","24.9","(X)","17.4","(X)","29.4","(X)","46926","10340","46140","12921","23600","63604","-","**","60089","48532","-","**","56188","17242","47014","49145","46106","11404","49844","21584","38276","17629","75197","12977","48056","16068","21131","2056","46731","12892","46635","13316","52672","27194","49722","13004","16786","79520","37353","152355","41042","14945","32750","16875","18849","3845","80000","41930","54181","19474","37951","18063","76912","31751","(X)","(X)","(X)","(X)","(X)","(X)"
"1400000US36081007100","Census Tract 71, Queens County, New York","1737","87","71.8","6.1","2.2","2.1","0.0","1.9","15.4","4.7","0.0","1.9","7.4","4.2","3.2","2.5","18.0","5.7","62.1","6.4","4.5","2.9","59.4","6.6","26.1","6.1","10.0","4.8","784","132","32.5","9.6","67.5","9.6","73.1","9.1","11.0","5.2","15.9","8.3","953","113","49.3","10.3","33.7","9.5","15.6","6.5","50.7","10.3","38.4","9.6","12.3","5.5","23.7","(X)","26.5","(X)","21.3","(X)","56677","9912","56797","14119","66765","13652","-","**","63750","17949","-","**","23790","18124","60000","80378","32111","10821","60000","13816","12011","68011","67315","8521","39770","13876","27188","29308","72065","18266","51250","26862","89028","33083","88194","23372","32500","20401","40486","23145","45607","11938","32857","18228","26782","5699","83083","63788","51172","14467","43676","19411","82639","15395","(X)","(X)","(X)","(X)","(X)","(X)"
"1400000US36081007300","Census Tract 73, Queens County, New York","2040","129","78.8","7.6","1.5","1.8","0.0","1.6","16.0","6.7","0.0","1.6","2.7","2.9","0.9","1.4","13.3","4.3","69.9","7.6","4.4","3.2","55.1","6.9","25.2","7.6","15.3","5.2","957","203","39.0","10.6","61.0","10.6","74.2","11.8","8.3","5.5","17.6","10.9","1083","171","51.6","11.7","39.9","12.0","11.7","6.9","48.4","11.7","28.8","10.8","19.6","8.8","24.3","(X)","29.9","(X)","19.3","(X)","65112","7419","66642","11948","-","**","-","**","63620","36350","-","**","-","**","-","**","46686","13930","75333","20493","22344","19796","85758","23917","65938","48126","32955","22362","63828","15723","47750","39785","73889","47301","62244","22742","33295","66737","250,000+","***","66226","14469","60871","24572","58833","31767","135216","99447","67260","17462","42656","21902","122344","29440","(X)","(X)","(X)","(X)","(X)","(X)"
"1400000US36081007500","Census Tract 75, Queens County, New York","2128","128","80.8","7.1","0.8","1.2","0.0","1.5","12.8","5.3","0.0","1.5","5.1","4.5","0.5","0.9","23.7","7.7","60.7","7.9","6.1","4.6","41.9","7.2","23.8","6.2","28.3","5.7","797","175","30.9","14.5","69.1","14.5","82.8","8.3","9.5","5.7","7.7","6.0","1331","172","62.7","9.2","52.4","9.9","10.2","5.3","37.3","9.2","18.7","8.4","18.6","8.3","26.3","(X)","29.5","(X)","24.3","(X)","45933","15013","64000","18585","-","**","-","**","24931","8603","-","**","40600","35668","-","**","26013","28705","67464","11021","2,500-","***","75096","37729","63500","36957","17019","14260","70199","18978","75192","87969","70142","16739","75441","38681","46000","9397","2,500-","***","33353","12122","21047","8634","16250","11822","39091","52771","75446","45738","54625","28727","126417","16563","(X)","(X)","(X)","(X)","(X)","(X)"
"1400000US36081007700","Census Tract 77, Queens County, New York","573","63","68.1","10.0","2.3","2.3","0.0","5.5","27.6","9.7","0.0","5.5","0.9","1.4","1.2","1.9","16.1","7.1","53.2","10.8","3.7","3.3","53.6","11.1","31.2","11.6","11.5","5.2","276","70","27.2","13.1","72.8","13.1","68.5","13.9","17.4","12.8","14.1","9.3","297","71","42.8","13.4","23.6","11.7","19.2","12.4","57.2","13.4","41.1","14.2","16.2","9.5","31.9","(X)","29.3","(X)","32.0","(X)","78523","24784","79545","33282","-","**","-","**","90714","55404","-","**","-","**","-","**","55909","37147","94135","19552","78250","104569","67457","28258","107917","19072","39545","2711","79167","37419","80625","47229","78542","49863","79375","39501","44286","67357","95375","27946","74750","29889","56685","19941","39659","7477","99926","63249","90714","32214","67361","34040","96563","28280","(X)","(X)","(X)","(X)","(X)","(X)"
"1400000US36081007900","Census Tract 79, Queens County, New York","1259","101","51.5","9.9","2.8","3.4","1.9","3.0","24.4","7.2","0.0","2.5","19.4","9.4","0.0","2.5","28.4","10.0","44.4","10.2","6.9","5.8","50.7","11.7","28.0","9.0","14.5","7.3","680","152","44.3","15.2","55.7","15.2","58.8","13.0","28.7","13.8","12.5","9.2","579","146","44.2","14.2","24.4","10.5","19.9","12.4","55.8","14.2","32.1","14.6","23.7","12.1","33.0","(X)","30.1","(X)","34.5","(X)","38301","8409","34803","6811","-","**","-","**","55795","36105","-","**","44667","16842","-","**","42583","10848","34028","7727","32173","49069","45143","7456","26596","13483","19924","26547","42727","14029","26893","5036","58339","13553","57938","30311","26625","19511","58625","20558","33472","11473","40000","19297","14028","27428","43911","766","31708","17097","30938","28071","35156","171333","(X)","(X)","(X)","(X)","(X)","(X)"
"1400000US36081008100","Census Tract 81, Queens County, New York","369","63","44.7","14.0","2.2","2.2","11.7","16.4","21.7","10.4","2.4","4.5","10.8","7.3","6.5","5.1","26.8","10.8","31.7","13.0","2.7","3.1","71.3","11.5","20.3","9.7","5.7","4.7","209","68","65.1","14.0","34.9","14.0","86.1","13.9","1.9","2.9","12.0","13.9","160","53","29.4","18.7","13.1","12.9","16.3","13.6","70.6","18.7","45.0","20.8","25.6","18.7","48.2","(X)","54.1","(X)","40.6","(X)","52228","14679","63750","33242","-","**","-","**","32143","38745","-","**","52273","73622","123409","61873","78403","34225","54514","35936","-","**","54306","29427","44479","14739","54306","156243","42238","20515","42035","19464","51094","53038","41628","24836","-","**","51645","17639","63438","33086","47813","33554","48438","38879","34500","38081","78958","17324","53611","43691","85893","12371","(X)","(X)","(X)","(X)","(X)","(X)"
"1400000US36081008300","Census Tract 83, Queens County, New York","1248","59","54.9","9.4","10.7","5.0","0.8","1.3","16.3","5.3","0.6","1.2","13.4","6.1","3.3","2.7","33.9","7.2","36.0","9.0","3.8","3.4","49.0","8.2","36.3","7.7","10.9","4.6","871","109","56.5","8.7","43.5","8.7","67.0","9.7","22.2","10.0","10.8","5.7","377","96","57.6","12.2","34.2","13.5","23.3","13.2","42.4","12.2","32.9","11.5","9.5","8.6","28.5","(X)","28.4","(X)","28.9","(X)","47692","7740","45670","7115","94615","61983","-","**","58516","31935","-","**","37132","14201","80750","48167","36607","5458","56042","7101","43177","59124","53333","12541","51007","7444","17500","12904","50977","6612","51955","7260","46319","17847","57604","21556","38964","8000","31500","15830","35929","16687","17083","28531","15417","14880","35278","31384","58750","53851","58438","65340","75357","78488","(X)","(X)","(X)","(X)","(X)","(X)"
"1400000US36081008500","Census Tract 85, Queens County, New York","323","59","51.1","16.5","10.2","10.1","1.9","2.8","9.6","8.5","0.0","9.6","24.8","12.1","2.5","3.8","31.9","11.5","42.7","16.1","0.9","2.0","65.0","15.2","20.1","10.3","13.9","12.0","245","59","66.1","15.0","33.9","15.0","64.9","14.4","20.0","12.6","15.1","12.6","78","49","17.9","19.5","12.8","17.4","5.1","8.0","82.1","19.5","56.4","32.9","25.6","30.9","57.0","(X)","49.4","(X)","80.8","(X)","31701","14929","30243","16969","24563","44038","-","**","69792","57436","-","**","47308","16260","-","**","45481","27052","23654","23093","-","**","32083","21365","43750","30295","6815","18632","32326","19850","31875","13963","57721","52414","32232","20975","30284","28008","59338","12464","23000","38217","51000","49419","-","**","-","**","22667","38592","6774","57204","-","**","(X)","(X)","(X)","(X)","(X)","(X)"
"1400000US36081008600","Census Tract 86, Queens County, New York","840","82","59.9","8.7","4.5","5.3","0.0","3.8","14.6","6.2","0.0","3.8","17.6","5.0","3.3","3.8","29.5","7.8","48.0","10.2","0.0","3.8","22.1","7.3","63.2","8.4","14.6","6.1","656","112","40.2","10.6","59.8","10.6","61.4","12.7","30.8","11.5","7.8","7.4","184","82","56.5","21.0","56.5","21.0","0.0","16.1","43.5","21.0","43.5","21.0","0.0","16.1","50.4","(X)","53.7","(X)","36.4","(X)","71316","12505","56384","17489","-","**","-","**","139688","36483","-","**","52000","39027","-","**","52050","29421","56295","14861","-","**","55962","16298","81382","29542","34432","22669","98333","27269","89000","64470","98611","25750","100842","15140","55625","27744","106435","23495","31111","26126","30278","25703","30278","25703","-","**","37750","54073","37750","54073","-","**","(X)","(X)","(X)","(X)","(X)","(X)"
"1400000US36081008700","Census Tract 87, Queens County, New York","1473","66","25.1","7.1","49.8","7.0","0.0","2.2","1.0","1.1","0.0","2.2","21.5","6.5","2.7","3.3","40.9","6.3","11.5","4.7","2.7","3.1","36.1","6.6","50.2","7.2","11.0","4.5","1014","137","43.8","10.4","56.2","10.4","20.5","7.6","62.8","8.6","16.7","7.8","459","112","72.8","13.7","72.8","13.7","0.0","6.8","27.2","13.7","23.7","13.0","3.5","5.5","39.0","(X)","44.9","(X)","23.5","(X)","23807","4058","27500","20940","24846","9030","-","**","-","**","-","**","22500","9048","-","**","22054","4262","19265","25318","-","**","30978","11565","22859","5049","9667","17502","30902","5383","31630","12739","30461","8345","41250","8947","22289","3602","45125","33543","10145","3556","9433","3354","9433","3354","-","**","12049","10338","11493","5711","-","**","(X)","(X)","(X)","(X)","(X)","(X)"
"1400000US36081008800","Census Tract 88, Queens County, New York","1144","82","71.8","8.1","3.8","4.3","0.0","2.8","8.0","4.4","0.0","2.8","12.0","6.9","4.5","3.0","41.8","9.5","43.4","8.7","1.1","1.4","38.3","9.9","41.4","9.5","19.1","5.1","890","112","67.1","10.5","32.9","10.5","71.6","9.6","26.6","9.5","1.8","2.1","254","66","56.3","15.5","45.3","14.9","11.0","9.7","43.7","15.5","39.4","14.4","4.3","6.4","51.7","(X)","48.9","(X)","61.4","(X)","81598","8210","81089","13737","-","**","-","**","71875","103175","-","**","82438","57441","102361","78200","109615","13266","58512","13478","-","**","103000","40494","82794","9036","27031","25285","86726","18056","104943","26056","81326","13600","109519","10965","35066","31588","-","**","31000","33164","29712","43287","26806","54243","50357","40905","31375","38611","28750","28885","-","**","(X)","(X)","(X)","(X)","(X)","(X)"
"1400000US36081009100","Census Tract 91, Queens County, New York","1226","92","61.2","9.5","5.2","4.6","3.6","4.1","14.8","7.1","3.3","4.5","10.0","6.6","1.9","2.3","20.5","7.4","54.4","9.4","5.7","4.4","48.1","8.1","29.5","7.8","16.6","4.8","596","126","30.0","9.6","70.0","9.6","70.8","11.8","9.9","6.5","19.3","11.8","630","124","39.7","12.9","35.4","12.0","4.3","3.8","60.3","12.9","33.7","13.9","26.7","9.9","36.7","(X)","39.9","(X)","33.7","(X)","62917","13516","63194","17388","41250","48687","-","**","80455","32111","-","**","36298","14524","-","**","35529","15216","64653","20834","36528","95676","71944","17534","66071","41468","28659","13611","61607","20669","111172","81750","53125","14667","96250","62767","21369","9940","49375","26767","55000","13146","58250","17791","57875","14937","150417","289376","54318","46590","29231","11216","92500","39158","(X)","(X)","(X)","(X)","(X)","(X)"
"1400000US36081009400","Census Tract 94, Queens County, New York","867","73","21.9","8.8","16.3","9.5","0.0","3.7","48.6","10.0","0.0","3.7","11.0","6.5","2.3","2.0","24.5","9.8","6.6","4.6","11.0","7.7","45.0","10.3","30.2","9.6","13.8","5.8","689","101","52.8","11.6","47.2","11.6","56.3","12.4","32.9","11.6","10.7","7.2","178","89","42.1","24.7","36.5","24.5","5.6","9.1","57.9","24.7","33.1","23.7","24.7","24.4","72.0","(X)","65.9","(X)","78.7","(X)","54522","13226","88750","58542","73009","43008","-","**","44688","15994","-","**","57750","100887","29583","88701","76154","38896","60469","101670","72550","87626","58500","14123","52083","45589","26500","29203","54449","12526","51458","19514","72639","17677","65192","20730","39750","45419","29063","36765","26000","50413","17212","50855","16250","38713","-","**","26750","187407","10650","10009","-","**","(X)","(X)","(X)","(X)","(X)","(X)"
"1400000US36081009500","Census Tract 95, Queens County, New York","1018","62","74.7","7.0","2.2","2.4","0.0","3.1","12.3","5.1","0.0","3.1","8.2","5.1","2.8","3.3","13.1","6.5","71.5","7.1","4.4","3.0","44.1","7.3","36.3","7.9","15.1","5.1","563","95","44.8","10.0","55.2","10.0","69.4","10.8","21.5","10.1","9.1","6.4","455","93","38.7","12.9","21.1","10.1","17.6","9.8","61.3","12.9","32.5","11.9","28.8","11.2","41.1","(X)","43.0","(X)","38.7","(X)","61875","5155","61923","6210","-","**","-","**","63438","65430","-","**","36382","29961","-","**","60268","55249","61731","7237","92868","69594","74954","9061","59394","5726","31905","10481","62819","5996","63920","8549","58393","10648","71125","17003","37171","16134","51771","30651","59279","11125","66500","33186","38611","45141","93382","44723","58702","8654","57596","9580","75972","54469","(X)","(X)","(X)","(X)","(X)","(X)"
"1400000US36081009600","Census Tract 96, Queens County, New York","922","89","29.9","9.8","20.2","9.1","0.0","3.5","31.8","7.8","0.0","3.5","15.1","7.5","3.0","4.1","21.8","9.3","16.7","7.5","0.0","3.5","35.8","9.2","46.1","10.5","18.1","8.2","711","123","46.8","11.8","53.2","11.8","74.4","9.5","11.0","6.2","14.6","7.1","211","94","57.3","21.1","57.3","21.1","0.0","14.2","42.7","21.1","27.0","17.2","15.6","22.6","58.1","(X)","62.0","(X)","42.7","(X)","53286","13850","76591","29894","30806","17626","-","**","53393","15444","-","**","75221","31540","56591","24368","87159","32999","55313","55710","-","**","31855","52239","71397","22518","26250","19246","55625","19795","56989","37059","54286","38691","56307","25143","80242","20352","24375","5384","50559","51085","50186","64434","50186","64434","-","**","73846","105124","12625","47348","-","**","(X)","(X)","(X)","(X)","(X)","(X)"
"1400000US36081009700","Census Tract 97, Queens County, New York","1493","124","88.7","5.7","0.0","2.2","0.0","2.2","5.0","3.3","0.0","2.2","4.9","4.5","1.3","1.5","12.1","5.6","81.6","6.2","1.6","1.5","48.8","7.4","26.1","6.5","23.6","6.4","789","129","41.8","12.3","58.2","12.3","64.5","10.3","26.9","10.0","8.6","6.4","704","129","51.8","11.1","36.1","11.1","15.8","9.8","48.2","11.1","28.1","10.6","20.0","7.0","37.2","(X)","37.9","(X)","33.8","(X)","71103","12723","76004","11861","-","**","-","**","72083","44375","-","**","18375","68535","-","**","43571","23526","76856","9689","66111","30643","82262","36470","81106","23099","38958","18791","77813","24951","83750","56861","76125","20179","90694","32334","47143","27263","59286","72533","64451","17136","75515","29360","37105","32878","127750","18268","63050","14177","31354","46208","105234","46563","(X)","(X)","(X)","(X)","(X)","(X)"
"1400000US36081009800","Census Tract 98, Queens County, New York","670","71","9.0","5.2","21.8","9.3","1.9","3.4","31.2","9.1","0.0","4.7","29.1","10.4","7.0","6.7","6.7","4.2","4.0","3.3","0.0","4.7","31.5","10.2","57.5","10.1","11.0","5.2","623","70","43.5","10.7","56.5","10.7","67.6","11.7","18.0","8.9","14.4","8.8","47","43","48.9","51.1","48.9","51.1","0.0","43.3","51.1","51.1","51.1","51.1","0.0","43.3","52.5","(X)","53.3","(X)","19.1","(X)","65833","16366","103333","73326","112500","102582","-","**","64417","27638","-","**","56118","32089","46141","21531","140078","155238","69250","90803","-","**","45380","25404","98558","37379","42250","17540","68050","15264","37969","36464","70833","11488","72813","23720","55132","31447","69250","35576","46467","12843","-","**","-","**","-","**","63500","99560","63500","99560","-","**","(X)","(X)","(X)","(X)","(X)","(X)"
"1400000US36081009900","Census Tract 99, Queens County, New York","0","12","-","**","-","**","-","**","-","**","-","**","-","**","-","**","-","**","-","**","-","**","-","**","-","**","-","**","0","12","-","**","-","**","-","**","-","**","-","**","0","12","-","**","-","**","-","**","-","**","-","**","-","**","-","(X)","-","(X)","-","(X)","-","**","-","**","-","**","-","**","-","**","-","**","-","**","-","**","-","**","-","**","-","**","-","**","-","**","-","**","-","**","-","**","-","**","-","**","-","**","-","**","-","**","-","**","-","**","-","**","-","**","-","**","-","**","(X)","(X)","(X)","(X)","(X)","(X)"
"1400000US36081010000","Census Tract 100, Queens County, New York","953","96","21.3","10.9","18.0","8.0","0.0","3.3","22.4","7.9","0.0","3.3","31.6","10.6","6.7","5.7","16.2","8.1","15.9","9.3","0.0","3.3","44.1","10.1","45.5","10.0","10.4","6.9","822","112","53.8","15.2","46.2","15.2","73.6","11.4","6.9","5.0","19.5","11.1","131","75","45.0","31.0","45.0","31.0","0.0","21.7","55.0","31.0","19.8","21.6","35.1","31.9","56.7","(X)","64.4","(X)","0.0","(X)","80096","22207","81442","51512","55909","24882","-","**","65625","24971","-","**","91641","74332","158077","91996","90972","66503","80769","67294","-","**","90278","61163","83182","17479","40729","55826","67917","32407","61667","22829","85833","21046","83906","27240","21528","90716","61324","110033","52650","38714","54450","39969","54450","39969","-","**","26429","52200","-","**","-","**","(X)","(X)","(X)","(X)","(X)","(X)"
"1400000US36081010100","Census Tract 101, Queens County, New York","1065","83","86.0","6.8","0.0","3.0","0.0","3.0","10.6","5.9","0.0","3.0","3.4","3.3","0.0","3.0","18.1","7.7","71.3","9.1","5.3","4.5","48.3","8.3","24.5","8.2","22.0","6.2","555","97","30.1","11.7","69.9","11.7","73.2","9.7","16.8","7.8","10.1","7.2","510","91","57.6","12.7","31.6","11.0","26.1","12.2","42.4","12.7","24.9","10.6","17.5","9.8","35.1","(X)","40.4","(X)","29.4","(X)","54313","7489","54444","8280","-","**","-","**","58906","49062","-","**","41316","100924","-","**","81208","33812","52940","6119","33026","44132","62071","10468","66719","30173","25000","9300","54698","13964","93281","26992","50000","12674","67143","18056","46875","15878","50357","47645","53625","15789","53646","21166","26875","30768","70272","16517","53594","37975","26080","23874","62212","41013","(X)","(X)","(X)","(X)","(X)","(X)"
"1400000US36081010200","Census Tract 102, Queens County, New York","748","79","22.3","8.1","16.8","7.0","3.5","5.2","14.6","5.2","0.0","4.2","37.7","7.9","5.1","3.3","26.5","8.3","12.3","6.6","5.9","5.0","31.8","10.1","49.6","9.8","12.7","6.3","621","93","46.5","12.4","53.5","12.4","58.3","11.3","28.0","10.8","13.7","7.5","127","54","68.5","23.3","51.2","28.2","17.3","22.7","31.5","23.3","31.5","23.3","0.0","22.3","49.2","(X)","54.3","(X)","21.3","(X)","62105","7763","43125","34995","63864","39383","-","**","81625","73217","-","**","59375","12205","60000","14383","52813","21906","36190","20299","64265","21391","44722","21091","65234","16525","66250","17481","60855","6634","43882","14072","65476","16353","65588","8678","43952","6361","44375","82686","37218","31974","36573","31717","35685","4031","-","**","53750","19739","53750","19739","-","**","(X)","(X)","(X)","(X)","(X)","(X)"
"1400000US36081010300","Census Tract 103, Queens County, New York","1861","139","77.1","7.7","3.0","2.4","0.0","1.7","12.0","5.1","0.0","1.7","7.1","5.5","0.8","1.3","17.6","7.1","64.6","8.5","2.5","2.7","56.3","7.6","21.8","6.1","19.5","5.7","770","149","33.1","10.9","66.9","10.9","75.7","9.3","14.4","7.4","9.9","7.2","1091","140","48.3","11.1","37.9","10.8","10.4","6.0","51.7","11.1","42.0","10.7","9.7","5.6","35.2","(X)","34.5","(X)","35.0","(X)","51586","5710","51102","6712","76364","33437","-","**","57583","37361","-","**","87750","90325","-","**","52326","13504","51612","7329","4191","51907","55541","8304","67944","15230","21458","10561","50489","10435","60625","16130","39850","20771","49620","14908","47656","32978","68264","34106","51729","7545","34866","35630","32188","20279","59063","97195","59022","30317","51225","14714","88214","25414","(X)","(X)","(X)","(X)","(X)","(X)"
"1400000US36081010400","Census Tract 104, Queens County, New York","921","87","10.7","6.2","15.5","8.0","0.0","3.5","20.7","9.6","0.0","3.5","35.7","12.0","17.3","8.4","6.7","4.8","4.0","3.6","0.0","3.5","23.3","8.8","63.7","10.0","12.9","5.0","791","98","39.8","10.8","60.2","10.8","77.6","8.1","12.1","6.0","10.2","7.7","130","88","66.2","31.0","51.5","30.7","14.6","21.3","33.8","31.0","7.7","14.7","26.2","30.8","51.8","(X)","56.6","(X)","22.3","(X)","55375","22672","115313","82892","28393","20919","-","**","42431","80245","-","**","52188","66163","65893","16960","112500","134440","115313","90211","-","**","31932","14677","69485","19943","39464","36439","66637","18760","67107","19615","64583","33892","81000","25769","43250","32439","40208","45008","30221","26599","13816","20359","30037","42978","-","**","-","**","-","**","-","**","(X)","(X)","(X)","(X)","(X)","(X)"
"1400000US36081010500","Census Tract 105, Queens County, New York","1741","56","67.3","6.7","7.3","3.6","0.0","1.8","7.1","4.4","0.0","1.8","14.6","4.5","3.8","2.5","38.8","6.6","46.2","7.4","3.3","2.8","39.7","5.7","38.0","6.1","19.0","5.2","1020","123","50.4","8.5","49.6","8.5","53.2","10.4","36.1","9.7","10.7","7.0","721","123","51.7","10.3","51.7","10.3","0.0","4.4","48.3","10.3","24.3","9.3","24.0","9.3","28.4","(X)","26.0","(X)","28.3","(X)","48438","6627","45151","16168","61597","55794","-","**","146650","79317","-","**","47500","15725","86875","50995","49773","24517","30365","23729","20774","28042","81333","24021","46422","12748","18594","6891","57857","16453","50595","20605","60667","20071","85898","35060","43106","17168","61250","65088","27017","10035","12250","4990","12250","4990","-","**","88333","52572","53098","34840","127572","59089","(X)","(X)","(X)","(X)","(X)","(X)"
"1400000US36081010600","Census Tract 106, Queens County, New York","844","72","11.6","6.0","14.8","7.6","0.0","3.8","35.7","8.1","0.0","3.8","34.5","10.6","3.4","2.4","14.9","8.5","4.7","3.2","4.7","4.9","37.6","8.0","47.9","8.9","9.8","5.8","689","91","38.9","11.9","61.1","11.9","76.6","8.5","16.5","8.3","6.8","3.8","155","76","31.6","26.8","31.6","26.8","0.0","18.8","68.4","26.8","21.9","19.1","46.5","27.4","44.9","(X)","49.3","(X)","25.2","(X)","56284","13915","102639","30140","71012","24661","-","**","50655","26830","-","**","48719","49089","51563","47025","103750","111821","78125","19945","157727","163562","51131","35079","56014","14357","70042","40044","62411","18602","61964","38094","65568","24567","63000","25751","65909","46139","26563","106809","36691","27130","28523","43368","28523","43368","-","**","51190","33877","51071","15189","90500","130255","(X)","(X)","(X)","(X)","(X)","(X)"
"1400000US36081010701","Census Tract 107.01, Queens County, New York","0","12","-","**","-","**","-","**","-","**","-","**","-","**","-","**","-","**","-","**","-","**","-","**","-","**","-","**","0","12","-","**","-","**","-","**","-","**","-","**","0","12","-","**","-","**","-","**","-","**","-","**","-","**","-","(X)","-","(X)","-","(X)","-","**","-","**","-","**","-","**","-","**","-","**","-","**","-","**","-","**","-","**","-","**","-","**","-","**","-","**","-","**","-","**","-","**","-","**","-","**","-","**","-","**","-","**","-","**","-","**","-","**","-","**","-","**","(X)","(X)","(X)","(X)","(X)","(X)"
"1400000US36081010800","Census Tract 108, Queens County, New York","832","67","24.6","7.8","3.2","3.1","0.8","1.3","31.0","9.7","0.0","3.8","37.4","9.1","2.9","2.0","21.8","7.8","11.7","6.5","2.9","3.1","27.4","8.9","56.5","10.3","13.2","6.9","756","78","41.4","9.9","58.6","9.9","62.3","9.6","22.9","8.3","14.8","8.5","76","53","80.3","23.9","80.3","23.9","0.0","33.2","19.7","23.9","19.7","23.9","0.0","33.2","53.2","(X)","52.4","(X)","44.7","(X)","58021","10741","56850","7775","33542","101134","-","**","52000","33547","-","**","66875","29597","81250","79032","68125","29658","55050","12352","-","**","51071","22399","67857","22756","42404","85587","58929","11476","54120","21822","59777","9455","77188","25049","40066","10007","58846","15040","11944","44211","11528","78722","11528","78722","-","**","15750","15138","15750","15138","-","**","(X)","(X)","(X)","(X)","(X)","(X)"
"1400000US36081011000","Census Tract 110, Queens County, New York","792","74","20.6","7.5","13.8","7.4","0.0","4.0","38.5","10.0","1.4","1.7","20.3","9.1","5.4","3.8","23.4","6.1","9.7","6.8","1.6","2.1","47.3","9.5","40.3","10.0","10.7","4.8","744","83","60.3","9.6","39.7","9.6","76.3","7.2","17.9","6.5","5.8","4.5","48","33","60.4","33.4","47.9","33.6","12.5","17.2","39.6","33.4","27.1","26.4","12.5","16.9","48.9","(X)","50.5","(X)","0.0","(X)","48723","2749","32014","29250","48266","11235","-","**","48885","29304","-","**","73542","29655","21458","4340","37292","42387","47933","16777","-","**","48184","14801","50417","26212","45250","29859","48509","5362","49087","9113","48024","11965","47982","7336","50542","12540","70917","52140","23750","9298","25729","17155","25104","27634","-","**","21406","44908","-","**","-","**","(X)","(X)","(X)","(X)","(X)","(X)"
"1400000US36081011100","Census Tract 111, Queens County, New York","1183","108","84.2","7.8","0.7","1.2","0.0","2.7","4.1","2.9","0.0","2.7","4.3","5.0","6.7","4.7","17.0","4.9","71.5","7.3","2.0","1.8","49.7","8.5","28.7","7.2","19.5","5.8","649","119","40.8","12.2","59.2","12.2","85.8","7.1","11.9","6.9","2.3","2.4","534","122","59.2","14.9","31.8","12.4","27.3","13.4","40.8","14.9","21.5","11.2","19.3","11.6","33.0","(X)","39.6","(X)","24.9","(X)","75375","20725","67368","22407","-","**","-","**","69125","190862","-","**","108679","7058","101607","86067","87917","51556","68333","27248","14063","33698","94500","15141","74091","27277","33229","17037","89861","15480","93005","38821","87250","23797","92739","11316","69125","89436","-","**","58594","18579","46429","27453","40000","25442","109214","25956","63438","25864","58320","14185","128194","93853","(X)","(X)","(X)","(X)","(X)","(X)"
"1400000US36081011200","Census Tract 112, Queens County, New York","654","65","32.7","7.6","0.9","1.5","0.0","4.8","51.2","9.1","0.0","4.8","10.4","6.2","4.7","4.5","14.4","7.3","27.2","6.9","6.1","6.0","31.3","10.7","42.2","10.1","20.3","8.6","544","72","53.9","12.3","46.1","12.3","64.7","11.6","23.3","10.1","11.9","7.7","110","50","80.0","18.5","80.0","18.5","0.0","25.2","20.0","18.5","5.5","8.1","14.5","18.2","65.7","(X)","74.8","(X)","20.9","(X)","50521","9019","41071","26480","-","**","-","**","51632","22116","-","**","45385","5084","76827","306868","46923","72610","35417","33219","95119","105799","62813","42015","52134","4713","26250","18604","54048","10797","51597","32248","54821","8409","54286","12779","50521","23157","95060","85008","16944","8477","14677","2747","14677","2747","-","**","41042","41201","-","**","-","**","(X)","(X)","(X)","(X)","(X)","(X)"
"1400000US36081011300","Census Tract 113, Queens County, New York","1835","112","77.8","5.4","1.0","1.3","0.0","1.8","13.9","4.4","0.0","1.8","5.7","4.0","1.6","1.9","20.2","5.8","64.4","6.4","2.8","2.9","49.3","7.4","31.5","7.3","16.5","5.7","901","160","41.1","9.4","58.9","9.4","62.3","10.8","27.4","8.5","10.3","7.8","934","147","55.8","10.9","48.4","10.8","7.4","5.4","44.2","10.9","18.4","7.9","25.8","8.7","36.5","(X)","36.5","(X)","34.7","(X)","58201","6942","58819","5293","-","**","-","**","46806","94114","-","**","50100","52831","-","**","46250","22683","60069","4641","2,500-","***","65132","10384","60833","24420","36389","28389","57820","8901","49265","24721","58674","13297","58444","13389","57765","19832","21806","104179","52415","9076","46513","12679","40903","16439","92989","2879","64408","17870","54167","8508","102721","35581","(X)","(X)","(X)","(X)","(X)","(X)"
"1400000US36081011400","Census Tract 114, Queens County, New York","316","78","54.7","16.7","10.8","12.4","0.0","9.8","2.5","4.2","0.0","9.8","24.4","15.5","7.6","5.7","63.6","17.3","18.7","13.2","2.8","4.8","30.1","16.0","54.7","18.4","12.3","10.2","212","76","55.7","21.8","44.3","21.8","59.9","20.4","37.3","20.7","2.8","5.5","104","64","24.0","31.7","24.0","31.7","0.0","26.3","76.0","31.7","62.5","33.8","13.5","22.8","50.6","(X)","57.1","(X)","37.5","(X)","44464","32863","74554","52769","-","**","-","**","-","**","-","**","27279","30874","36000","15109","41989","28222","72768","108901","-","**","36534","10489","73661","20663","24018","128711","66250","42875","36932","14256","79189","40187","77939","12950","35170","39083","-","**","40795","30304","-","**","-","**","-","**","26691","25655","40170","27906","-","**","(X)","(X)","(X)","(X)","(X)","(X)"
"1400000US36081011500","Census Tract 115, Queens County, New York","1063","97","76.1","7.5","0.0","3.0","0.0","3.0","14.1","5.5","0.0","3.0","7.8","4.5","2.0","3.0","18.5","8.2","64.6","9.0","3.0","3.0","51.0","8.7","36.2","8.7","9.8","4.6","545","99","24.0","12.3","76.0","12.3","68.8","13.1","23.3","12.3","7.9","6.3","518","96","45.0","11.9","27.6","9.7","17.4","9.3","55.0","11.9","34.4","12.5","20.7","11.8","32.0","(X)","36.1","(X)","27.6","(X)","51518","9354","49850","6288","-","**","-","**","57647","27269","-","**","60580","89495","-","**","39107","38420","52688","10123","27222","61825","61646","15322","51016","18907","24342","8201","57563","15328","51250","63909","60357","12808","61027","8340","27865","46903","98047","141766","48100","6241","42969","16390","14922","14618","52059","32745","49650","23535","45645","6722","133563","66084","(X)","(X)","(X)","(X)","(X)","(X)"
"1400000US36081011600","Census Tract 116, Queens County, New York","643","58","31.9","7.9","4.4","3.5","0.0","4.9","30.0","10.2","0.0","4.9","20.4","9.0","13.4","12.5","27.7","10.3","22.1","6.4","2.3","2.2","45.7","10.0","30.6","9.4","21.3","5.2","532","64","60.3","9.6","39.7","9.6","74.4","11.1","17.3","8.1","8.3","6.7","111","46","44.1","28.1","34.2","23.0","9.9","15.7","55.9","28.1","51.4","29.7","4.5","8.2","67.2","(X)","71.2","(X)","47.7","(X)","50987","11219","42938","25308","50625","75848","-","**","44750","26550","-","**","56188","34458","-","**","44432","13685","44500","36232","26458","151389","55872","13145","51513","6471","42557","53843","55565","7105","55606","10423","55268","16991","56435","2215","43068","22942","41250","8965","19816","2627","19450","1620","18900","1221","-","**","36071","38722","35179","41450","-","**","(X)","(X)","(X)","(X)","(X)","(X)"
"1400000US36081011700","Census Tract 117, Queens County, New York","1601","125","86.6","5.6","1.7","1.8","0.0","2.0","11.1","5.3","0.0","2.0","0.6","1.0","0.0","2.0","8.2","4.6","78.4","6.2","6.7","4.4","55.0","8.1","21.1","7.2","17.1","5.6","741","122","23.2","13.2","76.8","13.2","69.2","12.4","25.5","12.2","5.3","4.4","860","141","51.3","11.9","27.3","10.1","24.0","9.3","48.7","11.9","35.2","11.4","13.5","7.1","25.9","(X)","29.4","(X)","22.9","(X)","66806","12943","68226","12290","-","**","-","**","54688","51443","-","**","-","**","-","**","55905","20532","70078","15723","68068","50315","70583","17755","89706","19172","38125","12629","71917","29766","60341","68022","94904","34567","73125","28589","32396","241788","93173","54755","60862","12506","60707","10905","53237","5480","69886","68102","61458","26777","47171","49869","71944","31582","(X)","(X)","(X)","(X)","(X)","(X)"
"1400000US36081011800","Census Tract 118, Queens County, New York","713","53","27.6","8.9","7.4","6.5","0.0","4.5","35.1","9.8","0.0","4.5","26.2","8.9","3.6","2.7","22.7","7.5","19.5","7.7","10.1","6.8","30.2","10.8","53.6","11.7","6.2","3.9","556","87","39.4","11.5","60.6","11.5","60.3","11.2","16.7","8.4","23.0","10.7","157","77","29.9","21.2","19.7","18.6","10.2","12.8","70.1","21.2","43.9","24.3","26.1","22.1","36.5","(X)","41.9","(X)","17.2","(X)","52135","12343","42375","44393","72961","72442","-","**","49405","15806","-","**","53646","15294","68750","53131","42031","25248","42125","57435","72672","22371","41989","17942","53125","15002","61000","107768","41397","15382","36813","8574","52625","32366","73438","59598","31607","15739","31739","21788","48631","11795","14583","54277","41625","30293","-","**","52500","31993","48988","30505","57361","67563","(X)","(X)","(X)","(X)","(X)","(X)"
"1400000US36081011900","Census Tract 119, Queens County, New York","712","64","74.6","7.6","0.7","1.2","0.0","4.5","10.3","4.8","0.0","4.5","12.2","5.8","2.2","3.4","21.8","7.8","67.3","8.2","1.8","2.1","48.0","8.5","33.0","9.0","17.1","6.3","356","81","26.1","11.7","73.9","11.7","64.6","12.0","20.2","8.1","15.2","11.2","356","72","52.8","12.8","43.3","13.0","9.6","7.5","47.2","12.8","22.8","11.6","24.4","10.8","42.7","(X)","48.3","(X)","33.1","(X)","49375","6278","52188","6949","-","**","-","**","38224","9437","-","**","19375","20175","-","**","42054","14947","56008","5924","61875","38176","55526","18451","49798","4391","29405","28212","43750","6746","39938","23715","47621","10121","44783","19126","36250","19510","31250","31082","52262","8185","19583","12344","14833","9248","83750","31068","66364","26150","65795","28677","80893","65855","(X)","(X)","(X)","(X)","(X)","(X)"
"1400000US36081012000","Census Tract 120, Queens County, New York","656","46","23.9","8.3","7.9","7.0","0.0","4.8","46.3","11.2","0.0","4.8","18.9","10.7","2.9","3.3","26.8","8.2","10.5","5.8","6.7","5.2","34.0","10.6","46.6","11.3","12.7","6.7","555","64","42.9","11.5","57.1","11.5","61.4","9.5","17.5","7.9","21.1","10.0","101","55","60.4","28.5","48.5","31.3","11.9","18.2","39.6","28.5","10.9","13.4","28.7","27.9","41.8","(X)","40.2","(X)","50.5","(X)","65000","18301","43424","18491","50000","188651","-","**","69219","6452","-","**","56196","57030","-","**","33500","36100","63281","117092","71818","115385","66023","21445","70227","45867","43036","29244","64236","15703","36250","9248","85259","30104","69594","8391","18011","7805","64625","52648","59688","43111","43967","14984","43315","28020","-","**","151324","80962","-","**","-","**","(X)","(X)","(X)","(X)","(X)","(X)"
"1400000US36081012100","Census Tract 121, Queens County, New York","883","72","82.3","7.5","2.8","3.5","0.0","3.6","5.5","3.7","0.0","3.6","9.3","6.1","0.0","3.6","25.6","9.5","66.0","9.8","4.6","4.9","51.4","8.2","28.9","6.1","15.1","6.5","449","99","42.8","14.9","57.2","14.9","85.1","8.2","11.6","6.8","3.3","5.0","434","101","57.1","16.1","46.1","15.0","11.1","8.0","42.9","16.1","25.8","16.6","17.1","13.3","33.2","(X)","38.1","(X)","28.1","(X)","60486","19055","64102","14894","-","**","-","**","26458","38188","-","**","24667","80783","-","**","80938","24921","55536","14151","50365","56698","53875","30548","76875","22623","51875","46867","90375","17042","82000","7213","94766","26114","91029","20462","90962","56166","-","**","35500","23750","24286","11575","23304","8669","50000","33264","55714","21672","54063","27793","82500","99155","(X)","(X)","(X)","(X)","(X)","(X)"
"1400000US36081012200","Census Tract 122, Queens County, New York","825","83","30.9","8.1","6.7","3.8","0.0","3.9","39.4","10.3","0.0","3.9","14.5","6.9","8.5","4.9","27.2","8.5","15.6","6.6","5.1","4.8","41.5","9.0","43.2","8.6","10.3","4.5","725","88","48.0","9.0","52.0","9.0","72.1","9.8","23.4","8.7","4.4","3.2","100","45","70.0","22.2","38.0","26.1","32.0","24.3","30.0","22.2","13.0","14.0","17.0","20.4","49.0","(X)","45.5","(X)","68.0","(X)","48963","10051","45956","15513","64583","26680","-","**","44225","18346","-","**","61364","40065","51500","28280","42083","12234","75592","27067","38750","24062","57083","34917","51500","9287","36094","50656","48299","8776","38056","22007","61691","11450","50125","15400","17750","35551","56250","37062","49091","60360","44423","10299","35625","16337","103636","57917","91471","41286","-","**","-","**","(X)","(X)","(X)","(X)","(X)","(X)"
"1400000US36081012301","Census Tract 123.01, Queens County, New York","1146","118","93.4","5.6","0.8","1.2","0.0","2.8","5.8","5.6","0.0","2.8","0.0","2.8","0.0","2.8","4.8","3.4","89.4","6.5","2.3","1.9","46.2","9.9","32.6","9.6","18.9","6.1","576","120","24.5","11.8","75.5","11.8","71.7","11.0","18.2","8.5","10.1","8.3","570","112","57.4","13.4","40.0","13.2","17.4","11.5","42.6","13.4","28.8","12.9","13.9","11.3","29.1","(X)","24.7","(X)","32.3","(X)","63611","16305","62870","16698","-","**","-","**","68750","165937","-","**","-","**","-","**","95417","118233","63148","19753","43750","22729","71250","20267","54063","65254","29375","21403","84500","25114","117434","61306","77688","16156","96250","23418","66458","13591","98203","26573","49919","8172","47863","13285","26512","27839","70329","37165","53589","63969","45556","25149","153287","36096","(X)","(X)","(X)","(X)","(X)","(X)"
"1400000US36081012400","Census Tract 124, Queens County, New York","843","68","40.0","9.0","5.8","3.9","4.9","7.0","25.4","6.0","0.0","3.8","19.9","7.4","4.0","3.0","41.3","7.4","15.3","5.4","1.7","2.1","45.4","9.1","37.1","9.3","15.8","6.8","635","87","67.9","10.2","32.1","10.2","58.6","11.1","32.6","11.4","8.8","6.9","208","65","27.9","16.4","20.7","15.1","7.2","8.6","72.1","16.4","54.3","20.9","17.8","15.7","41.3","(X)","43.1","(X)","35.6","(X)","46976","18872","47067","20747","35179","33487","-","**","53438","18608","-","**","68672","20399","55556","19479","45288","15681","97375","24296","-","**","43726","13833","62969","14716","34120","22920","44886","15202","34464","7402","69643","38043","65093","10791","24821","25998","33241","8106","62813","21774","26786","52152","26607","89260","-","**","64688","13672","63906","33546","250,000+","***","(X)","(X)","(X)","(X)","(X)","(X)"
"1400000US36081012500","Census Tract 125, Queens County, New York","708","64","72.3","10.7","1.1","1.3","1.1","1.7","8.6","5.7","0.0","4.5","11.2","6.9","5.6","5.1","33.8","8.1","50.8","9.1","5.9","4.1","51.4","8.0","22.0","6.6","20.6","6.2","431","72","28.3","8.8","71.7","8.8","71.9","12.4","10.2","6.8","17.9","12.0","277","67","72.6","14.0","41.2","14.2","31.4","14.8","27.4","14.0","15.2","11.0","12.3","9.3","34.5","(X)","37.6","(X)","22.0","(X)","56736","10654","56923","15123","-","**","-","**","51648","14225","-","**","56141","19366","88333","62874","56354","13882","60500","24956","85536","44767","70294","25348","54167","14692","35652","7881","56685","10375","52222","22400","56793","15218","60729","14692","106563","41784","49185","8631","55865","22567","60313","29648","50096","2096","85804","21870","55769","61460","17000","6834","91111","41600","(X)","(X)","(X)","(X)","(X)","(X)"
"1400000US36081012601","Census Tract 126.01, Queens County, New York","769","48","31.9","9.4","9.1","5.1","0.0","4.1","19.5","8.7","0.0","4.1","28.5","10.2","11.1","7.9","57.6","8.8","8.2","5.3","4.4","3.6","49.5","11.4","37.7","11.5","8.3","3.8","659","66","65.7","10.5","34.3","10.5","76.0","8.8","15.0","7.3","9.0","5.8","110","55","18.2","13.9","18.2","13.9","0.0","25.2","81.8","13.9","45.5","28.0","36.4","31.8","54.9","(X)","52.7","(X)","60.9","(X)","58559","4581","57958","9648","71250","47920","-","**","43929","21408","-","**","59315","15619","34375","163220","59740","17745","29375","24664","14318","57141","57443","4941","64732","11673","76250","61425","59115","5962","58367","3326","64474","28972","59975","10838","59271","86144","14205","25206","29355","13657","64000","47012","64000","47012","-","**","29113","11960","17500","42640","-","**","(X)","(X)","(X)","(X)","(X)","(X)"
"1400000US36081012602","Census Tract 126.02, Queens County, New York","772","52","40.3","9.5","11.0","7.0","0.0","4.1","15.4","6.9","0.0","4.1","29.9","9.5","3.4","2.5","48.8","9.4","16.1","5.8","0.6","1.0","35.9","9.7","42.7","9.4","20.7","8.0","602","72","48.7","13.1","51.3","13.1","67.9","11.0","17.3","8.9","14.8","9.0","170","61","38.8","21.7","31.8","20.5","7.1","10.6","61.2","21.7","58.2","22.2","2.9","5.0","43.9","(X)","42.0","(X)","42.4","(X)","59231","7287","57083","17842","80074","46042","-","**","56250","47522","-","**","70240","26085","34167","22773","61250","11172","55833","10714","-","**","56250","28711","64688","26303","56389","21069","61591","12123","64471","33006","58750","11676","70709","12744","19583","19402","62540","55834","56190","4099","31833","36346","30833","16310","-","**","58000","8710","57750","3879","-","**","(X)","(X)","(X)","(X)","(X)","(X)"
"1400000US36081012800","Census Tract 128, Queens County, New York","654","80","52.0","12.1","5.4","6.0","0.0","4.8","12.1","7.8","0.0","4.8","26.0","8.6","4.6","3.5","51.7","12.8","32.9","10.3","5.8","5.8","32.1","13.0","46.3","12.2","15.7","7.9","496","90","45.0","15.1","55.0","15.1","74.6","10.2","25.4","10.2","0.0","6.3","158","68","33.5","25.7","33.5","25.7","0.0","18.5","66.5","25.7","56.3","25.7","10.1","12.4","39.9","(X)","42.9","(X)","24.1","(X)","61875","16486","57407","15957","-","**","-","**","52639","59445","-","**","44712","75940","187273","53785","56852","41035","63910","5780","24479","11111","77885","37289","64122","29691","55324","24577","64390","24003","78259","41973","63567","18277","66250","28239","43846","43650","-","**","52292","26361","55417","63052","55417","63052","-","**","51354","39502","50729","39938","-","**","(X)","(X)","(X)","(X)","(X)","(X)"
"1400000US36081013000","Census Tract 130, Queens County, New York","526","55","65.4","14.0","10.3","7.7","0.0","6.0","14.6","11.6","0.0","6.0","9.7","8.1","0.0","6.0","27.9","13.6","45.1","12.1","6.8","8.5","44.9","10.8","37.8","11.6","10.5","6.3","410","66","58.8","14.4","41.2","14.4","75.9","12.6","10.7","8.5","13.4","10.7","116","51","50.9","21.9","32.8","20.3","18.1","18.2","49.1","21.9","44.0","20.5","5.2","7.9","51.7","(X)","54.4","(X)","42.2","(X)","62321","20232","66250","58603","86250","103410","-","**","48194","45006","-","**","67734","84608","-","**","65703","62422","64911","70933","-","**","54167","71014","92188","42322","63438","19117","68438","57508","43906","57897","107888","50435","67422","34698","61250","119213","108405","122289","33333","29643","51058","22079","42500","36335","95313","27086","20592","16689","20288","22765","-","**","(X)","(X)","(X)","(X)","(X)","(X)"
"1400000US36081013200","Census Tract 132, Queens County, New York","578","65","56.4","11.5","12.8","8.1","0.0","5.5","10.7","9.2","0.0","5.5","16.6","11.0","3.5","3.0","35.3","11.2","42.2","10.2","6.6","5.4","42.9","11.9","36.2","12.2","14.4","9.7","380","89","56.3","16.4","43.7","16.4","69.2","16.8","17.1","10.9","13.7","16.9","198","79","52.0","22.6","44.4","23.0","7.6","12.0","48.0","22.6","16.7","12.9","31.3","19.7","37.7","(X)","36.1","(X)","40.9","(X)","75469","21667","82321","24227","58906","53463","-","**","44167","81171","-","**","61786","103186","85833","34664","80417","57722","82143","24754","60536","34036","83462","12322","69250","39831","6307","92842","77813","16347","79375","16700","76719","44341","98958","26879","74750","85644","-","**","57813","35803","7443","47160","6591","19324","-","**","82188","35651","53875","26746","92083","61334","(X)","(X)","(X)","(X)","(X)","(X)"
"1400000US36081013400","Census Tract 134, Queens County, New York","2651","159","67.7","7.9","10.2","5.1","0.6","0.9","11.9","5.1","0.0","1.2","8.0","4.1","1.6","1.5","19.7","4.5","58.4","7.7","2.8","1.7","41.2","6.6","34.2","6.7","21.8","5.6","1252","231","35.5","9.8","64.5","9.8","68.1","9.9","19.0","7.9","12.9","6.4","1399","254","63.2","9.8","56.3","10.7","6.9","4.8","36.8","9.8","28.4","9.6","8.4","5.7","39.8","(X)","43.8","(X)","36.1","(X)","59596","7678","58457","7201","86818","21397","-","**","24781","47486","-","**","70391","42117","40962","66502","64453","13780","57050","7526","24667","289766","75481","25447","62201","17385","39181","13647","56750","16677","45714","21118","80250","40408","69821","49239","38636","38686","63929","42838","58005","9357","54063","21083","53795","20628","83571","77004","59122","7044","57633","10417","82031","112022","(X)","(X)","(X)","(X)","(X)","(X)"
"1400000US36081013500","Census Tract 135, Queens County, New York","664","61","88.9","6.1","0.0","4.8","0.0","4.8","5.4","4.0","0.0","4.8","4.2","4.2","1.5","2.6","8.3","4.7","83.7","6.5","0.0","4.8","28.9","11.5","41.3","11.2","29.8","11.4","481","81","43.7","14.1","56.3","14.1","68.0","11.7","22.2","11.6","9.8","7.2","183","83","69.4","21.8","63.4","21.6","6.0","8.3","30.6","21.8","23.5","18.3","7.1","7.5","28.3","(X)","25.6","(X)","35.5","(X)","57121","19742","57121","24880","-","**","-","**","86250","36394","-","**","39833","62772","-","**","39943","22137","57348","31941","-","**","100417","35534","64063","22155","34015","6686","85329","42813","102574","29418","65104","30541","103199","12847","38917","13739","51641","28732","33009","18329","25795","15897","19762","17222","-","**","69643","103785","34886","156750","-","**","(X)","(X)","(X)","(X)","(X)","(X)"
"1400000US36081013600","Census Tract 136, Queens County, New York","872","57","65.4","10.6","8.9","5.8","0.0","3.7","6.7","3.5","0.0","3.7","17.8","10.4","1.3","1.3","33.0","11.5","50.6","11.0","2.6","2.8","37.0","8.5","31.5","9.0","28.8","8.2","497","99","33.0","12.8","67.0","12.8","78.5","10.5","15.1","9.0","6.4","6.2","375","95","66.7","14.7","56.8","13.8","9.9","9.9","33.3","14.7","28.5","13.9","4.8","4.5","34.3","(X)","32.0","(X)","37.3","(X)","52885","16836","64861","13725","60500","23823","-","**","69444","126437","-","**","31017","4984","-","**","31567","6216","67969","19990","47788","43629","66815","24230","64125","16341","31782","13309","68380","14731","64375","26817","71607","22504","69259","38315","77596","55837","65417","69723","45260","33386","51600","23930","50050","20368","138221","41974","23250","7411","19583","7445","28214","15059","(X)","(X)","(X)","(X)","(X)","(X)"
"1400000US36081013700","Census Tract 137, Queens County, New York","730","62","90.1","6.4","0.0","4.4","0.0","4.4","5.9","4.7","0.0","4.4","3.4","4.7","0.5","1.1","17.5","8.8","76.0","9.1","3.3","3.5","51.1","9.7","30.0","8.4","15.6","8.2","428","76","50.7","12.4","49.3","12.4","71.7","13.0","15.4","9.4","12.9","11.9","302","76","49.0","16.8","32.8","14.8","16.2","12.0","51.0","16.8","41.7","17.5","9.3","8.1","26.8","(X)","30.4","(X)","21.9","(X)","54194","14144","53145","9571","-","**","-","**","115809","4673","-","**","-","**","-","**","54500","91116","52153","8344","44318","110732","78438","36171","53304","20733","23125","21963","52500","18425","69279","48902","46750","14040","67933","25967","50313","68906","17022","10903","54500","20184","54750","31701","48807","12884","115060","59596","54250","24053","53500","21325","105833","84877","(X)","(X)","(X)","(X)","(X)","(X)"
"1400000US36081013800","Census Tract 138, Queens County, New York","1372","83","62.8","6.0","8.2","4.5","0.0","2.3","16.3","4.5","0.0","2.3","10.9","6.4","1.8","2.1","27.7","5.9","45.8","5.9","0.0","2.3","39.1","7.1","43.8","7.1","17.1","7.1","883","115","44.1","8.8","55.9","8.8","74.6","9.4","12.6","6.7","12.8","7.9","489","108","53.4","11.0","45.2","12.2","8.2","6.9","46.6","11.0","42.3","10.7","4.3","3.9","41.0","(X)","43.7","(X)","36.2","(X)","53547","9985","56406","22518","42941","21063","-","**","51406","24497","-","**","62927","33467","-","**","44196","22024","70385","23148","-","**","70337","14508","50243","13764","37206","23397","64604","19863","75547","2846","44697","15100","64848","19680","43964","6456","74676","2513","39469","10484","46806","26156","37009","18633","116786","59151","38563","4032","38281","2685","46607","235724","(X)","(X)","(X)","(X)","(X)","(X)"
"1400000US36081014000","Census Tract 140, Queens County, New York","1430","103","62.2","8.4","6.8","5.4","0.0","2.2","17.8","7.3","0.0","2.2","12.7","7.1","0.6","1.0","23.6","9.3","51.9","8.6","5.4","4.9","44.6","8.4","33.9","8.2","16.1","5.4","902","142","43.5","11.8","56.5","11.8","81.7","9.0","13.0","7.4","5.3","6.1","528","130","58.1","16.3","56.3","15.8","1.9","3.0","41.9","16.3","36.9","16.5","4.9","5.6","45.7","(X)","51.9","(X)","35.2","(X)","67606","9835","67813","19059","47188","35756","-","**","77500","28893","-","**","65061","51941","-","**","65701","31268","66250","22023","90038","167842","73542","15347","65697","17421","52045","27827","71382","11972","71053","23977","71711","19367","71173","10476","68438","60095","250,000+","***","47159","23543","41902","13614","41359","11572","-","**","67989","36504","47415","46032","-","**","(X)","(X)","(X)","(X)","(X)","(X)"
"1400000US36081014100","Census Tract 141, Queens County, New York","725","38","88.1","5.6","4.1","3.7","0.0","4.4","5.2","3.6","0.0","4.4","2.5","2.8","0.0","4.4","21.7","8.0","71.0","8.1","6.3","4.8","47.7","9.2","38.9","7.5","7.0","4.1","348","73","43.7","13.6","56.3","13.6","74.4","11.2","17.2","10.1","8.3","6.1","377","68","24.7","9.5","13.8","8.2","10.9","6.3","75.3","9.5","40.8","13.1","34.5","11.1","45.7","(X)","52.3","(X)","38.5","(X)","59583","14981","63821","11318","47273","44632","-","**","38409","9745","-","**","-","**","-","**","46477","8583","67995","5992","80703","7332","63600","13845","50972","13815","28542","48713","63857","9439","51750","20068","69000","8433","64607","9361","35000","25592","71125","121791","48906","15679","35250","17947","16250","15614","45893","39412","51563","24076","46250","6671","80078","23771","(X)","(X)","(X)","(X)","(X)","(X)"
"1400000US36081014201","Census Tract 142.01, Queens County, New York","1174","96","23.8","6.7","11.1","4.8","6.3","5.3","36.5","8.6","0.0","2.7","20.4","7.8","2.0","1.9","36.8","9.0","3.0","3.1","2.9","2.6","38.4","7.3","50.3","7.5","8.4","4.5","1012","116","45.3","9.3","54.7","9.3","63.3","9.6","21.3","7.9","15.3","6.7","162","75","64.2","21.7","44.4","23.3","19.8","21.0","35.8","21.7","35.8","21.7","0.0","18.1","54.4","(X)","53.3","(X)","32.7","(X)","56522","9941","65881","17771","70588","23904","-","**","43824","20918","-","**","57462","48294","76250","72480","76563","27426","35521","45477","13214","31749","61193","14398","60714","20826","42656","19152","52955","19344","43529","10307","59063","31627","55788","21738","45556","24526","65583","96370","53088","20684","54559","11645","53382","14223","-","**","33000","37210","33000","37210","-","**","(X)","(X)","(X)","(X)","(X)","(X)"
"1400000US36081014202","Census Tract 142.02, Queens County, New York","569","59","33.2","9.7","5.1","4.2","1.4","2.3","40.6","10.7","0.0","5.5","18.8","8.9","0.9","1.3","42.9","11.8","8.8","5.2","1.6","2.8","46.6","11.3","36.0","12.2","15.8","7.1","447","68","54.8","12.1","45.2","12.1","77.6","11.7","12.5","8.7","9.8","8.7","122","56","43.4","22.3","43.4","22.3","0.0","23.1","56.6","22.3","44.3","25.3","12.3","15.4","61.7","(X)","67.1","(X)","41.8","(X)","62750","19686","73603","28176","113906","85727","-","**","60568","33667","-","**","27404","85792","-","**","64667","28855","61875","84912","-","**","81691","12514","67625","25822","37750","41102","63250","18620","69625","18011","52115","25468","69125","19214","60625","91245","50625","57883","50500","78893","13194","7024","13194","7024","-","**","85852","37172","68750","73161","-","**","(X)","(X)","(X)","(X)","(X)","(X)"
"1400000US36081014300","Census Tract 143, Queens County, New York","1659","92","79.1","5.1","2.5","1.8","0.0","1.9","10.3","3.6","0.0","1.9","6.8","3.4","1.4","1.4","27.2","6.3","59.4","6.7","3.3","1.9","45.8","7.5","32.6","5.4","18.4","6.2","780","129","40.6","10.0","59.4","10.0","64.6","11.1","22.3","9.1","13.1","6.2","879","130","46.3","10.6","28.2","9.6","18.1","7.6","53.7","10.6","30.7","8.5","23.0","9.4","42.9","(X)","40.4","(X)","42.5","(X)","54886","4291","52716","7868","70729","25900","-","**","63631","12289","-","**","62604","19565","-","**","39031","8822","55641","5362","25769","28828","71006","10914","50972","13052","27031","5678","56774","6940","53456","30565","58527","6817","65481","20268","28056","32193","58250","14065","52536","8751","46042","20041","30769","10734","65150","17527","54444","11816","42750","21446","75938","24965","(X)","(X)","(X)","(X)","(X)","(X)"
"1400000US36081014400","Census Tract 144, Queens County, New York","571","55","18.9","7.1","8.1","5.4","2.3","3.0","36.3","11.2","0.0","5.5","33.3","12.7","1.2","2.2","40.1","10.4","4.7","3.6","3.5","4.4","34.7","10.8","50.1","13.7","11.7","5.7","456","73","47.6","12.7","52.4","12.7","78.9","11.6","17.1","11.1","3.9","4.1","115","62","16.5","20.4","16.5","20.4","0.0","24.3","83.5","20.4","62.6","27.5","20.9","24.7","52.7","(X)","55.0","(X)","43.5","(X)","54063","14761","30536","11599","40000","18582","-","**","61217","11816","-","**","55500","50549","-","**","35434","5217","12292","52542","-","**","63571","29820","53625","16967","36188","80140","60526","9108","55750","22049","61678","18132","62857","29393","36333","25782","-","**","24188","13892","-","**","-","**","-","**","24750","19761","34375","25525","-","**","(X)","(X)","(X)","(X)","(X)","(X)"
"1400000US36081014500","Census Tract 145, Queens County, New York","850","88","84.7","8.0","8.2","6.8","0.0","3.7","5.5","4.3","0.0","3.7","1.5","1.9","0.0","3.7","8.8","5.0","78.8","8.6","3.1","3.6","44.1","10.5","30.4","8.0","22.5","7.6","414","102","34.8","12.6","65.2","12.6","72.9","10.6","12.3","7.5","14.7","8.2","436","103","68.6","12.7","51.4","13.1","17.2","9.6","31.4","12.7","17.9","8.8","13.5","10.9","32.8","(X)","22.9","(X)","42.2","(X)","54211","16528","56250","14034","36129","14131","-","**","81875","18061","-","**","-","**","-","**","54732","27634","58629","19950","-","**","87788","42870","60455","15132","30875","16257","71250","19682","80714","17632","58636","20133","80893","30900","76518","13117","41625","23359","41026","11699","41146","16949","24950","24795","107440","38989","40972","34229","36406","14042","105750","141753","(X)","(X)","(X)","(X)","(X)","(X)"
"1400000US36081014700","Census Tract 147, Queens County, New York","1345","98","85.4","5.1","2.3","3.0","0.0","2.4","4.8","3.9","0.0","2.4","3.8","3.2","3.8","2.6","14.5","5.9","76.0","6.4","3.7","2.9","49.4","7.5","23.2","6.4","23.7","6.4","638","109","34.0","12.3","66.0","12.3","59.7","12.8","29.8","10.9","10.5","8.3","707","120","49.1","11.7","40.0","11.0","9.1","6.2","50.9","11.7","32.5","10.1","18.4","7.9","40.0","(X)","53.9","(X)","27.4","(X)","47378","8494","52000","8815","-","**","-","**","35750","26398","-","**","30694","16721","45739","20265","46767","30828","51273","10269","65395","46085","62500","16013","41875","27546","33681","3048","52000","12269","46835","8908","55912","11366","47067","13607","51250","37815","57356","84051","43375","15117","37917","19571","33906","16315","66974","63812","50859","15434","24615","9801","131250","19991","(X)","(X)","(X)","(X)","(X)","(X)"
"1400000US36081014800","Census Tract 148, Queens County, New York","544","61","16.7","9.1","5.5","4.9","2.2","3.6","23.2","10.3","0.0","5.8","46.1","13.7","6.3","6.2","36.2","11.0","5.7","6.0","4.4","5.5","29.8","11.9","54.2","12.7","11.6","7.4","478","76","45.6","13.5","54.4","13.5","70.3","13.9","14.4","11.0","15.3","11.1","66","53","27.3","35.3","27.3","35.3","0.0","36.3","72.7","35.3","39.4","42.4","33.3","44.8","48.9","(X)","43.3","(X)","66.7","(X)","60000","4216","79489","56657","35000","66511","-","**","58182","34817","-","**","58580","29034","67778","90203","61895","22102","-","**","-","**","58636","26272","64896","28256","60250","104751","62794","14942","58583","25895","79792","21045","59917","16402","60913","51396","78934","14210","21250","34180","-","**","-","**","-","**","22273","70552","-","**","-","**","(X)","(X)","(X)","(X)","(X)","(X)"
"1400000US36081014900","Census Tract 149, Queens County, New York","909","95","82.8","8.7","0.3","0.7","0.0","3.5","10.5","6.9","0.0","3.5","4.8","5.0","1.5","1.7","27.5","7.8","57.3","9.7","5.4","4.6","42.9","13.2","31.8","12.7","19.9","5.9","534","114","38.2","15.3","61.8","15.3","71.0","13.2","11.2","9.4","17.8","11.1","375","94","59.7","14.6","50.1","12.9","9.6","10.5","40.3","14.6","21.3","11.3","18.9","12.2","34.4","(X)","39.1","(X)","27.7","(X)","68935","15600","68102","18732","-","**","-","**","73472","12371","-","**","11897","105039","-","**","81200","35947","67546","24047","75341","89401","110588","37644","56875","22997","32813","17024","73362","14219","73558","68868","73203","20225","103281","47217","33438","17756","73583","6218","32684","11570","23625","7879","22500","11430","76818","82584","105625","67866","56429","79710","111691","92456","(X)","(X)","(X)","(X)","(X)","(X)"
"1400000US36081015000","Census Tract 150, Queens County, New York","626","61","14.1","8.0","18.4","8.9","0.0","5.1","39.6","10.9","0.0","5.1","22.8","10.1","5.1","4.3","12.0","6.3","8.9","7.5","3.5","3.9","34.2","11.8","43.3","13.8","19.0","7.2","583","65","41.2","12.8","58.8","12.8","65.4","13.5","19.6","12.3","15.1","7.8","43","32","30.2","29.2","30.2","29.2","0.0","45.2","69.8","29.2","39.5","38.6","30.2","38.9","46.3","(X)","46.8","(X)","39.5","(X)","76364","13551","13750","51988","83036","26320","-","**","70000","47713","-","**","83523","53105","92500","143169","96528","33629","2,500-","***","-","**","78906","17090","83036","62786","64625","27694","78477","15165","73750","53938","78633","14619","83393","32644","78438","32269","64500","57610","16635","13487","8438","7986","8438","7986","-","**","21000","32044","-","**","-","**","(X)","(X)","(X)","(X)","(X)","(X)"
"1400000US36081015100","Census Tract 151, Queens County, New York","1156","70","83.0","6.2","0.0","2.8","0.0","2.8","13.9","6.0","0.0","2.8","0.0","2.8","3.1","2.7","22.1","7.6","60.8","8.3","10.3","5.5","35.1","7.8","30.9","7.7","23.7","6.9","617","112","8.9","6.9","91.1","6.9","53.2","11.8","28.5","10.0","18.3","10.2","539","118","52.5","12.6","41.4","12.6","11.1","8.5","47.5","12.6","31.7","11.3","15.8","9.0","46.1","(X)","50.6","(X)","41.0","(X)","59167","9010","59226","11664","-","**","-","**","61620","14255","-","**","-","**","15000","24201","32500","27074","68583","13127","51902","35911","85197","13413","47934","19004","49244","11052","64688","22141","115163","13177","62337","10348","76429","52524","60648","11672","95398","44359","32382","26039","38594","23878","26302","12910","90625","44027","31739","28812","22250","17724","86815","30375","(X)","(X)","(X)","(X)","(X)","(X)"
"1400000US36081015200","Census Tract 152, Queens County, New York","778","48","8.9","5.0","24.6","6.9","0.0","4.1","25.6","9.3","0.0","4.1","33.0","9.6","8.0","6.6","18.6","8.1","2.7","4.4","0.9","1.3","32.5","9.8","51.2","10.7","15.4","7.5","726","56","36.5","8.2","63.5","8.2","58.7","11.9","17.5","7.9","23.8","9.2","52","33","32.7","39.8","32.7","39.8","0.0","41.1","67.3","39.8","40.4","37.8","26.9","32.3","46.9","(X)","48.8","(X)","21.2","(X)","61389","15011","67750","76065","70655","43969","-","**","57697","35204","-","**","58920","33980","101111","28095","69750","61647","-","**","-","**","68250","24955","81375","25266","40078","25150","65682","15337","68882","16400","60417","24611","70714","34800","39293","34583","80063","110676","14773","25680","-","**","-","**","-","**","40625","66506","40208","93480","-","**","(X)","(X)","(X)","(X)","(X)","(X)"
"1400000US36081015300","Census Tract 153, Queens County, New York","889","75","69.9","7.1","3.0","3.9","0.9","1.4","20.2","6.6","0.0","3.6","3.3","2.9","2.7","1.7","19.1","7.6","54.9","9.3","4.9","3.8","43.3","7.5","27.0","7.0","24.7","6.9","276","74","18.5","9.2","81.5","9.2","80.8","9.4","9.8","8.3","9.4","5.4","613","86","47.0","11.3","38.5","9.2","8.5","6.4","53.0","11.3","24.8","9.5","28.2","9.3","36.8","(X)","35.9","(X)","35.2","(X)","54625","5844","47188","13782","-","**","-","**","60500","26828","-","**","61771","18872","-","**","53846","21847","50625","13712","67045","90704","64250","27617","53478","8107","23816","14533","54400","4434","40250","41351","55750","8342","56750","11116","34250","52520","41000","46728","53456","15043","50417","32470","38571","30668","83068","90066","56250","17183","36579","13288","82750","68357","(X)","(X)","(X)","(X)","(X)","(X)"
"1400000US36081015400","Census Tract 154, Queens County, New York","544","72","14.0","6.8","15.6","10.7","0.0","5.8","30.5","8.7","0.0","5.8","33.1","11.9","6.8","5.0","18.2","6.5","9.9","6.3","4.6","4.3","39.0","13.6","48.0","14.5","8.5","6.0","448","75","56.5","11.8","43.5","11.8","60.9","11.6","18.5","7.7","20.5","12.4","96","48","60.4","27.1","55.2","29.7","5.2","8.5","39.6","27.1","31.3","23.1","8.3","13.1","55.3","(X)","50.7","(X)","63.5","(X)","49205","23396","36458","38301","25729","43895","-","**","48846","43537","-","**","105595","81092","52813","58606","60208","59046","36875","88837","40568","39697","33571","40567","68750","15355","19615","32712","60987","16964","41313","29792","78558","12901","49583","33986","61875","40464","72333","51366","33152","26174","17292","32915","16771","30341","-","**","36458","19818","35625","29631","-","**","(X)","(X)","(X)","(X)","(X)","(X)"
"1400000US36081015500","Census Tract 155, Queens County, New York","919","73","80.8","7.6","0.5","0.8","0.0","3.5","14.3","6.2","0.0","3.5","0.0","3.5","4.4","3.9","23.6","7.0","59.1","8.3","5.9","3.9","53.4","8.3","21.2","6.5","19.5","6.1","396","83","18.7","10.7","81.3","10.7","75.0","12.1","15.9","10.1","9.1","7.6","523","90","52.4","10.1","21.8","7.6","30.6","9.8","47.6","10.1","24.3","9.4","23.3","9.2","38.4","(X)","32.8","(X)","40.7","(X)","65139","16557","73472","15594","-","**","-","**","50240","25049","-","**","-","**","175326","145233","80337","21606","70089","17740","76719","12063","70875","18860","56979","51879","39205","24400","65000","41155","35000","31329","80703","40215","53393","29306","131964","85265","92750","135805","65139","14171","58750","17999","18889","21258","76719","33314","70375","24728","53438","14274","100000","50625","(X)","(X)","(X)","(X)","(X)","(X)"
"1400000US36081015600","Census Tract 156, Queens County, New York","863","61","9.2","4.3","23.2","7.4","2.1","3.0","34.1","8.7","0.0","3.7","25.7","8.2","5.8","4.2","9.2","4.3","3.9","2.7","4.6","4.8","42.6","8.8","41.7","7.8","11.0","4.9","754","66","42.0","9.3","58.0","9.3","77.1","9.1","14.5","7.8","8.5","5.6","109","61","32.1","26.2","27.5","24.3","4.6","7.5","67.9","26.2","27.5","23.6","40.4","31.1","45.3","(X)","43.9","(X)","48.6","(X)","50509","14882","113482","77574","41786","22803","-","**","69167","28339","-","**","41667","11155","87833","27193","64583","103829","28500","39080","76250","2177","60227","24361","37361","11472","78021","91422","50741","11077","50956","18827","50375","28975","56375","28317","32614","49520","41875","85624","18424","10404","9063","2886","8750","884","-","**","19783","52861","17000","50212","-","**","(X)","(X)","(X)","(X)","(X)","(X)"
"1400000US36081015700","Census Tract 157, Queens County, New York","720","14","56.4","10.2","5.1","4.2","0.0","4.4","25.6","9.7","0.0","4.4","8.3","3.5","4.6","3.9","28.2","9.1","39.4","9.4","5.7","4.3","43.5","10.7","41.8","11.2","9.0","4.9","308","78","37.3","14.3","62.7","14.3","62.0","15.5","26.3","15.8","11.7","15.6","412","76","30.3","11.4","24.5","10.3","5.8","5.5","69.7","11.4","51.9","13.2","17.7","9.3","34.9","(X)","30.8","(X)","37.9","(X)","46000","3359","45300","9286","45859","25454","-","**","51000","13712","-","**","45786","856","23542","63301","39023","11015","47300","6450","40750","42460","46886","3385","45350","21240","28393","32360","37578","14596","45464","22792","31641","13112","45505","19980","27159","16319","-","**","46591","6983","47875","26240","40750","33850","170000","129562","46477","8007","41667","21779","46940","13955","(X)","(X)","(X)","(X)","(X)","(X)"
"1400000US36081015801","Census Tract 158.01, Queens County, New York","979","93","8.9","6.1","35.4","10.2","0.0","3.3","21.6","7.5","0.0","3.3","30.0","11.0","4.1","4.0","20.3","9.4","1.3","2.1","4.3","5.1","32.6","10.5","45.9","10.3","17.3","7.6","744","121","38.7","13.1","61.3","13.1","49.5","11.9","27.0","12.3","23.5","11.2","235","103","51.1","25.4","37.0","24.5","14.0","19.2","48.9","25.4","41.7","25.6","7.2","10.1","60.3","(X)","59.5","(X)","50.6","(X)","49347","10057","89904","42120","52589","19607","-","**","48107","22311","-","**","40286","21368","61346","52956","73220","4954","-","**","-","**","41308","8469","63267","13327","42917","49871","49944","14469","48500","15469","54107","28340","62833","31857","41250","28933","49750","20620","33984","38293","33125","40220","15096","18799","-","**","61058","53117","32250","64527","-","**","(X)","(X)","(X)","(X)","(X)","(X)"
"1400000US36081015802","Census Tract 158.02, Queens County, New York","1311","88","12.5","7.0","10.8","5.3","0.6","1.2","23.8","10.2","0.0","2.4","39.1","11.5","13.2","7.5","18.8","8.4","4.0","4.4","8.2","6.5","28.3","10.7","40.8","10.8","22.7","8.7","1064","117","35.4","10.2","64.6","10.2","64.1","11.6","20.8","9.4","15.1","7.7","247","123","49.4","27.7","39.7","26.2","9.7","11.3","50.6","27.7","43.7","28.4","6.9","10.9","64.5","(X)","64.9","(X)","62.8","(X)","62589","28821","40481","44358","39063","19617","-","**","71618","25072","-","**","64196","19289","65208","31036","44899","14328","-","**","67628","44566","64583","19851","38125","18713","65089","11185","64143","12076","63639","26232","65030","20782","65083","5686","38942","69398","46042","35080","24441","20200","22566","7112","19276","5079","-","**","36875","11567","36316","14453","-","**","(X)","(X)","(X)","(X)","(X)","(X)"
"1400000US36081015900","Census Tract 159, Queens County, New York","1935","87","80.2","5.5","1.2","1.5","0.6","0.9","14.6","4.9","0.0","1.7","2.8","1.8","0.6","1.0","16.6","4.9","66.4","6.6","7.0","4.5","37.0","7.0","32.1","6.0","23.9","6.0","728","149","36.1","12.8","63.9","12.8","59.1","13.1","23.8","9.4","17.2","9.0","1207","162","51.2","10.9","35.0","9.8","16.2","6.5","48.8","10.9","25.7","7.8","23.1","11.3","31.6","(X)","48.2","(X)","21.6","(X)","49097","9515","52981","7177","-","**","-","**","27339","35097","-","**","18375","12739","-","**","26346","15909","55187","6227","79286","27329","64310","3788","39271","18254","23654","11319","44911","13585","20250","34210","55878","20935","47813","18399","18487","5999","80164","49024","51031","11746","41875","21150","31641","18988","83194","22033","55298","17255","27214","36557","64850","25742","(X)","(X)","(X)","(X)","(X)","(X)"
"1400000US36081016100","Census Tract 161, Queens County, New York","769","75","64.6","8.2","4.8","4.2","0.0","4.1","23.7","7.4","0.0","4.1","3.8","3.9","3.1","2.8","35.2","8.0","36.4","7.5","2.9","2.8","48.5","9.2","26.7","7.6","22.0","6.9","546","83","38.8","11.1","61.2","11.1","52.4","11.5","22.0","9.3","25.6","11.2","223","70","55.2","15.3","28.3","13.2","26.9","14.0","44.8","15.3","30.9","13.5","13.9","11.3","50.2","(X)","46.5","(X)","50.7","(X)","52238","4236","53438","4147","44904","90688","-","**","52000","26107","-","**","16518","32536","75357","98069","46875","9403","73558","12884","41364","53431","73417","20948","55848","5868","26648","3358","50724","6578","49444","14521","52167","10049","57167","24725","43500","24044","50066","15256","52788","34736","41023","46170","15375","8030","103500","61589","54038","35739","26648","26192","110673","43205","(X)","(X)","(X)","(X)","(X)","(X)"
"1400000US36081016300","Census Tract 163, Queens County, New York","1689","75","50.1","6.6","28.2","7.5","0.4","0.7","9.5","4.3","0.0","1.9","6.9","3.3","4.9","2.8","44.8","6.9","16.9","6.2","1.5","1.4","30.3","6.5","38.7","6.5","29.5","6.9","1184","123","32.0","8.4","68.0","8.4","39.9","9.9","54.6","9.3","5.5","3.9","505","115","81.8","11.9","80.2","12.0","1.6","2.6","18.2","11.9","15.0","11.7","3.2","3.4","43.3","(X)","41.7","(X)","44.2","(X)","28786","4695","29583","10494","27969","13667","-","**","22125","30867","-","**","20395","3116","46818","54397","26109","2343","58125","25471","58438","17026","36250","16378","34327","5769","15655","4877","30431","6138","35341","23315","29816","4353","48000","20140","25511","4994","61307","110269","19696","8298","14909","6129","14665","5649","-","**","44276","3914","43750","3617","-","**","(X)","(X)","(X)","(X)","(X)","(X)"
"1400000US36081016400","Census Tract 164, Queens County, New York","902","66","2.3","2.3","34.9","9.6","0.0","3.5","17.7","7.0","0.0","3.5","36.5","9.0","8.5","4.3","12.2","6.7","1.2","1.9","1.4","2.4","41.7","9.2","45.8","8.4","11.1","3.5","814","88","45.9","10.5","54.1","10.5","57.6","10.4","30.1","10.0","12.3","5.9","88","64","26.1","28.4","10.2","13.4","15.9","25.0","73.9","28.4","73.9","28.4","0.0","29.9","39.9","(X)","39.6","(X)","20.5","(X)","63269","20765","90114","46266","53542","61607","-","**","86500","37699","-","**","57689","19837","114539","27848","73125","93914","-","**","-","**","53981","38243","71964","32031","73611","15391","68500","21170","43229","15291","103315","18647","54861","8220","80060","51422","104375","16000","22339","75375","162946","185594","-","**","-","**","21815","50738","21815","50738","-","**","(X)","(X)","(X)","(X)","(X)","(X)"
"1400000US36081016600","Census Tract 166, Queens County, New York","991","94","11.0","5.6","20.5","8.7","0.5","1.2","29.9","9.0","3.3","3.6","26.9","11.4","7.9","5.5","20.6","8.0","1.9","2.3","5.2","5.5","29.0","11.9","57.4","11.4","8.4","5.5","827","109","52.7","11.2","47.3","11.2","75.6","12.5","10.0","8.7","14.4","9.1","164","80","45.7","29.9","45.7","29.9","0.0","17.9","54.3","29.9","37.2","28.1","17.1","25.9","46.4","(X)","46.9","(X)","29.3","(X)","51250","21390","80417","134024","31042","15154","-","**","54904","35775","-","**","76553","16536","31000","19324","79038","15370","23250","67331","29821","201477","42841","51815","52235","17166","22313","116625","65694","24967","51172","30717","69861","21915","77008","29357","20054","16480","68287","10578","15481","11274","9960","16537","9960","16537","-","**","17163","19701","15817","8781","-","**","(X)","(X)","(X)","(X)","(X)","(X)"
"1400000US36081016800","Census Tract 168, Queens County, New York","891","76","10.5","4.6","23.2","8.8","1.5","2.2","16.8","6.9","0.0","3.6","42.8","10.4","5.2","3.3","32.3","9.4","2.6","2.0","2.7","3.8","26.8","9.5","61.7","8.9","8.8","4.0","776","82","33.2","9.3","66.8","9.3","63.5","9.3","27.1","9.6","9.4","6.9","115","69","55.7","32.9","49.6","32.6","6.1","8.7","44.3","32.9","44.3","32.9","0.0","24.3","51.4","(X)","52.3","(X)","40.9","(X)","65446","6403","80909","40109","57708","14084","-","**","112800","52753","-","**","64250","6352","64167","50134","55385","10071","88750","257570","-","**","56089","11067","66757","25569","79500","42316","69423","15878","59464","3709","87031","23146","82344","20343","57935","7584","66250","2642","27321","39436","34000","46000","43438","47334","-","**","22198","57922","22198","57922","-","**","(X)","(X)","(X)","(X)","(X)","(X)"
"1400000US36081016900","Census Tract 169, Queens County, New York","2267","163","70.6","6.9","0.8","0.9","0.0","1.4","25.8","6.8","0.0","1.4","2.2","2.0","0.6","0.9","19.1","6.8","54.6","7.8","2.0","2.1","40.1","6.9","39.3","7.5","18.7","5.3","1260","170","41.1","10.4","58.9","10.4","73.1","9.1","19.2","8.8","7.7","5.2","1007","186","51.1","12.4","39.8","12.4","11.3","5.6","48.9","12.4","38.3","10.9","10.5","9.0","40.4","(X)","45.7","(X)","33.9","(X)","59594","13362","61031","12752","-","**","-","**","53611","48684","-","**","55795","81639","-","**","37500","23633","66414","8587","22212","39241","80625","43411","60000","22080","26250","16667","76875","17528","73945","34093","82981","21801","105240","47139","82000","40649","37750","30141","35694","14029","31595","17602","26058","18043","55000","46919","37054","23082","24878","14626","133700","5304","(X)","(X)","(X)","(X)","(X)","(X)"
"1400000US36081017000","Census Tract 170, Queens County, New York","702","55","8.1","5.2","42.9","10.3","0.0","4.5","18.8","7.3","0.0","4.5","22.4","8.8","7.8","5.0","15.2","6.5","1.7","2.7","0.9","1.2","33.8","10.8","45.0","10.5","20.4","8.0","576","70","44.8","13.2","55.2","13.2","55.7","12.0","35.2","11.0","9.0","6.7","126","58","88.1","13.3","69.0","23.2","19.0","20.4","11.9","13.3","11.9","13.3","0.0","22.5","51.0","(X)","55.7","(X)","17.5","(X)","47643","4966","49087","35810","55114","21184","-","**","34750","13984","-","**","50625","41895","44432","45878","49952","44196","-","**","-","**","49792","18373","38452","13868","55208","40439","51591","10931","48083","13013","77579","51368","47639","21562","56490","36336","80147","80988","19875","15069","18938","11743","17188","11509","45192","6003","-","**","-","**","-","**","(X)","(X)","(X)","(X)","(X)","(X)"
"1400000US36081017100","Census Tract 171, Queens County, New York","0","12","-","**","-","**","-","**","-","**","-","**","-","**","-","**","-","**","-","**","-","**","-","**","-","**","-","**","0","12","-","**","-","**","-","**","-","**","-","**","0","12","-","**","-","**","-","**","-","**","-","**","-","**","-","(X)","-","(X)","-","(X)","-","**","-","**","-","**","-","**","-","**","-","**","-","**","-","**","-","**","-","**","-","**","-","**","-","**","-","**","-","**","-","**","-","**","-","**","-","**","-","**","-","**","-","**","-","**","-","**","-","**","-","**","-","**","(X)","(X)","(X)","(X)","(X)","(X)"
"1400000US36081017200","Census Tract 172, Queens County, New York","591","62","11.0","5.6","47.7","10.4","1.0","1.4","13.7","8.0","0.0","5.3","23.9","11.3","2.7","2.7","12.9","5.8","3.6","2.7","0.8","1.4","32.8","10.1","45.3","11.0","21.0","8.2","488","76","46.7","12.5","53.3","12.5","69.1","9.5","24.2","11.2","6.8","8.8","103","48","91.3","10.6","91.3","10.6","0.0","26.5","8.7","10.6","8.7","10.6","0.0","26.5","46.2","(X)","49.0","(X)","33.0","(X)","70208","21581","80398","45996","67500","35086","-","**","31458","34176","-","**","76302","42251","151250","371177","82000","53152","80536","78749","-","**","76786","7673","63750","50238","29722","21241","80051","6622","77917","8809","89500","52716","77135","12449","107727","79416","-","**","19938","3713","19875","4994","19875","4994","-","**","-","**","-","**","-","**","(X)","(X)","(X)","(X)","(X)","(X)"
"1400000US36081017400","Census Tract 174, Queens County, New York","707","48","13.2","5.1","45.3","9.9","0.0","4.5","8.1","4.3","0.0","4.5","25.5","9.1","8.1","6.5","13.3","5.7","6.9","5.4","0.6","1.0","30.8","7.5","45.5","7.7","23.1","6.9","613","60","39.3","8.2","60.7","8.2","66.2","10.3","27.9","10.0","5.9","5.0","94","47","51.1","26.3","40.4","24.5","10.6","15.8","48.9","26.3","41.5","24.5","7.4","12.2","51.6","(X)","47.3","(X)","53.2","(X)","63523","24651","101607","56828","47500","13088","-","**","57212","29818","-","**","68889","22366","110568","163108","47500","79922","101964","38158","-","**","48816","10295","76250","36009","75208","55374","71250","29583","46773","12818","89000","29585","97500","39237","45474","20048","108333","152544","16389","10940","14605","13771","22917","17794","-","**","17222","40461","36042","38250","-","**","(X)","(X)","(X)","(X)","(X)","(X)"
"1400000US36081017600","Census Tract 176, Queens County, New York","630","40","5.4","4.5","54.4","8.5","0.0","5.0","12.4","6.7","0.0","5.0","20.2","8.8","7.6","4.7","15.2","7.4","2.9","2.9","0.0","5.0","49.7","9.5","32.5","8.2","17.8","6.9","549","63","51.5","12.1","48.5","12.1","61.0","11.2","23.5","8.0","15.5","9.6","81","52","28.4","26.6","23.5","24.6","4.9","9.2","71.6","26.6","71.6","26.6","0.0","31.8","45.2","(X)","48.5","(X)","11.1","(X)","51429","15597","87813","117264","43832","2810","-","**","92143","26918","-","**","62656","29897","63750","58321","71071","19512","-","**","-","**","42966","10984","64327","20602","86250","33802","57880","12955","44083","3243","69500","13759","62284","22859","43616","9154","39063","23350","36198","7669","30625","10375","30125","19603","-","**","36979","14141","36979","14141","-","**","(X)","(X)","(X)","(X)","(X)","(X)"
"1400000US36081017800","Census Tract 178, Queens County, New York","628","56","2.9","2.8","46.3","11.8","1.1","1.7","7.5","5.2","0.0","5.0","33.9","11.8","8.3","4.4","25.6","11.2","2.9","2.8","0.8","1.2","38.7","12.1","35.2","10.7","25.3","9.4","479","68","36.1","12.8","63.9","12.8","60.5","11.5","25.1","10.8","14.4","7.2","149","58","53.7","25.9","51.7","26.3","2.0","4.1","46.3","25.9","42.3","24.6","4.0","7.7","45.5","(X)","53.2","(X)","20.8","(X)","44128","5726","11250","10202","44821","34697","-","**","39712","23516","-","**","45231","17887","48409","32099","35720","21789","11250","10202","-","**","40208","9147","67188","21975","34861","33953","53068","22612","46898","31526","54545","29850","78281","25101","43542","14151","37545","34336","21838","19703","35455","9924","35341","15282","-","**","19650","6172","19350","2800","-","**","(X)","(X)","(X)","(X)","(X)","(X)"
"1400000US36081017900","Census Tract 179, Queens County, New York","410","40","67.8","14.1","2.2","3.7","0.0","7.6","16.1","11.3","0.0","7.6","10.2","10.9","3.7","3.9","43.7","14.7","34.4","11.5","7.3","7.2","38.5","12.9","40.7","14.6","13.4","8.5","208","59","41.3","17.9","58.7","17.9","65.9","22.6","18.3","17.1","15.9","19.8","202","64","51.5","18.6","46.5","19.2","5.0","7.4","48.5","18.6","47.0","18.8","1.5","2.6","30.7","(X)","38.5","(X)","22.8","(X)","42895","12352","55536","17096","-","**","-","**","33981","5785","-","**","16518","8233","52656","19897","34950","33161","68036","36318","54375","86250","43333","19685","41806","26087","27813","30751","56786","23026","71154","55420","56250","20276","71875","33928","-","**","-","**","34423","5336","34167","3879","33704","9830","-","**","34700","29939","34550","25336","-","**","(X)","(X)","(X)","(X)","(X)","(X)"
"1400000US36081018000","Census Tract 180, Queens County, New York","358","44","9.2","7.7","56.1","15.5","1.1","1.7","20.7","14.1","0.0","8.7","9.8","8.9","3.1","3.7","27.9","14.3","6.7","6.0","0.0","8.7","39.4","16.6","20.9","9.5","39.7","15.0","275","62","37.1","14.6","62.9","14.6","57.1","17.7","38.9","17.6","4.0","6.6","83","43","67.5","24.3","56.6","32.4","10.8","18.3","32.5","24.3","13.3","21.9","19.3","27.8","48.3","(X)","50.5","(X)","28.9","(X)","50682","21412","50795","53244","54306","29965","-","**","42250","37368","-","**","170703","182021","-","**","37738","13107","27143","41231","-","**","60347","43225","66563","37372","36293","8034","51193","19720","60833","20830","37969","27258","39519","23279","60759","9139","-","**","25536","40861","5625","31824","2,500-","***","-","**","-","**","-","**","-","**","(X)","(X)","(X)","(X)","(X)","(X)"
"1400000US36081018101","Census Tract 181.01, Queens County, New York","1766","54","64.5","8.3","0.0","1.8","0.0","1.8","27.3","6.8","0.0","1.8","6.3","4.6","1.9","1.9","28.1","7.3","42.2","8.4","3.1","2.5","49.6","7.4","30.0","7.2","17.4","5.2","826","152","41.2","11.4","58.8","11.4","69.0","12.7","22.2","10.8","8.8","9.9","940","163","43.0","11.1","34.1","10.8","8.8","5.6","57.0","11.1","38.5","12.1","18.5","7.6","47.1","(X)","53.9","(X)","41.2","(X)","39664","7103","35117","6527","-","**","-","**","44293","13244","-","**","52390","13163","14861","77280","32950","6846","39942","12121","21111","22554","49063","6970","34028","13450","30313","19992","36310","6680","39063","18052","31250","12739","37321","9681","23042","6104","62226","54708","41346","14707","47614","18196","31359","12991","74464","31547","39615","16185","35000","8147","68632","14092","(X)","(X)","(X)","(X)","(X)","(X)"
"1400000US36081018102","Census Tract 181.02, Queens County, New York","1897","100","73.2","5.9","0.7","1.1","0.0","1.7","22.2","5.5","0.0","1.7","1.5","1.4","2.3","2.2","16.4","5.1","58.8","6.1","5.4","3.7","51.2","6.4","25.8","6.1","17.6","3.5","846","169","35.6","11.2","64.4","11.2","64.5","12.2","16.2","10.4","19.3","9.9","1051","181","56.5","10.9","46.5","10.8","10.0","6.6","43.5","10.9","32.4","11.0","11.1","6.1","35.0","(X)","40.2","(X)","30.8","(X)","52679","8841","51410","9490","-","**","-","**","57731","31973","-","**","74844","29650","39000","67011","51023","23145","52000","15134","19770","63336","56944","17673","69861","25105","29226","14128","62500","22621","37125","31622","95947","20825","59808","29333","50515","74908","95063","106261","39967","11604","38646","19035","33079","11454","85250","54463","43403","22135","26163","15871","116691","44142","(X)","(X)","(X)","(X)","(X)","(X)"
"1400000US36081018200","Census Tract 182, Queens County, New York","658","49","3.3","2.9","63.8","8.0","0.0","4.8","7.0","4.4","0.0","4.8","21.9","8.1","4.0","3.4","17.0","6.2","0.0","4.8","0.0","4.8","31.8","8.6","49.8","9.5","18.4","7.3","514","71","40.7","12.9","59.3","12.9","42.4","10.7","45.1","10.5","12.5","10.2","144","55","63.2","23.5","50.7","24.8","12.5","13.3","36.8","23.5","25.0","22.3","11.8","14.0","62.8","(X)","54.5","(X)","66.7","(X)","57105","12022","85938","62593","52406","18328","-","**","44667","54490","-","**","65714","26496","106250","115242","82250","21424","-","**","-","**","82292","13360","50573","10765","55469","6606","63611","11300","42042","18876","72969","17519","82222","33703","63056","15244","50323","21787","37857","11553","31250","26672","21023","14981","-","**","38750","12621","39167","16346","-","**","(X)","(X)","(X)","(X)","(X)","(X)"
"1400000US36081018300","Census Tract 183, Queens County, New York","2596","139","67.6","7.0","1.5","1.7","0.0","1.2","23.2","6.1","0.0","1.2","4.4","3.6","3.4","2.4","24.4","6.7","50.1","7.7","4.1","3.6","48.0","7.0","30.7","7.1","17.3","5.1","1372","191","41.0","10.1","59.0","10.1","77.0","10.0","14.0","9.4","9.0","7.8","1224","187","50.6","9.1","41.4","10.2","9.2","6.5","49.4","9.1","38.2","9.6","11.2","5.8","36.6","(X)","42.4","(X)","30.1","(X)","60135","13763","71375","12211","76397","64470","-","**","55257","35930","-","**","18388","15874","37250","22358","53931","6893","73981","14830","75525","29573","80701","14052","56180","6004","28793","15553","63947","19053","51397","41455","65560","19362","64638","18077","56336","17188","76175","60300","53194","17195","31827","35589","24067","19652","54792","31945","80489","21529","82500","20393","80489","98141","(X)","(X)","(X)","(X)","(X)","(X)"
"1400000US36081018401","Census Tract 184.01, Queens County, New York","626","58","4.5","4.5","84.5","9.3","0.0","5.1","0.0","5.1","0.0","5.1","8.8","8.3","2.2","2.5","6.2","5.0","0.0","5.1","0.6","1.0","23.0","9.1","54.6","11.8","21.7","8.6","518","69","36.7","10.7","63.3","10.7","44.0","14.9","46.9","15.1","9.1","7.4","108","55","48.1","29.9","48.1","29.9","0.0","25.5","51.9","29.9","51.9","29.9","0.0","25.5","53.5","(X)","57.3","(X)","21.3","(X)","59500","11849","152813","163387","54135","14149","-","**","-","**","-","**","98922","13352","-","**","81705","101004","-","**","-","**","71786","30103","64018","15909","42917","23773","63750","19385","67500","26951","62679","26347","63558","25643","71875","54301","39583","145264","50833","31682","31136","11929","31136","11929","-","**","63083","17456","63083","17456","-","**","(X)","(X)","(X)","(X)","(X)","(X)"
"1400000US36081018402","Census Tract 184.02, Queens County, New York","602","64","4.3","3.5","89.7","5.7","0.0","5.3","1.5","1.6","0.0","5.3","1.8","2.8","2.7","2.6","8.6","5.2","0.0","5.3","1.7","2.6","26.6","9.0","53.2","10.5","18.6","7.0","538","68","53.0","10.8","47.0","10.8","58.7","12.8","33.8","11.4","7.4","5.5","64","38","56.3","31.6","56.3","31.6","0.0","37.0","43.8","31.6","43.8","31.6","0.0","37.0","54.0","(X)","56.3","(X)","34.4","(X)","65000","19225","112917","42095","60962","18758","-","**","-","**","-","**","-","**","81667","89475","94643","44375","-","**","-","**","62308","80091","68125","21578","52857","34237","73000","24937","90375","51193","63750","20470","82333","37696","52381","16140","61875","247837","12188","6863","33750","46045","33750","46045","-","**","10500","6979","10500","6979","-","**","(X)","(X)","(X)","(X)","(X)","(X)"
"1400000US36081018501","Census Tract 185.01, Queens County, New York","1584","82","71.8","6.9","5.2","3.7","0.0","2.0","12.6","6.0","0.0","2.0","7.0","5.5","3.4","2.4","31.4","7.8","50.4","8.2","5.1","4.4","47.5","6.9","33.1","6.3","14.2","4.0","744","137","43.0","9.7","57.0","9.7","72.7","12.4","16.5","10.8","10.8","8.8","840","147","53.1","12.7","43.1","13.2","10.0","7.5","46.9","12.7","42.5","12.7","4.4","3.4","34.5","(X)","37.8","(X)","31.5","(X)","54007","12223","54154","11328","51750","73060","-","**","49880","34925","-","**","48179","26524","70000","18665","49571","17476","60980","19639","31402","4664","60777","23323","66384","12958","32321","15655","66813","5447","53929","23808","71210","13621","71815","9281","65350","44669","60541","17519","40833","13963","38864","21545","38125","21355","39750","61706","42100","19595","40250","24122","122656","112958","(X)","(X)","(X)","(X)","(X)","(X)"
"1400000US36081018502","Census Tract 185.02, Queens County, New York","1466","100","74.9","6.6","1.1","0.9","0.6","1.0","20.5","6.4","0.0","2.2","2.4","2.7","0.5","0.8","25.4","7.1","52.9","8.5","8.5","5.7","51.1","8.8","26.4","6.6","14.1","4.4","733","129","33.2","12.4","66.8","12.4","76.9","13.1","10.8","6.7","12.3","11.6","733","128","56.3","13.6","38.6","14.0","17.7","9.3","43.7","13.6","19.8","12.2","23.9","12.3","33.8","(X)","26.9","(X)","40.1","(X)","62230","8928","61176","10933","-","**","-","**","57841","51530","-","**","67014","33223","-","**","61182","28519","65867","15459","57426","33607","66110","4942","71397","28893","23846","9479","66987","8612","54570","22399","80577","34952","70000","10430","45673","42113","31700","37359","49661","8676","50048","10336","47557","39092","56618","22503","49359","42621","47981","14188","95069","66468","(X)","(X)","(X)","(X)","(X)","(X)"
"1400000US36081018600","Census Tract 186, Queens County, New York","444","58","3.2","3.0","72.7","11.3","0.0","7.1","8.1","6.1","0.0","7.1","12.4","10.2","3.6","3.4","11.9","10.1","1.8","2.1","5.0","7.3","25.7","11.3","50.2","12.8","19.1","9.9","305","63","41.0","16.0","59.0","16.0","54.8","14.9","32.8","13.3","12.5","9.5","139","58","83.5","16.7","69.1","22.9","14.4","17.6","16.5","16.7","7.2","9.2","9.4","14.7","45.3","(X)","43.9","(X)","48.2","(X)","62417","22471","46750","39321","60792","13975","-","**","87500","33455","-","**","115352","32725","55500","87316","115430","86826","-","**","-","**","60536","38165","84625","14262","31250","25963","62266","28135","59453","14688","93017","35055","87891","43065","32031","42599","59844","70221","57679","40984","42391","43170","41304","37177","-","**","132788","231923","-","**","-","**","(X)","(X)","(X)","(X)","(X)","(X)"
"1400000US36081018700","Census Tract 187, Queens County, New York","1053","79","57.0","10.0","4.2","4.2","0.0","3.0","31.0","7.6","0.0","3.0","6.0","3.9","1.9","2.1","23.8","7.3","40.5","9.0","2.1","2.5","39.7","8.6","35.8","7.8","22.4","6.3","639","109","39.3","9.7","60.7","9.7","79.2","9.3","14.1","7.2","6.7","6.5","414","104","31.2","13.5","24.2","12.9","7.0","6.2","68.8","13.5","52.2","13.7","16.7","12.3","43.1","(X)","45.5","(X)","39.4","(X)","65625","19381","60000","39216","79792","261342","-","**","70263","31565","-","**","39886","37942","-","**","56458","65901","63472","30326","-","**","74063","14343","80987","43284","38750","12573","84875","26516","83875","32882","88333","42323","81296","23514","82750","79498","133594","30271","27270","7762","31063","16400","30500","30830","38523","32354","26820","13062","25307","6093","78490","21982","(X)","(X)","(X)","(X)","(X)","(X)"
"1400000US36081018800","Census Tract 188, Queens County, New York","385","35","0.0","8.1","85.5","9.2","0.0","8.1","4.4","3.9","0.0","8.1","4.2","6.9","6.0","4.3","7.8","8.0","0.0","8.1","0.0","8.1","34.5","13.2","28.3","11.9","37.1","13.7","299","49","41.8","16.3","58.2","16.3","35.5","14.8","55.2","15.9","9.4","5.5","86","39","40.7","20.5","40.7","20.5","0.0","30.5","59.3","20.5","57.0","20.3","2.3","4.0","64.2","(X)","72.2","(X)","24.4","(X)","75972","19897","-","**","70250","28928","-","**","176406","96335","-","**","-","**","-","**","68281","58118","-","**","-","**","49531","45058","98750","69640","105625","49566","83417","41215","80536","44927","104063","69283","118571","80607","67361","56153","235978","489","48182","15672","50125","45960","50125","45960","-","**","48068","13332","48295","13383","-","**","(X)","(X)","(X)","(X)","(X)","(X)"
"1400000US36081018900","Census Tract 189, Queens County, New York","1408","87","60.7","7.7","6.9","4.8","0.0","2.3","21.2","6.2","0.0","2.3","6.3","4.4","4.9","3.5","37.8","8.8","36.1","7.5","4.0","4.5","40.5","7.1","33.3","7.1","22.2","6.4","798","144","39.8","11.5","60.2","11.5","67.0","11.9","18.0","11.0","14.9","8.8","610","136","59.5","14.2","46.7","14.7","12.8","8.2","40.5","14.2","28.5","12.0","12.0","9.1","44.0","(X)","39.2","(X)","45.4","(X)","53640","8414","47875","18026","54805","34364","-","**","58018","24149","-","**","74444","5890","51797","95768","50469","23293","63587","22345","-","**","64700","14494","41875","24137","26607","12382","67917","24417","48500","23101","75929","12511","82721","16822","37045","57881","39180","46508","33333","17141","20724","17409","15337","9716","68594","27352","63867","17090","52273","31528","71932","7118","(X)","(X)","(X)","(X)","(X)","(X)"
"1400000US36081019000","Census Tract 190, Queens County, New York","626","54","0.0","5.1","67.1","9.8","0.0","5.1","3.8","3.1","0.0","5.1","24.6","11.7","4.5","4.3","18.4","11.6","0.0","5.1","3.4","3.3","20.9","8.0","54.0","8.9","21.7","7.0","553","59","38.7","10.8","61.3","10.8","59.1","14.7","32.7","12.9","8.1","5.4","73","47","56.2","32.4","32.9","30.8","23.3","23.1","43.8","32.4","43.8","32.4","0.0","34.1","45.7","(X)","47.7","(X)","30.1","(X)","65833","7834","-","**","61524","8076","-","**","75714","82182","-","**","78722","7048","-","**","79083","41273","-","**","18625","17883","80446","23030","66964","9850","60313","19735","66637","12393","73214","14318","61982","17113","78361","3002","44792","30474","65250","12217","36771","28702","36354","12037","29643","63152","-","**","70278","112530","70278","112530","-","**","(X)","(X)","(X)","(X)","(X)","(X)"
"1400000US36081019200","Census Tract 192, Queens County, New York","632","73","8.7","6.6","66.3","10.6","0.0","5.0","10.4","8.5","0.0","5.0","10.0","7.5","4.6","4.1","22.0","7.9","0.0","5.0","5.1","7.9","22.9","10.9","54.0","13.8","18.0","11.3","431","81","24.6","11.6","75.4","11.6","38.5","15.4","37.4","16.3","24.1","14.7","201","90","53.7","26.6","53.7","26.6","0.0","14.9","46.3","26.6","37.8","26.6","8.5","13.5","39.6","(X)","41.5","(X)","35.3","(X)","50966","12779","76023","78286","50313","18201","-","**","17109","87654","-","**","64408","22886","57750","32953","70288","24106","-","**","-","**","61705","31616","71250","21887","14797","13566","52375","21178","63289","10620","51275","14901","98750","51625","50525","13945","40156","12557","21066","20443","13784","21222","13784","21222","-","**","25917","80899","22279","46011","-","**","(X)","(X)","(X)","(X)","(X)","(X)"
"1400000US36081019400","Census Tract 194, Queens County, New York","785","54","2.5","3.4","73.1","9.2","0.0","4.1","6.2","5.3","0.0","4.1","9.9","5.2","8.2","5.5","4.7","4.6","0.0","4.1","0.8","1.6","33.0","8.8","43.3","9.5","22.9","8.2","628","66","42.4","10.9","57.6","10.9","57.5","12.2","31.7","11.7","10.8","6.7","157","47","71.3","19.1","48.4","21.2","22.9","14.6","28.7","19.1","25.5","18.6","3.2","4.5","46.4","(X)","42.8","(X)","57.3","(X)","63445","7421","-","**","65294","11369","-","**","84769","83913","-","**","56000","29501","55208","40696","60521","28545","-","**","-","**","54491","13038","81500","18265","44250","20678","67353","7124","56591","31781","68472","8035","82546","20852","53958","25872","21974","32846","29063","21922","27045","4560","24853","4109","85625","44339","51125","14129","50500","13382","-","**","(X)","(X)","(X)","(X)","(X)","(X)"
"1400000US36081019600","Census Tract 196, Queens County, New York","722","81","4.4","5.0","58.9","11.5","0.0","4.4","9.8","7.9","0.0","4.4","21.5","9.4","5.4","5.5","18.6","9.0","0.0","4.4","2.2","2.5","44.7","11.3","36.7","10.0","16.3","8.4","564","85","51.1","13.6","48.9","13.6","49.8","12.3","31.0","10.6","19.1","10.7","158","67","63.9","21.7","45.6","23.3","18.4","17.3","36.1","21.7","13.9","13.8","22.2","18.6","46.7","(X)","50.7","(X)","25.3","(X)","55481","10932","-","**","54886","17643","-","**","62009","14287","-","**","53558","24770","44620","77895","36696","15309","-","**","-","**","57292","12639","55511","18342","36964","51659","54423","24219","42639","28249","72917","46841","62009","9900","37454","10349","90500","25597","36300","12662","35050","27181","19250","20521","42750","71448","55125","18571","40000","31440","-","**","(X)","(X)","(X)","(X)","(X)","(X)"
"1400000US36081019800","Census Tract 198, Queens County, New York","764","76","8.4","6.2","47.5","8.0","2.7","4.4","12.7","6.3","0.0","4.2","22.6","8.4","6.0","4.3","22.4","6.8","2.4","3.7","6.3","4.0","47.6","9.2","30.5","8.2","15.6","4.4","622","90","56.6","12.2","43.4","12.2","43.9","10.6","37.9","11.2","18.2","8.4","142","59","50.0","21.0","28.2","18.1","21.8","20.9","50.0","21.0","38.0","21.0","12.0","15.4","57.3","(X)","59.5","(X)","45.1","(X)","34500","16998","14722","192991","26188","19658","-","**","25288","39770","-","**","53466","25442","68182","15358","60083","66015","-","**","21786","5737","27727","24904","37721","19192","43917","20025","40565","8916","26613","15821","44342","7963","54943","33756","25217","11593","43375","38932","19474","3166","17404","7474","16346","16120","-","**","19539","8730","21250","8149","-","**","(X)","(X)","(X)","(X)","(X)","(X)"
"1400000US36081019900","Census Tract 199, Queens County, New York","231","93","63.6","20.4","2.2","3.1","0.0","13.1","14.3","13.5","0.0","13.1","7.4","8.6","12.6","12.3","68.0","18.5","15.6","12.3","4.8","7.9","43.7","21.7","46.3","23.1","5.2","5.2","168","74","42.3","25.7","57.7","25.7","41.7","21.9","14.3","14.7","44.0","27.6","63","59","0.0","37.3","0.0","37.3","0.0","37.3","100.0","37.3","100.0","37.3","0.0","37.3","43.3","(X)","36.3","(X)","61.9","(X)","64917","25066","73875","55425","-","**","-","**","76058","59944","-","**","-","**","63250","49833","63583","38819","50000","87239","-","**","74375","14252","57463","92878","26250","64216","76538","20594","89861","74813","74875","31304","64500","26008","12000","11190","118214","44007","55846","30934","-","**","-","**","-","**","55846","30934","55846","30934","-","**","(X)","(X)","(X)","(X)","(X)","(X)"
"1400000US36081020200","Census Tract 202, Queens County, New York","475","22","2.1","2.7","52.8","13.9","0.0","6.6","8.8","8.6","0.0","6.6","24.8","14.0","11.4","6.8","25.5","12.6","0.8","1.5","4.6","4.0","24.8","11.4","58.3","13.5","12.2","7.7","383","56","24.0","13.4","76.0","13.4","36.3","14.9","39.9","9.4","23.8","16.4","92","49","84.8","17.7","84.8","17.7","0.0","29.0","15.2","17.7","15.2","17.7","0.0","29.0","60.2","(X)","64.2","(X)","33.7","(X)","57163","2361","-","**","56815","9935","-","**","64000","78383","-","**","57545","1953","-","**","58826","87608","-","**","-","**","58939","17263","57131","6274","36250","9938","56298","1602","24625","45286","57452","7173","94063","53076","56008","1958","48750","31948","38929","34313","39286","38456","39286","38456","-","**","26500","174203","26500","174203","-","**","(X)","(X)","(X)","(X)","(X)","(X)"
"1400000US36081020400","Census Tract 204, Queens County, New York","603","58","4.1","3.9","60.9","9.3","0.0","5.2","13.8","6.7","0.0","5.2","16.4","8.7","4.8","4.4","14.6","8.6","4.1","3.9","10.8","7.8","37.1","10.4","22.2","10.0","29.9","9.6","406","87","40.4","12.9","59.6","12.9","41.9","12.4","44.1","13.5","14.0","9.8","197","74","70.1","19.8","56.9","22.4","13.2","19.1","29.9","19.8","9.6","10.8","20.3","17.5","49.9","(X)","47.5","(X)","54.8","(X)","40859","29716","13594","5451","26685","35250","-","**","14438","20432","-","**","57417","10782","197639","237179","56500","25662","13594","5451","57538","26753","40909","34986","64063","16933","15662","2471","59015","8603","41000","33904","62143","4031","58824","8767","58516","57220","81023","123761","15110","6906","9839","6739","8790","3531","-","**","40341","214601","-","**","146250","373497","(X)","(X)","(X)","(X)","(X)","(X)"
"1400000US36081020500","Census Tract 205, Queens County, New York","306","55","72.5","15.1","0.0","10.1","0.0","10.1","13.7","13.7","0.0","10.1","11.1","8.8","2.6","3.8","66.3","14.9","17.3","8.9","2.6","4.6","32.4","12.1","52.6","14.6","12.4","7.4","226","57","56.2","17.1","43.8","17.1","78.8","14.1","11.1","9.0","10.2","10.0","80","37","25.0","21.9","25.0","21.9","0.0","32.1","75.0","21.9","51.3","24.9","23.8","18.1","35.0","(X)","32.7","(X)","41.3","(X)","47500","18920","41875","19096","-","**","-","**","105625","60221","-","**","30000","30861","-","**","34464","23738","42344","243001","-","**","32679","28847","72083","41502","29063","7595","50833","16982","46875","20477","69063","70930","51944","27044","39375","57116","25694","82542","27813","10967","23125","6401","23125","6401","-","**","29688","44379","28281","129257","31607","49509","(X)","(X)","(X)","(X)","(X)","(X)"
"1400000US36081020600","Census Tract 206, Queens County, New York","470","58","14.9","9.3","23.0","7.8","0.0","6.7","17.7","9.4","0.0","6.7","39.1","9.8","5.3","7.4","47.0","12.2","6.0","4.3","5.5","5.4","38.7","13.0","48.3","14.0","7.4","4.5","353","68","52.1","13.4","47.9","13.4","58.4","16.0","21.0","13.4","20.7","11.6","117","55","39.3","23.8","32.5","22.6","6.8","10.7","60.7","23.8","37.6","25.7","23.1","22.9","37.9","(X)","37.7","(X)","38.5","(X)","54766","12653","42500","61739","56591","19218","-","**","65977","17570","-","**","53984","16259","-","**","52695","14856","67917","9221","-","**","39554","18200","68681","9068","44625","24890","54813","19596","43750","15321","68403","5402","64688","17379","48636","15008","39792","54052","54688","16734","53333","11343","48750","14270","-","**","66477","98397","24397","85909","-","**","(X)","(X)","(X)","(X)","(X)","(X)"
"1400000US36081020800","Census Tract 208, Queens County, New York","768","40","30.2","10.7","27.1","7.8","0.0","4.1","8.3","6.8","0.0","4.1","31.8","12.3","2.6","2.7","37.9","12.8","20.3","9.4","0.0","4.1","46.4","11.3","40.8","10.9","12.9","7.4","607","89","58.3","10.2","41.7","10.2","55.4","11.9","28.3","10.8","16.3","10.0","161","85","62.1","26.4","44.7","27.1","17.4","17.6","37.9","26.4","37.9","26.4","0.0","18.2","51.2","(X)","49.9","(X)","42.9","(X)","57891","10034","84615","52999","61250","54586","-","**","24405","29631","-","**","32177","43172","-","**","53401","22644","83654","63114","-","**","32460","32578","74917","45263","54276","46468","60911","10180","60526","18581","62375","13722","64861","51487","53145","10968","58550","15564","31384","13817","14659","24232","13864","820","73269","51687","38393","21356","38393","21356","-","**","(X)","(X)","(X)","(X)","(X)","(X)"
"1400000US36081021200","Census Tract 212, Queens County, New York","671","70","20.1","8.6","8.0","6.6","0.0","4.7","21.5","8.3","0.0","4.7","43.2","9.3","7.2","5.4","55.0","9.2","7.2","5.3","6.6","6.4","28.0","9.1","41.9","11.7","23.5","9.5","426","76","41.5","11.8","58.5","11.8","63.1","15.0","23.5","12.0","13.4","10.2","245","83","42.4","18.5","35.5","18.0","6.9","8.4","57.6","18.5","52.7","18.4","4.9","7.9","35.2","(X)","39.7","(X)","19.2","(X)","34427","16533","49904","32352","34792","48790","-","**","43750","32302","-","**","25833","4837","91579","11673","27098","13321","27083","91199","8947","429","37500","24039","60938","43985","21912","20808","54423","20644","42768","16881","69886","16927","69432","17738","26768","12721","49107","79798","20759","7458","19000","9119","16250","10273","-","**","26008","21730","25524","27440","-","**","(X)","(X)","(X)","(X)","(X)","(X)"
"1400000US36081021400","Census Tract 214, Queens County, New York","2152","134","30.5","10.2","9.7","3.9","0.0","1.5","22.7","7.5","0.0","1.5","31.2","8.1","6.0","5.2","41.7","8.7","17.8","6.4","0.0","1.5","47.8","10.6","42.1","8.8","10.1","5.0","1429","178","60.0","11.2","40.0","11.2","64.2","11.6","27.8","11.2","8.0","6.5","723","180","54.1","17.5","47.4","15.7","6.6","8.4","45.9","17.5","42.9","17.3","3.0","2.7","34.3","(X)","37.0","(X)","28.9","(X)","49599","20703","56563","36116","34141","18892","-","**","61389","22582","-","**","47762","14986","70603","5481","44345","13453","66563","41926","-","**","62616","29305","49755","19763","40841","2506","63750","24062","56198","22174","70722","30690","67024","19007","37482","43115","71118","47116","45406","12696","38665","12441","32325","14188","-","**","48882","22180","48947","22358","-","**","(X)","(X)","(X)","(X)","(X)","(X)"
"1400000US36081021600","Census Tract 216, Queens County, New York","1886","93","51.9","7.1","12.5","4.7","1.8","2.8","13.7","4.4","0.0","1.7","17.1","6.9","3.0","2.8","27.3","6.5","46.1","6.5","2.2","2.8","30.7","6.3","39.9","6.6","27.2","4.6","1145","150","37.2","9.2","62.8","9.2","80.2","9.2","13.8","7.9","6.0","6.9","741","142","55.7","11.7","52.9","12.0","2.8","3.1","44.3","11.7","36.4","11.5","7.8","6.8","42.0","(X)","41.7","(X)","42.5","(X)","62903","10180","64400","28740","95972","46031","-","**","50781","9605","-","**","56964","29127","42656","76963","56910","27017","62700","20362","-","**","89968","13045","68657","51936","30324","24280","93092","40210","41944","98399","100817","33089","102212","21726","60076","37007","-","**","52174","4737","50717","14521","50287","20326","-","**","55903","7943","53611","18188","56597","25338","(X)","(X)","(X)","(X)","(X)","(X)"
"1400000US36081021900","Census Tract 219, Queens County, New York","4","5","100.0","100.0","0.0","100.0","0.0","100.0","0.0","100.0","0.0","100.0","0.0","100.0","0.0","100.0","0.0","100.0","100.0","100.0","0.0","100.0","0.0","100.0","100.0","100.0","0.0","100.0","0","12","-","**","-","**","-","**","-","**","-","**","4","5","100.0","100.0","100.0","100.0","0.0","100.0","0.0","100.0","0.0","100.0","0.0","100.0","0.0","(X)","-","(X)","0.0","(X)","-","**","-","**","-","**","-","**","-","**","-","**","-","**","-","**","-","**","-","**","-","**","-","**","-","**","-","**","-","**","-","**","-","**","-","**","-","**","-","**","-","**","-","**","-","**","-","**","-","**","-","**","-","**","(X)","(X)","(X)","(X)","(X)","(X)"
"1400000US36081022001","Census Tract 220.01, Queens County, New York","2706","130","46.3","7.2","15.5","5.5","0.8","0.9","22.3","6.0","0.0","1.2","10.7","4.3","4.4","2.7","19.9","4.7","42.7","7.3","5.5","3.7","45.5","7.1","35.4","6.4","13.6","3.4","1447","191","41.3","10.0","58.7","10.0","67.8","10.4","22.4","9.5","9.8","6.9","1259","172","61.6","10.9","51.7","10.6","9.9","5.8","38.4","10.9","31.6","9.6","6.8","6.0","23.5","(X)","25.9","(X)","20.7","(X)","60213","9241","54805","16984","60804","20458","-","**","64375","22759","-","**","85298","75967","11696","89690","48750","23799","57778","17223","9967","108280","62578","11335","73021","27090","41417","20395","64913","19294","58984","28838","69844","19930","65288","25304","51722","11355","87440","37773","53823","5427","53628","5848","50288","11575","117804","33714","55982","28661","55357","26837","80875","169101","(X)","(X)","(X)","(X)","(X)","(X)"
"1400000US36081022002","Census Tract 220.02, Queens County, New York","2505","142","50.7","7.1","18.7","6.1","0.0","1.3","17.5","5.4","0.0","1.3","9.6","4.9","3.5","2.3","22.5","6.9","39.2","6.9","3.5","3.4","41.6","7.6","39.8","7.9","15.0","4.4","1408","190","40.5","9.7","59.5","9.7","64.9","9.1","22.6","7.8","12.5","5.7","1097","204","42.4","11.5","42.3","11.4","0.1","1.1","57.6","11.5","52.1","12.4","5.6","7.8","24.0","(X)","25.5","(X)","18.4","(X)","60077","8774","51361","8349","77115","24411","-","**","70787","11442","-","**","76389","39764","49706","74661","76402","2481","45425","12182","93618","42817","72188","13913","50139","13791","36641","24939","76940","18670","75185","27254","86034","19281","86615","26073","51154","14945","93167","16172","48886","10354","48042","20752","48083","20443","-","**","55109","18836","46654","17109","-","**","(X)","(X)","(X)","(X)","(X)","(X)"
"1400000US36081022900","Census Tract 229, Queens County, New York","0","12","-","**","-","**","-","**","-","**","-","**","-","**","-","**","-","**","-","**","-","**","-","**","-","**","-","**","0","12","-","**","-","**","-","**","-","**","-","**","0","12","-","**","-","**","-","**","-","**","-","**","-","**","-","(X)","-","(X)","-","(X)","-","**","-","**","-","**","-","**","-","**","-","**","-","**","-","**","-","**","-","**","-","**","-","**","-","**","-","**","-","**","-","**","-","**","-","**","-","**","-","**","-","**","-","**","-","**","-","**","-","**","-","**","-","**","(X)","(X)","(X)","(X)","(X)","(X)"
"1400000US36081023000","Census Tract 230, Queens County, New York","497","73","36.6","10.5","5.6","4.8","0.0","6.3","42.7","11.9","0.0","6.3","15.1","10.4","0.0","6.3","20.9","10.3","30.8","10.1","0.8","1.3","34.6","12.0","44.1","11.1","20.5","10.5","460","75","54.1","11.9","45.9","11.9","84.6","10.1","11.5","8.2","3.9","5.3","37","34","40.5","43.7","40.5","43.7","0.0","48.8","59.5","43.7","13.5","24.1","45.9","50.1","45.7","(X)","43.7","(X)","59.5","(X)","100417","70651","115263","27460","53750","92768","-","**","71458","81543","-","**","60956","56156","-","**","113125","94142","116458","80084","-","**","58472","93196","112750","51376","92500","76670","71042","69364","101750","60365","61691","51789","72188","75682","61103","54205","175769","199737","123015","34494","51750","84538","51750","84538","-","**","-","**","-","**","-","**","(X)","(X)","(X)","(X)","(X)","(X)"
"1400000US36081023200","Census Tract 232, Queens County, New York","1686","89","25.6","7.3","13.1","4.3","0.0","1.9","26.0","6.9","0.0","1.9","28.2","7.4","7.1","3.8","38.1","6.9","18.8","6.3","1.3","2.0","41.9","8.3","40.9","7.6","15.8","4.8","1035","129","36.1","9.2","63.9","9.2","66.8","9.7","15.2","7.8","18.1","8.9","651","122","46.5","15.5","31.5","12.4","15.1","9.4","53.5","15.5","39.9","14.4","13.5","10.8","34.6","(X)","33.7","(X)","32.3","(X)","63750","15074","56167","15092","66033","13627","-","**","58472","58235","-","**","59333","35156","90719","8921","68100","34075","54764","8238","-","**","57440","16306","84559","18569","38958","29629","71806","35756","67188","52490","82875","41998","83906","27335","54028","61809","56993","25771","55387","9754","53477","9450","47583","29045","54609","108351","56970","22617","46284","27334","79615","63284","(X)","(X)","(X)","(X)","(X)","(X)"
"1400000US36081023500","Census Tract 235, Queens County, New York","2616","120","53.8","6.9","3.2","2.6","0.0","1.2","24.9","6.0","0.0","1.2","16.0","5.5","2.1","2.3","56.8","6.1","14.4","4.7","3.7","2.8","54.9","7.3","31.1","6.6","10.2","3.2","1835","165","45.7","7.8","54.3","7.8","62.7","6.7","21.0","6.8","16.2","5.9","781","156","40.1","13.8","27.7","11.5","12.4","9.0","59.9","13.8","32.3","14.6","27.7","12.1","50.9","(X)","50.6","(X)","44.2","(X)","46600","5909","53181","8280","30625","6875","-","**","41118","19883","-","**","45735","11281","-","**","46197","6413","59265","6623","32000","85202","47784","19166","46079","4765","47500","16537","43089","5409","31867","5046","47283","4877","45313","7249","30667","21565","45139","26150","47039","23522","24554","25872","13598","7124","91442","48913","54915","8070","32368","15887","60608","5029","(X)","(X)","(X)","(X)","(X)","(X)"
"1400000US36081023600","Census Tract 236, Queens County, New York","749","53","27.0","9.0","9.1","5.2","0.0","4.2","32.2","7.7","0.0","4.2","27.8","9.2","4.0","3.2","39.8","8.3","14.3","7.4","3.9","4.4","26.0","8.7","45.9","9.1","24.2","6.9","548","71","40.1","9.4","59.9","9.4","57.8","9.9","25.4","8.0","16.8","9.0","201","75","43.3","21.0","39.8","20.2","3.5","5.3","56.7","21.0","40.3","24.5","16.4","14.4","42.6","(X)","36.9","(X)","50.7","(X)","41250","13544","28393","15610","40500","34290","-","**","71375","18097","-","**","38571","8415","45682","56179","36207","9141","29777","56389","-","**","45114","19004","37419","30941","38988","19721","56346","12238","37143","26019","62857","11480","63063","10953","35563","8854","67083","28792","28125","7166","12050","26696","11700","19299","-","**","29107","4922","27634","3861","90703","70719","(X)","(X)","(X)","(X)","(X)","(X)"
"1400000US36081023800","Census Tract 238, Queens County, New York","1386","104","10.8","5.2","21.6","5.6","0.0","2.3","24.5","5.2","0.0","2.3","35.9","7.1","7.1","4.0","46.8","6.5","4.7","3.6","5.9","3.9","31.8","9.0","48.4","8.8","13.9","5.7","1003","123","49.7","10.1","50.3","10.1","67.1","8.8","22.6","8.4","10.3","5.5","383","114","57.7","13.9","49.3","15.3","8.4","8.3","42.3","13.9","30.3","14.3","12.0","8.8","39.8","(X)","38.6","(X)","28.2","(X)","37313","5561","37250","63352","57045","18672","-","**","21731","5354","-","**","41250","7943","44013","9324","37533","6462","80573","18612","38125","33621","32768","15917","43565","12941","25417","30562","37844","7346","26625","8638","49801","12661","42768","11204","22281","23188","38036","53261","34063","10835","11922","20313","11325","6190","45417","23805","37955","13313","35114","3822","49792","38618","(X)","(X)","(X)","(X)","(X)","(X)"
"1400000US36081024000","Census Tract 240, Queens County, New York","1900","105","15.6","5.2","21.2","5.7","0.0","1.7","13.5","4.6","0.0","1.7","43.4","6.6","6.4","3.9","53.1","6.0","4.4","2.8","1.2","1.8","46.6","7.9","37.6","7.0","14.6","4.4","1385","145","53.7","9.5","46.3","9.5","52.3","9.3","23.9","7.1","23.8","9.0","515","142","60.6","15.3","55.1","15.2","5.4","8.5","39.4","15.3","26.4","14.0","13.0","11.8","46.2","(X)","49.8","(X)","35.1","(X)","36453","4737","53210","21802","53056","26109","-","**","30208","9132","-","**","32672","6090","48950","20429","33969","5259","36389","37192","-","**","37621","8131","35244","9930","31000","17325","33581","4844","28681","5551","41766","10037","33835","4060","31875","46608","32420","17128","35701","17130","21875","29574","25921","45058","-","**","37813","23830","38000","24204","37393","169743","(X)","(X)","(X)","(X)","(X)","(X)"
"1400000US36081024300","Census Tract 243, Queens County, New York","1787","118","59.3","7.4","1.5","2.3","0.0","1.8","31.1","6.6","0.0","1.8","5.9","3.9","2.4","1.8","27.6","8.0","37.6","7.2","1.2","2.0","28.1","6.8","43.0","6.9","27.6","6.4","1315","127","36.7","11.5","63.3","11.5","65.2","8.6","25.3","8.4","9.4","5.5","472","135","50.6","16.0","34.7","14.6","15.9","12.5","49.4","16.0","32.2","13.2","17.2","14.3","51.3","(X)","49.3","(X)","52.1","(X)","60798","6328","58859","9582","-","**","-","**","60274","26206","-","**","72031","82927","87500","112966","61518","21764","58929","18255","-","**","60573","18249","60976","18617","59348","14443","59010","13621","60701","18538","56897","16321","57778","11549","66131","46696","54250","37045","48696","27883","37917","44144","24444","7597","83973","38468","49511","43129","48696","34315","117841","126775","(X)","(X)","(X)","(X)","(X)","(X)"
"1400000US36081024500","Census Tract 245, Queens County, New York","2190","50","60.9","8.2","3.3","2.4","0.0","1.5","20.6","6.1","0.0","1.5","13.2","7.9","2.0","2.1","31.4","7.7","45.2","6.7","1.2","1.3","25.6","7.7","43.2","7.9","29.9","7.6","1579","179","36.4","10.5","63.6","10.5","63.6","9.1","21.7","7.6","14.8","6.7","611","168","65.0","17.0","62.7","18.0","2.3","3.8","35.0","17.0","23.9","14.5","11.1","11.0","37.0","(X)","38.2","(X)","33.9","(X)","51615","14205","69854","6745","53839","30538","-","**","40601","19320","-","**","28666","15239","32188","72590","41065","24487","71091","11411","-","**","67534","19539","51627","16212","37404","10958","60110","32779","69188","13365","41828","14571","68188","39013","40875","35680","53839","54003","49316","17166","29592","8818","29212","9566","-","**","66406","16787","67292","28683","52361","26178","(X)","(X)","(X)","(X)","(X)","(X)"
"1400000US36081024600","Census Tract 246, Queens County, New York","0","12","-","**","-","**","-","**","-","**","-","**","-","**","-","**","-","**","-","**","-","**","-","**","-","**","-","**","0","12","-","**","-","**","-","**","-","**","-","**","0","12","-","**","-","**","-","**","-","**","-","**","-","**","-","(X)","-","(X)","-","(X)","-","**","-","**","-","**","-","**","-","**","-","**","-","**","-","**","-","**","-","**","-","**","-","**","-","**","-","**","-","**","-","**","-","**","-","**","-","**","-","**","-","**","-","**","-","**","-","**","-","**","-","**","-","**","(X)","(X)","(X)","(X)","(X)","(X)"
"1400000US36081024700","Census Tract 247, Queens County, New York","481","40","51.8","10.6","0.8","1.5","0.0","6.5","32.2","9.8","0.0","6.5","14.1","7.7","1.0","1.6","38.0","10.6","27.9","9.5","3.1","3.3","48.4","10.6","34.7","11.1","13.7","7.8","311","58","48.9","14.7","51.1","14.7","72.3","12.6","19.3","11.9","8.4","6.7","170","51","40.6","16.8","20.6","11.2","20.0","16.5","59.4","16.8","54.1","16.5","5.3","6.0","47.6","(X)","56.3","(X)","31.8","(X)","50189","9185","46713","13694","-","**","-","**","50950","10646","-","**","39063","38998","-","**","40125","6420","59141","18929","-","**","51023","5626","58487","25716","38281","32222","43438","21242","43542","19555","39922","55792","52639","26809","38750","4723","75250","57370","51136","2735","46080","7364","45966","798","102639","145135","52083","8209","51742","3321","-","**","(X)","(X)","(X)","(X)","(X)","(X)"
"1400000US36081024900","Census Tract 249, Queens County, New York","1966","166","52.3","8.5","0.7","1.1","0.0","1.6","40.4","8.3","0.0","1.6","4.6","4.5","2.0","2.0","25.3","7.3","31.6","6.9","1.7","2.8","50.4","7.1","35.1","8.1","12.7","4.6","1031","191","46.3","13.1","53.7","13.1","78.5","13.0","19.2","12.0","2.3","2.7","935","167","44.9","11.9","32.6","10.2","12.3","8.7","55.1","11.9","28.9","11.8","26.2","10.6","32.5","(X)","49.9","(X)","13.4","(X)","59383","9127","51922","6407","-","**","-","**","74091","15389","-","**","82949","98958","46442","130178","48939","26520","53519","6384","-","**","69339","10894","54213","15516","27609","11319","67953","17246","69347","16062","59539","20464","68097","18925","67569","70231","-","**","54676","10389","18265","10138","17386","16064","18935","35815","63301","14205","57833","12205","102533","59625","(X)","(X)","(X)","(X)","(X)","(X)"
"1400000US36081025100","Census Tract 251, Queens County, New York","2365","144","56.2","9.4","0.7","1.1","0.0","1.4","25.2","7.6","0.0","1.4","16.2","7.3","1.6","2.0","40.6","7.7","35.6","7.3","2.3","2.8","44.2","7.9","32.1","8.1","21.4","5.0","1069","203","46.9","11.6","53.1","11.6","67.1","12.8","28.0","13.7","5.0","5.0","1296","223","36.9","11.2","31.5","10.8","5.4","3.2","63.1","11.2","33.0","11.8","30.1","11.5","36.1","(X)","35.0","(X)","37.0","(X)","45452","7301","45313","8053","-","**","-","**","48359","32334","-","**","42392","34228","-","**","44405","10010","36983","18635","-","**","56500","10192","41991","19206","30114","19656","58144","19073","84083","44510","45372","13300","70433","24646","42844","6017","16302","56921","37438","12407","25167","26586","21154","13875","51810","18243","41019","20168","35962","6625","60714","11186","(X)","(X)","(X)","(X)","(X)","(X)"
"1400000US36081025301","Census Tract 253.01, Queens County, New York","1888","121","70.7","6.2","1.1","1.2","0.0","1.7","19.9","6.4","0.0","1.7","6.0","4.3","2.4","2.1","34.3","8.3","42.4","7.5","1.4","1.4","52.3","7.4","33.4","7.2","12.9","4.3","715","146","44.6","10.2","55.4","10.2","78.0","10.2","18.0","9.4","3.9","5.1","1173","164","50.5","11.5","45.7","10.9","4.8","4.6","49.5","11.5","27.9","9.9","21.7","8.4","50.7","(X)","50.9","(X)","50.6","(X)","53952","8885","56161","7803","-","**","-","**","59563","55138","-","**","26425","2277","108897","111381","52500","22145","58214","20782","37969","22477","58782","6936","49844","29863","26875","22579","68828","26046","58750","36810","77917","24610","82500","26574","24922","11216","-","**","41250","14369","30566","9058","30425","9676","150242","257765","58938","23426","40096","13431","86048","46479","(X)","(X)","(X)","(X)","(X)","(X)"
"1400000US36081025302","Census Tract 253.02, Queens County, New York","1082","131","60.3","10.6","2.4","3.1","0.0","3.0","28.1","6.8","0.0","3.0","9.2","7.4","0.0","3.0","36.8","8.3","33.1","8.7","4.4","4.7","51.4","10.8","35.7","10.4","8.5","4.9","458","135","49.3","17.5","50.7","17.5","50.4","15.5","29.9","12.3","19.7","11.8","624","136","46.6","13.7","24.8","10.6","21.8","13.7","53.4","13.7","42.8","13.4","10.6","9.2","35.7","(X)","40.8","(X)","31.9","(X)","53235","7666","54632","9182","-","**","-","**","37917","6864","-","**","67596","8675","-","**","47361","35766","59052","12807","2,500-","***","55500","7543","54762","20630","17188","8433","45852","12267","38750","11727","64444","11407","53869","22758","53162","30948","24315","14483","52917","8473","50781","39264","50781","54814","55000","121576","53375","8495","49627","8588","80536","26876","(X)","(X)","(X)","(X)","(X)","(X)"
"1400000US36081025400","Census Tract 254, Queens County, New York","2906","171","1.5","1.3","72.0","6.9","3.4","3.8","6.7","3.8","0.0","1.1","15.4","5.8","1.0","1.1","14.1","5.5","0.8","0.8","0.9","1.5","36.6","8.5","40.0","7.7","22.5","5.1","2052","224","55.3","10.6","44.7","10.6","35.0","9.6","55.5","10.5","9.5","6.4","854","191","57.1","12.9","46.0","13.6","11.1","8.7","42.9","12.9","35.8","13.0","7.0","7.6","51.7","(X)","54.1","(X)","44.5","(X)","32574","7157","51000","155412","36034","6702","-","**","25362","8531","-","**","26842","22211","-","**","24837","18360","125446","113920","-","**","36935","17125","42279","21658","15679","4297","37130","10140","28807","10791","58333","22552","75884","22178","30268","13668","28295","27220","18145","6053","14414","2660","13908","1878","46292","140249","25789","16413","21250","16825","110526","68614","(X)","(X)","(X)","(X)","(X)","(X)"
"1400000US36081025500","Census Tract 255, Queens County, New York","492","52","56.9","12.0","0.0","6.4","0.8","1.5","39.0","12.0","0.0","6.4","1.8","2.0","1.4","2.3","13.8","9.6","48.0","12.5","4.1","5.9","38.2","12.5","40.9","13.2","16.9","7.6","315","74","33.7","13.3","66.3","13.3","78.7","11.3","14.0","8.8","7.3","7.0","177","70","48.0","26.4","37.9","22.3","10.2","11.4","52.0","26.4","36.2","23.3","15.8","19.7","41.7","(X)","36.5","(X)","50.8","(X)","73482","8698","73571","23553","-","**","-","**","97500","53455","-","**","-","**","-","**","46250","43541","79167","52121","-","**","74250","36108","74583","88212","72750","58484","94063","32677","76875","33819","107188","56752","105481","26310","51875","63307","44417","29279","32813","18043","33438","22934","30938","21502","122750","114906","24500","108353","2,500-","***","-","**","(X)","(X)","(X)","(X)","(X)","(X)"
"1400000US36081025700","Census Tract 257, Queens County, New York","480","66","67.3","11.2","0.0","6.5","0.0","6.5","25.6","10.1","0.0","6.5","1.3","2.5","5.8","7.1","32.9","9.9","35.6","11.5","2.1","3.3","46.0","13.3","32.7","9.4","19.2","9.6","251","74","30.7","16.0","69.3","16.0","80.1","15.3","17.5","14.6","2.4","4.9","229","76","38.9","17.2","38.9","17.2","0.0","13.2","61.1","17.2","52.8","17.6","8.3","9.2","47.1","(X)","53.8","(X)","39.7","(X)","63000","22634","51563","35159","-","**","-","**","79453","90757","-","**","-","**","44250","46186","75217","50056","43194","20945","-","**","66705","26578","84028","48014","25500","20590","79297","22677","75815","10129","93281","30820","86875","21408","76848","73798","-","**","35438","9149","28036","28717","28036","28717","-","**","36125","7352","32438","9105","-","**","(X)","(X)","(X)","(X)","(X)","(X)"
"1400000US36081025800","Census Tract 258, Queens County, New York","504","55","2.4","2.5","91.3","6.0","0.0","6.2","4.6","4.6","0.0","6.2","0.0","6.2","1.8","2.6","2.4","2.5","1.2","1.8","2.6","4.2","46.0","12.8","37.5","11.2","13.9","8.2","411","60","53.0","12.9","47.0","12.9","33.8","12.1","52.1","13.5","14.1","7.6","93","49","61.3","27.5","39.8","26.6","21.5","23.8","38.7","27.5","25.8","24.9","12.9","20.4","44.2","(X)","45.5","(X)","23.7","(X)","55694","15463","-","**","55278","15502","-","**","107788","51862","-","**","-","**","-","**","-","**","-","**","-","**","55278","31771","61705","36352","48125","31558","51411","7654","50463","15735","63068","30326","79792","23428","34868","20102","51574","3888","45288","19472","36161","37584","35625","43945","-","**","144375","102891","160500","209407","-","**","(X)","(X)","(X)","(X)","(X)","(X)"
"1400000US36081025900","Census Tract 259, Queens County, New York","1122","85","59.3","8.9","1.8","1.7","1.0","1.5","29.0","6.4","0.0","2.9","7.9","5.3","1.1","1.3","44.3","7.4","24.2","7.1","1.5","2.5","60.5","8.5","25.8","7.5","12.1","4.3","522","113","50.4","12.3","49.6","12.3","73.8","9.8","11.5","7.4","14.8","8.7","600","107","46.0","12.3","41.7","12.5","4.3","5.6","54.0","12.3","31.8","13.0","22.2","12.6","31.1","(X)","51.1","(X)","13.7","(X)","45789","8796","49111","9877","38571","20341","-","**","34453","25207","-","**","18750","26679","-","**","41219","5352","65417","17521","-","**","49543","7504","36579","41235","27250","13385","43661","7817","31845","8212","54732","28171","49438","22721","26250","11820","35729","33561","42109","15046","31638","10264","30517","12031","-","**","51458","9808","39241","18065","60313","22837","(X)","(X)","(X)","(X)","(X)","(X)"
"1400000US36081026000","Census Tract 260, Queens County, New York","662","64","6.0","3.4","81.0","5.9","0.0","4.8","3.0","2.8","0.0","4.8","10.0","5.5","0.0","4.8","16.0","5.5","0.0","4.8","1.4","2.3","43.1","9.5","42.9","9.8","12.7","5.4","523","71","51.2","12.0","48.8","12.0","31.9","10.7","53.3","11.0","14.7","9.0","139","47","61.2","20.3","33.8","21.8","27.3","20.9","38.8","20.3","24.5","14.9","14.4","16.4","67.2","(X)","69.8","(X)","47.5","(X)","43707","8567","45192","2604","39844","11608","-","**","74375","118302","-","**","45556","28228","-","**","45341","9805","-","**","-","**","39922","13800","52647","14176","36719","81483","43347","8159","23333","31620","47986","6018","69297","45962","28922","7761","49653","74978","24375","23288","17404","46902","11645","4068","57813","26804","24500","21521","25000","14575","-","**","(X)","(X)","(X)","(X)","(X)","(X)"
"1400000US36081026100","Census Tract 261, Queens County, New York","2384","126","38.7","7.7","3.3","3.1","0.2","0.6","47.7","7.5","0.0","1.4","6.6","3.3","3.4","3.8","34.1","7.8","14.8","4.9","0.9","1.3","47.5","8.2","38.0","8.1","13.6","5.0","1708","206","48.8","9.6","51.2","9.6","72.8","9.9","21.5","7.4","5.7","5.3","676","181","25.9","13.2","23.4","11.6","2.5","3.9","74.1","13.2","54.7","20.0","19.4","16.5","43.8","(X)","49.1","(X)","25.9","(X)","47301","4620","50472","12298","56875","36443","-","**","47361","5559","-","**","38333","20426","72616","89205","42419","15067","51140","18869","-","**","47571","5548","49321","16809","45699","23523","48147","4740","43525","7316","52250","12790","51036","6542","40515","12042","48281","1407","34801","11911","11287","25173","10662","21838","-","**","39097","19792","35735","12732","73160","40013","(X)","(X)","(X)","(X)","(X)","(X)"
"1400000US36081026200","Census Tract 262, Queens County, New York","424","30","8.0","8.7","64.2","14.7","0.0","7.4","4.5","5.9","0.0","7.4","20.3","14.1","3.1","3.8","27.4","14.9","0.0","7.4","0.0","7.4","33.5","10.3","43.2","8.4","23.3","10.9","362","51","53.0","15.8","47.0","15.8","60.8","11.8","37.3","12.4","1.9","2.5","62","38","59.7","33.6","59.7","33.6","0.0","37.6","40.3","33.6","40.3","33.6","0.0","37.6","54.2","(X)","51.7","(X)","69.4","(X)","49130","20390","80568","27341","58375","35396","-","**","-","**","-","**","34512","20119","-","**","47188","38584","-","**","-","**","59500","18723","48417","31316","35469","21323","49457","17504","48261","4790","58875","24711","64605","21298","43580","21324","-","**","18000","23380","19125","15271","19125","15271","-","**","-","**","-","**","-","**","(X)","(X)","(X)","(X)","(X)","(X)"
"1400000US36081026300","Census Tract 263, Queens County, New York","2035","145","31.1","10.6","1.4","1.7","0.0","1.6","52.0","9.0","0.0","1.6","11.1","7.5","4.4","4.2","28.8","8.3","15.2","4.7","3.7","4.0","49.3","9.1","30.4","7.1","16.6","6.4","1390","209","39.1","11.9","60.9","11.9","57.1","10.5","27.6","9.1","15.3","9.9","645","199","35.0","15.0","28.8","14.2","6.2","7.4","65.0","15.0","47.4","19.7","17.5","15.1","50.1","(X)","50.9","(X)","46.7","(X)","49263","13617","38438","11404","-","**","-","**","56875","19331","-","**","51528","33453","17014","11727","37123","10746","50288","37977","32399","170625","67619","36262","55392","16474","27667","12818","53056","20838","47826","19259","60278","33428","44089","21240","46094","65417","62477","31210","34838","13093","24816","19340","24853","28753","6250","64898","36432","25417","33843","4037","210234","186106","(X)","(X)","(X)","(X)","(X)","(X)"
"1400000US36081026400","Census Tract 264, Queens County, New York","744","64","6.3","4.1","84.5","6.4","0.0","4.3","2.6","3.1","0.0","4.3","6.0","4.2","0.5","1.0","12.5","5.8","0.0","4.3","0.0","4.3","28.6","8.9","38.4","9.5","32.9","7.9","400","71","44.0","14.8","56.0","14.8","40.8","14.5","47.8","14.3","11.5","8.1","344","83","55.8","18.8","50.6","18.8","5.2","5.7","44.2","18.8","34.0","16.8","10.2","11.8","47.3","(X)","42.0","(X)","48.3","(X)","46742","9626","92625","59060","43882","11725","-","**","-","**","-","**","56750","33353","-","**","52292","39805","-","**","-","**","43550","4616","74815","29964","16116","7498","70000","40399","40357","13053","90385","11373","86563","39266","45550","5718","88667","2714","22083","11671","17411","24466","16607","15069","-","**","23000","17626","12788","13432","66150","830","(X)","(X)","(X)","(X)","(X)","(X)"
"1400000US36081026500","Census Tract 265, Queens County, New York","1418","89","30.4","6.3","2.5","2.4","0.0","2.3","61.6","6.8","0.0","2.3","5.1","4.0","0.5","0.9","22.5","7.0","13.5","5.8","1.8","2.1","55.9","8.4","33.1","7.1","9.2","5.1","813","145","52.5","13.7","47.5","13.7","61.4","11.5","19.7","8.6","18.9","8.6","605","146","43.0","16.3","32.7","14.9","10.2","6.6","57.0","16.3","33.7","14.3","23.3","12.2","40.1","(X)","35.2","(X)","40.7","(X)","49359","5909","56494","12910","2,500-","***","-","**","43911","9612","-","**","51324","87875","-","**","51691","21231","70391","32463","-","**","51136","8681","47422","23424","16250","11155","47083","10745","44609","17453","47500","15096","51719","22294","38750","14026","48472","11783","39469","13653","28929","20621","16591","19388","56667","82188","50250","29043","34409","8253","74548","54263","(X)","(X)","(X)","(X)","(X)","(X)"
"1400000US36081026600","Census Tract 266, Queens County, New York","807","44","1.7","2.9","77.7","9.2","3.5","4.4","5.1","3.7","0.0","3.9","7.3","6.7","4.7","3.8","8.7","7.1","0.0","3.9","0.0","3.9","8.8","5.2","32.6","9.2","58.6","9.1","383","70","29.8","8.6","70.2","8.6","47.3","14.7","44.9","15.0","7.8","7.3","424","66","77.4","9.9","77.4","9.9","0.0","7.4","22.6","9.9","20.5","9.2","2.1","3.8","48.0","(X)","65.0","(X)","32.5","(X)","28160","6794","-","**","24875","9470","-","**","6830","1190","-","**","67765","24690","28088","9988","68409","12741","-","**","-","**","74018","45130","68598","10286","14760","4505","67689","10452","72593","26426","67614","13068","75060","26540","68409","16433","61184","3826","11705","5139","12188","5329","12188","5329","-","**","10417","30790","9708","19105","-","**","(X)","(X)","(X)","(X)","(X)","(X)"
"1400000US36081026700","Census Tract 267, Queens County, New York","2033","110","45.5","6.6","0.5","0.9","3.0","3.8","44.4","7.1","0.0","1.6","4.1","3.7","2.3","1.9","44.1","6.4","4.9","3.1","1.9","1.8","53.2","7.4","35.1","7.1","9.9","4.5","1424","153","39.2","9.2","60.8","9.2","54.6","8.4","24.4","9.2","21.0","9.2","609","159","31.0","14.0","18.2","11.6","12.8","9.2","69.0","14.0","40.1","14.7","28.9","16.0","53.0","(X)","52.0","(X)","55.2","(X)","49563","9031","53140","10674","-","**","-","**","42341","21472","-","**","72237","156991","118162","122445","49354","11948","72188","26172","35735","16868","55885","16643","49688","10775","31094","15493","55809","11047","54653","13652","57500","15707","62567","9954","53158","41896","47198","24613","40478","9062","40292","17575","28487","17949","71711","38054","40588","13323","28750","21152","74355","28540","(X)","(X)","(X)","(X)","(X)","(X)"
"1400000US36081026901","Census Tract 269.01, Queens County, New York","1643","90","49.6","9.4","0.0","2.0","0.0","2.0","43.8","8.1","0.0","2.0","5.9","3.8","0.7","1.2","49.0","7.9","6.5","3.3","4.4","5.4","46.3","7.2","32.0","7.9","17.3","6.0","1036","136","41.0","9.5","59.0","9.5","54.3","10.5","17.8","8.6","27.9","10.3","607","127","40.2","14.0","33.8","12.9","6.4","8.1","59.8","14.0","37.9","15.7","21.9","11.9","53.0","(X)","49.0","(X)","50.1","(X)","51235","9009","55275","15923","-","**","-","**","50541","12116","-","**","71696","44690","-","**","55953","14163","50179","26931","57132","55239","51976","19503","52201","9059","17114","20661","55097","8791","45296","11037","57159","5916","58494","14036","11094","14493","56282","9321","36793","5370","34875","15312","27431","16676","-","**","36902","5967","33194","13511","56602","98635","(X)","(X)","(X)","(X)","(X)","(X)"
"1400000US36081026902","Census Tract 269.02, Queens County, New York","1525","47","33.3","7.9","2.6","2.9","0.0","2.1","55.0","8.4","0.0","2.1","7.1","5.3","2.0","2.1","35.2","7.4","7.1","4.1","0.0","2.1","41.6","7.8","42.1","8.0","16.3","6.7","980","141","43.6","11.8","56.4","11.8","59.0","10.5","28.6","9.9","12.4","8.7","545","137","43.7","14.5","26.6","12.5","17.1","12.9","56.3","14.5","40.6","15.5","15.8","11.6","50.6","(X)","57.8","(X)","34.1","(X)","36778","6341","36864","19570","-","**","-","**","38277","10313","-","**","8452","73821","-","**","35487","13348","65352","81430","-","**","41364","17942","35882","8790","35640","43265","42946","9654","40865","7526","47109","19727","47892","6537","30000","17591","22073","23519","30827","6384","27344","20748","11681","22909","32599","6464","31679","6588","33563","38821","31071","28239","(X)","(X)","(X)","(X)","(X)","(X)"
"1400000US36081027000","Census Tract 270, Queens County, New York","447","55","6.3","5.8","68.5","15.1","0.0","7.0","0.0","7.0","0.0","7.0","25.3","15.4","0.0","7.0","22.1","16.9","2.9","5.0","0.0","7.0","24.8","11.6","53.2","15.6","21.9","10.0","378","63","61.1","15.0","38.9","15.0","31.5","14.2","67.2","14.3","1.3","2.9","69","46","49.3","40.0","49.3","40.0","0.0","35.4","50.7","40.0","50.7","40.0","0.0","35.4","61.1","(X)","65.6","(X)","36.2","(X)","55313","19727","43125","49559","52500","31276","-","**","-","**","-","**","110288","204253","-","**","53125","350296","-","**","-","**","73203","48995","57237","61826","35577","25125","57105","32034","76131","20597","31563","21346","100489","45054","36538","43565","-","**","17452","20167","52500","51156","52500","51156","-","**","-","**","-","**","-","**","(X)","(X)","(X)","(X)","(X)","(X)"
"1400000US36081027100","Census Tract 271, Queens County, New York","2762","89","40.2","6.7","4.8","2.7","0.0","1.2","45.0","4.8","0.0","1.2","5.9","4.3","4.0","3.1","42.7","5.0","7.7","3.2","2.6","2.9","39.9","7.5","39.4","7.0","18.0","6.1","2097","185","43.5","8.1","56.5","8.1","71.5","9.1","20.6","7.9","7.9","5.5","665","182","49.8","17.7","41.7","18.1","8.1","9.7","50.2","17.7","47.7","17.5","2.6","4.2","49.3","(X)","51.7","(X)","35.9","(X)","48900","14371","58211","6094","57338","37314","-","**","37500","10419","-","**","12444","22117","75262","53806","54000","13283","43571","35628","-","**","51631","16980","53341","11957","24638","7415","42254","18748","41696","20405","43594","19873","57685","14982","28636","8548","38322","20791","19601","16433","12589","9991","13065","14254","-","**","37941","33519","38566","32953","-","**","(X)","(X)","(X)","(X)","(X)","(X)"
"1400000US36081027200","Census Tract 272, Queens County, New York","604","16","0.0","5.2","96.2","3.6","0.0","5.2","0.0","5.2","0.0","5.2","1.3","2.1","2.5","2.6","2.8","3.2","0.0","5.2","10.4","9.3","28.6","13.9","39.2","12.6","21.7","7.9","393","79","28.8","14.0","71.2","14.0","35.6","12.7","46.8","13.1","17.6","11.5","211","83","55.9","34.9","45.5","31.0","10.4","16.5","44.1","34.9","15.6","23.6","28.4","36.5","69.9","(X)","76.3","(X)","57.8","(X)","73621","27485","-","**","73319","26383","-","**","-","**","-","**","-","**","-","**","-","**","-","**","140250","83394","85146","21928","38350","21705","51193","19015","59583","29007","65156","22660","59167","61985","52386","3868","80000","33104","47250","96974","72829","75507","38553","51962","17000","44396","-","**","-","**","-","**","-","**","(X)","(X)","(X)","(X)","(X)","(X)"
"1400000US36081027300","Census Tract 273, Queens County, New York","2464","109","61.3","7.4","4.3","2.7","0.8","1.3","9.7","3.8","0.0","1.3","18.8","6.4","5.0","3.6","76.7","4.8","5.2","2.9","2.6","2.5","44.0","7.7","40.1","7.9","13.2","5.5","1892","186","48.5","9.3","51.5","9.3","54.2","9.1","30.9","8.5","15.0","6.7","572","155","39.3","13.5","26.0","10.9","13.3","10.6","60.7","13.5","33.9","14.7","26.7","14.7","50.5","(X)","48.1","(X)","48.1","(X)","39833","13406","41971","16603","51979","82226","-","**","30152","14904","-","**","49375","23318","22577","8041","46766","14245","33235","6184","20733","22842","45579","15134","41731","21831","35000","53322","34167","10929","30134","11323","51923","14991","39403","12137","28580","8767","57153","14240","32412","9348","50125","32671","34135","14256","60341","13098","31162","7486","21667","14710","47991","23637","(X)","(X)","(X)","(X)","(X)","(X)"
"1400000US36081027400","Census Tract 274, Queens County, New York","554","41","7.8","4.8","80.5","9.6","0.0","5.7","0.7","1.9","0.0","5.7","7.8","7.0","3.2","3.7","12.5","6.5","0.0","5.7","0.0","5.7","42.6","11.7","38.8","10.9","18.6","7.3","454","55","41.0","12.3","59.0","12.3","47.4","11.6","39.6","10.3","13.0","6.6","100","51","51.0","30.1","39.0","27.1","12.0","20.3","49.0","30.1","20.0","18.7","29.0","35.7","53.6","(X)","54.0","(X)","42.0","(X)","54681","6255","69196","15112","53333","12209","-","**","-","**","-","**","53482","15731","56389","163477","54663","23932","-","**","-","**","55192","12991","68646","29306","44135","19803","58710","10245","55577","13671","61750","15927","71713","8214","53600","10229","58264","37712","40690","7650","36964","35576","19750","50361","-","**","40819","6203","33750","13608","-","**","(X)","(X)","(X)","(X)","(X)","(X)"
"1400000US36081027500","Census Tract 275, Queens County, New York","2206","91","65.2","8.7","2.2","2.3","0.5","0.9","12.8","4.6","0.7","1.3","15.2","7.1","3.4","2.7","64.7","6.6","17.5","5.8","2.1","2.6","40.4","7.7","35.5","6.9","22.0","6.9","1428","150","41.0","6.8","59.0","6.8","50.4","9.9","35.4","9.2","14.3","9.0","778","160","49.2","14.7","41.4","14.8","7.8","6.7","50.8","14.7","27.2","13.6","23.5","13.5","49.0","(X)","47.4","(X)","47.3","(X)","53462","9279","58311","8058","39327","31654","-","**","42697","16872","-","**","31659","60135","49712","109803","54375","13770","59375","22119","-","**","59006","9778","51023","11766","41169","20635","50903","14057","46563","13010","56765","17722","62171","23210","31025","6107","66283","11577","51415","17463","17716","7567","16339","8647","98173","145372","62965","12269","51646","7115","64920","23992","(X)","(X)","(X)","(X)","(X)","(X)"
"1400000US36081027600","Census Tract 276, Queens County, New York","396","42","2.5","3.7","77.3","15.2","0.0","7.9","0.8","1.1","0.0","7.9","18.7","14.3","0.8","1.8","21.2","13.7","0.0","7.9","0.0","7.9","48.7","17.1","46.2","16.7","5.1","4.8","252","68","77.8","16.5","22.2","16.5","48.4","21.0","47.6","21.0","4.0","6.9","144","59","52.1","27.7","47.2","28.3","4.9","4.5","47.9","27.7","30.6","21.8","17.4","25.6","38.6","(X)","44.4","(X)","28.5","(X)","39904","29183","-","**","39038","20182","-","**","-","**","-","**","75625","81234","-","**","58000","84310","-","**","-","**","67125","56759","19972","28403","21923","1751","61310","19550","54524","19688","204167","239797","120435","90943","39167","32538","-","**","30000","24385","36685","10663","36630","12512","-","**","19570","16419","21750","139876","-","**","(X)","(X)","(X)","(X)","(X)","(X)"
"1400000US36081027700","Census Tract 277, Queens County, New York","2710","184","64.7","9.5","2.4","2.4","0.0","1.2","12.6","5.6","0.0","1.2","17.2","7.2","3.1","2.0","67.9","6.2","15.5","3.8","0.0","1.2","42.5","7.2","42.0","7.1","15.6","5.1","1544","205","52.8","9.1","47.2","9.1","54.7","10.7","26.7","9.6","18.6","9.6","1166","227","35.8","10.4","33.8","10.3","2.1","2.3","64.2","10.4","42.4","12.6","21.8","10.8","40.9","(X)","46.0","(X)","32.9","(X)","37981","3624","42434","15527","21000","29231","-","**","35074","16310","-","**","34180","5175","227708","402746","35736","4992","61339","28540","-","**","37520","7945","39809","12978","33026","11560","50769","22964","40469","21430","61667","41314","57976","13848","33651","24308","37479","46725","30782","4594","18438","11193","16176","10845","-","**","33446","6708","31691","8655","41563","19865","(X)","(X)","(X)","(X)","(X)","(X)"
"1400000US36081027800","Census Tract 278, Queens County, New York","850","20","2.4","2.5","81.1","7.2","2.0","2.9","0.0","3.7","0.0","3.7","10.6","6.7","4.0","2.6","16.5","6.6","0.0","3.7","1.1","1.7","33.1","10.3","48.9","9.6","16.9","6.8","585","72","63.9","10.5","36.1","10.5","33.3","11.3","59.8","12.0","6.8","6.7","265","68","70.2","14.3","70.2","14.3","0.0","11.5","29.8","14.3","25.3","14.7","4.5","7.2","59.1","(X)","66.0","(X)","43.8","(X)","38100","8096","-","**","41250","12230","-","**","-","**","-","**","18362","19545","27500","20801","19697","26637","-","**","-","**","46319","22418","39600","15001","23571","18870","44784","10999","44783","11581","44792","31746","52708","27359","37000","13467","95208","82630","15662","5815","11029","4933","11029","4933","-","**","21518","74948","20446","24248","-","**","(X)","(X)","(X)","(X)","(X)","(X)"
"1400000US36081027900","Census Tract 279, Queens County, New York","2320","113","57.4","7.6","4.2","2.6","0.0","1.4","14.0","4.1","0.0","1.4","21.9","6.9","2.5","2.1","63.1","6.6","19.5","5.7","4.6","3.9","26.1","8.0","41.9","7.0","27.4","4.6","1374","208","47.5","11.4","52.5","11.4","64.9","11.9","22.9","10.2","12.2","8.7","946","203","57.9","12.1","52.5","12.5","5.4","5.7","42.1","12.1","28.6","9.9","13.4","8.2","46.1","(X)","39.7","(X)","48.5","(X)","41042","6908","37222","11117","80927","20690","-","**","48611","32486","-","**","42538","6762","39958","46626","38085","6091","71298","17527","32861","2537","60042","55006","45313","9466","33387","8662","43196","6886","40964","8233","44512","17081","48357","11430","38321","10463","42941","23990","33235","17655","13261","15815","11754","7659","32198","50495","82750","6019","80125","21607","101593","30049","(X)","(X)","(X)","(X)","(X)","(X)"
"1400000US36081028000","Census Tract 280, Queens County, New York","462","59","0.0","6.8","90.9","6.0","0.0","6.8","0.0","6.8","0.0","6.8","6.7","6.0","2.4","2.8","7.8","5.9","0.0","6.8","3.7","4.3","39.8","13.4","45.7","11.9","10.8","5.8","393","69","57.5","13.8","42.5","13.8","52.4","12.3","38.2","12.6","9.4","9.1","69","50","69.6","29.4","65.2","30.9","4.3","10.3","30.4","29.4","30.4","29.4","0.0","35.4","49.1","(X)","50.9","(X)","20.3","(X)","66518","31567","-","**","76250","50314","-","**","-","**","-","**","33523","36945","-","**","34091","47631","-","**","-","**","106500","51748","62772","14306","43750","91082","66741","46620","66071","50798","77188","59908","110500","28503","58438","29752","48155","5815","42813","5705","45795","10969","45966","19320","-","**","40313","32195","40313","32195","-","**","(X)","(X)","(X)","(X)","(X)","(X)"
"1400000US36081028100","Census Tract 281, Queens County, New York","2328","112","82.2","7.1","1.1","1.4","0.0","1.4","4.0","2.9","0.0","1.4","12.1","6.2","0.6","1.0","57.4","7.2","39.1","7.0","0.6","0.9","28.4","6.8","45.7","8.8","25.3","6.2","1138","194","43.9","10.7","56.1","10.7","54.0","11.1","38.4","11.8","7.6","5.7","1190","204","50.7","11.6","43.2","10.7","7.5","7.3","49.3","11.6","32.6","12.1","16.7","10.7","36.1","(X)","32.3","(X)","37.1","(X)","51865","9721","49313","8518","-","**","-","**","70438","45643","-","**","81324","31778","-","**","54048","15286","50913","20345","-","**","69972","15579","50625","10536","24798","11915","61250","13080","68125","10182","50357","17063","71908","20695","48448","7529","65565","6508","36500","18097","22869","14738","17222","9401","110553","8987","59440","19126","32298","20733","87440","17583","(X)","(X)","(X)","(X)","(X)","(X)"
"1400000US36081028200","Census Tract 282, Queens County, New York","490","41","0.0","6.4","94.3","5.3","0.0","6.4","1.2","2.0","0.0","6.4","2.7","4.5","1.8","2.1","0.0","6.4","0.0","6.4","0.0","6.4","12.9","9.3","61.4","10.1","25.7","7.6","359","54","44.8","18.4","55.2","18.4","47.1","18.0","52.9","18.0","0.0","8.6","131","56","88.5","13.7","71.8","22.4","16.8","15.0","11.5","13.7","11.5","13.7","0.0","21.7","53.7","(X)","53.2","(X)","41.2","(X)","66250","15977","-","**","66458","17685","-","**","-","**","-","**","-","**","-","**","-","**","-","**","-","**","49940","93561","79519","25918","65208","15671","72750","26238","83352","40563","64167","17175","68750","39661","73500","29016","-","**","49702","28823","48810","27667","45000","30074","105313","44982","-","**","-","**","-","**","(X)","(X)","(X)","(X)","(X)","(X)"
"1400000US36081028300","Census Tract 283, Queens County, New York","3040","109","66.3","7.0","4.7","3.5","0.4","0.6","15.6","4.4","0.0","1.1","10.9","5.0","2.1","2.1","46.5","6.1","33.7","4.5","0.5","0.8","39.8","6.1","39.0","6.2","20.7","4.9","1423","243","39.8","10.9","60.2","10.9","58.5","12.6","27.7","11.8","13.8","9.8","1617","232","48.0","10.7","44.2","10.4","3.8","4.4","52.0","10.7","41.5","9.6","10.5","6.8","37.7","(X)","40.4","(X)","35.4","(X)","52803","4579","53716","7929","53818","910","-","**","38819","30521","-","**","29638","25175","94464","264223","50193","22673","64046","19344","-","**","68511","14606","47313","24462","32539","8706","44107","12717","36146","23103","46250","11048","51786","11993","17139","36818","55760","29225","53404","7002","30615","11603","27583","13886","-","**","80864","18843","80758","18601","85588","59271","(X)","(X)","(X)","(X)","(X)","(X)"
"1400000US36081028400","Census Tract 284, Queens County, New York","1041","82","6.2","5.5","85.7","7.9","0.0","3.1","0.0","3.1","0.0","3.1","8.1","6.5","0.0","3.1","8.5","6.6","4.3","4.8","0.0","3.1","45.1","9.0","39.2","9.1","15.8","4.8","844","115","45.1","12.3","54.9","12.3","40.6","10.7","52.6","10.6","6.8","5.7","197","91","89.3","16.7","78.7","28.1","10.7","16.6","10.7","16.7","10.7","16.7","0.0","15.2","56.1","(X)","61.3","(X)","29.9","(X)","75717","11751","97344","138371","75333","16297","-","**","-","**","-","**","45313","65620","-","**","96719","134187","-","**","-","**","80938","20441","76000","8069","48571","44544","66090","15312","74750","23187","63606","5306","95298","26093","61048","9783","64567","15035","75650","47853","75417","92031","38750","86784","-","**","-","**","-","**","-","**","(X)","(X)","(X)","(X)","(X)","(X)"
"1400000US36081028500","Census Tract 285, Queens County, New York","2129","103","79.5","5.7","1.5","1.9","0.0","1.5","9.4","3.8","0.0","1.5","7.4","4.5","2.3","2.3","34.1","7.1","53.8","7.0","1.7","2.7","39.7","8.0","37.5","6.8","21.1","5.8","1008","165","35.1","9.1","64.9","9.1","77.1","10.0","13.8","7.3","9.1","8.1","1121","190","48.1","14.2","41.7","13.7","6.4","5.2","51.9","14.2","39.8","13.8","12.1","9.2","30.6","(X)","22.7","(X)","34.4","(X)","68490","7396","69282","6592","-","**","-","**","69583","49720","-","**","53393","70035","21136","78641","55754","10045","84181","16672","-","**","70313","11158","82981","30271","34530","6716","83750","18746","83281","73585","85375","29246","100694","16206","34653","25786","63158","107218","56487","9041","43229","21909","34283","13843","208571","130096","68313","11173","61011","13557","69157","70103","(X)","(X)","(X)","(X)","(X)","(X)"
"1400000US36081028700","Census Tract 287, Queens County, New York","2601","154","70.2","5.9","1.5","1.5","0.0","1.2","23.2","4.9","0.0","1.2","4.2","2.8","1.0","1.2","36.8","5.5","38.7","5.1","0.5","0.7","32.9","6.1","43.3","6.8","23.3","4.8","1505","193","39.7","9.2","60.3","9.2","63.4","10.2","24.0","7.1","12.6","8.8","1096","217","48.7","10.4","40.3","10.9","8.4","7.7","51.3","10.4","44.4","10.2","6.8","4.3","24.3","(X)","21.7","(X)","24.0","(X)","44657","6544","45889","12541","83750","45667","-","**","43224","10404","-","**","17333","148453","-","**","40114","15695","54423","31705","-","**","54792","37532","56049","9383","30219","29797","58361","18937","67813","65427","58278","15430","59944","21608","45982","51931","56280","45856","31386","11365","25053","16483","19500","14468","30943","14780","44478","10305","43526","4603","142250","86472","(X)","(X)","(X)","(X)","(X)","(X)"
"1400000US36081028800","Census Tract 288, Queens County, New York","1154","111","1.6","1.8","86.0","6.8","0.0","2.8","2.7","3.2","0.0","2.8","9.7","5.7","0.0","2.8","10.5","5.9","0.0","2.8","1.6","2.5","23.7","6.6","50.9","7.3","23.8","6.4","996","116","38.7","8.8","61.3","8.8","50.6","9.9","35.5","8.4","13.9","6.5","158","83","46.8","25.8","35.4","23.5","11.4","17.0","53.2","25.8","41.8","24.8","11.4","17.2","51.5","(X)","56.6","(X)","17.1","(X)","71250","11193","-","**","72050","9848","-","**","-","**","-","**","38333","41426","-","**","29293","24042","-","**","-","**","57955","32712","83403","22587","38750","37669","71050","10633","64236","20099","79250","16582","77955","13655","65000","25364","54643","38614","53036","21940","32222","11854","38750","17891","-","**","76111","49890","54554","86857","-","**","(X)","(X)","(X)","(X)","(X)","(X)"
"1400000US36081028900","Census Tract 289, Queens County, New York","2145","94","56.2","6.6","4.0","3.4","0.0","1.5","28.4","6.7","0.0","1.5","8.1","3.8","3.2","3.1","43.6","7.6","23.8","6.3","2.0","2.4","37.6","6.4","45.1","6.7","15.3","4.3","1189","184","45.2","8.6","54.8","8.6","77.5","8.4","15.6","8.1","6.9","4.8","956","176","49.9","10.9","44.4","12.2","5.5","6.2","50.1","10.9","24.7","11.5","25.4","10.1","36.3","(X)","41.7","(X)","29.6","(X)","50817","13301","44756","9813","61061","46720","-","**","62039","22800","-","**","76548","17262","84028","141132","51786","23701","45768","9336","-","**","52988","16933","62171","22230","25156","21331","61637","7654","60158","23236","70750","16979","66679","8110","57833","49648","52941","25427","39146","10276","29625","12633","25893","8110","83405","3811","47868","14105","42667","30516","75139","56221","(X)","(X)","(X)","(X)","(X)","(X)"
"1400000US36081029100","Census Tract 291, Queens County, New York","2318","140","42.8","6.9","0.6","0.9","0.0","1.4","45.2","7.2","0.0","1.4","9.6","4.9","1.8","2.2","29.3","6.0","23.6","5.4","2.2","1.9","47.6","7.2","35.5","6.7","14.7","4.8","1321","207","46.2","9.2","53.8","9.2","76.8","8.5","10.1","6.0","13.2","7.3","997","187","51.6","10.8","47.3","11.5","4.2","4.8","48.4","10.8","37.7","11.1","10.7","8.4","36.8","(X)","44.3","(X)","25.4","(X)","40074","10564","32306","10337","-","**","-","**","48233","10911","-","**","21324","12854","-","**","25541","10409","33243","16776","16154","6225","50603","18088","41429","13178","26625","8761","43854","13959","34130","13551","56292","12353","41458","10764","49440","61238","51071","40112","31099","12381","30577","33318","27083","27622","-","**","31250","16182","19853","26286","41303","12914","(X)","(X)","(X)","(X)","(X)","(X)"
"1400000US36081029300","Census Tract 293, Queens County, New York","319","50","55.2","13.5","0.0","9.7","0.0","9.7","35.4","13.5","9.4","13.0","0.0","9.7","0.0","9.7","35.4","15.5","19.7","9.2","0.0","9.7","39.2","15.8","37.3","15.1","23.5","14.1","245","62","34.3","19.5","65.7","19.5","66.5","17.5","9.0","6.3","24.5","17.0","74","42","50.0","27.5","44.6","27.7","5.4","8.9","50.0","27.5","37.8","28.7","12.2","19.3","46.7","(X)","53.9","(X)","23.0","(X)","60958","9905","67800","22745","-","**","-","**","55313","32951","-","**","-","**","-","**","67750","23223","85625","85150","-","**","56971","25308","68750","15431","60625","31850","68050","16738","38864","53577","68950","25277","68050","10787","95000","43895","27212","113612","29375","16472","21016","10914","20703","6149","-","**","34531","38754","33125","19209","-","**","(X)","(X)","(X)","(X)","(X)","(X)"
"1400000US36081029400","Census Tract 294, Queens County, New York","2199","144","0.9","1.2","93.4","3.8","0.0","1.5","1.4","2.2","0.0","1.5","3.5","2.2","0.8","1.4","6.5","4.2","0.9","1.2","1.4","2.2","27.4","8.7","45.6","8.9","25.6","7.4","1534","198","49.9","11.8","50.1","11.8","46.3","10.6","35.5","9.9","18.3","9.9","665","196","55.3","16.7","52.3","17.6","3.0","4.3","44.7","16.7","33.7","15.7","11.0","11.6","54.9","(X)","60.0","(X)","40.6","(X)","57386","17552","-","**","55860","15168","-","**","-","**","-","**","74148","5670","-","**","73352","71479","-","**","-","**","73472","28849","73348","12545","31860","9631","73205","15058","74712","21156","57708","26312","89554","8810","47351","28669","31860","15672","43293","12267","42981","12917","41250","11630","-","**","45369","28869","30671","16935","-","**","(X)","(X)","(X)","(X)","(X)","(X)"
"1400000US36081029500","Census Tract 295, Queens County, New York","1623","65","58.1","6.3","3.8","2.4","0.0","2.0","30.3","6.2","0.0","2.0","6.6","3.1","1.2","1.8","22.1","6.5","43.4","5.6","1.9","2.7","47.5","6.8","34.1","6.4","16.5","4.7","955","105","48.6","11.6","51.4","11.6","69.0","10.0","21.4","9.0","9.6","5.9","668","96","56.0","12.0","40.1","13.0","15.9","9.8","44.0","12.0","40.6","11.9","3.4","3.0","35.8","(X)","35.5","(X)","34.9","(X)","71393","8900","71133","7223","58750","115123","-","**","62308","25169","-","**","85924","72220","-","**","73598","24884","70156","7837","-","**","76534","9178","72269","8783","29531","7781","76144","8493","72561","24979","83029","12513","84963","18122","52188","31258","80417","57368","50000","31658","61136","34447","29688","52897","98125","39632","37750","29482","37031","33628","43393","82909","(X)","(X)","(X)","(X)","(X)","(X)"
"1400000US36081029700","Census Tract 297, Queens County, New York","708","46","67.1","9.7","4.9","5.0","0.0","4.5","22.3","8.2","0.0","4.5","1.6","1.6","4.1","3.1","25.0","9.9","45.8","10.1","2.0","3.0","39.0","10.5","41.2","11.2","17.8","7.9","487","73","48.7","11.6","51.3","11.6","76.0","10.6","20.7","10.7","3.3","5.3","221","67","50.2","20.5","33.9","17.4","16.3","12.7","49.8","20.5","24.4","15.9","25.3","16.3","41.7","(X)","34.9","(X)","54.3","(X)","64792","16192","65875","16669","84432","252452","-","**","48750","23428","-","**","-","**","76250","39463","21696","19643","76167","16614","-","**","77778","16169","67250","40142","38333","16043","67438","19115","65625","29505","88333","60135","88333","26270","22708","32904","-","**","50313","24780","49688","36249","18750","37493","84500","67350","50625","35370","21413","1813","83409","87390","(X)","(X)","(X)","(X)","(X)","(X)"
"1400000US36081029900","Census Tract 299, Queens County, New York","0","12","-","**","-","**","-","**","-","**","-","**","-","**","-","**","-","**","-","**","-","**","-","**","-","**","-","**","0","12","-","**","-","**","-","**","-","**","-","**","0","12","-","**","-","**","-","**","-","**","-","**","-","**","-","(X)","-","(X)","-","(X)","-","**","-","**","-","**","-","**","-","**","-","**","-","**","-","**","-","**","-","**","-","**","-","**","-","**","-","**","-","**","-","**","-","**","-","**","-","**","-","**","-","**","-","**","-","**","-","**","-","**","-","**","-","**","(X)","(X)","(X)","(X)","(X)","(X)"
"1400000US36081030600","Census Tract 306, Queens County, New York","1173","80","1.5","1.7","94.1","3.8","0.0","2.7","0.7","1.4","0.0","2.7","0.0","2.7","3.7","3.4","7.4","4.6","0.9","1.4","2.1","2.5","30.4","7.4","43.9","8.7","23.5","6.3","898","95","41.9","9.8","58.1","9.8","56.2","11.5","37.4","10.3","6.3","5.0","275","90","65.8","18.3","46.5","19.4","19.3","14.1","34.2","18.3","34.2","18.3","0.0","11.1","44.6","(X)","51.9","(X)","9.8","(X)","76593","10932","-","**","75847","9658","-","**","-","**","-","**","-","**","132344","266581","32639","38572","-","**","-","**","84938","39360","85104","22697","53636","20666","76607","11611","76500","20233","76705","20014","105078","45475","57813","19160","75938","38389","50170","34730","75189","62678","27174","53900","95625","19754","35603","24607","35603","24607","-","**","(X)","(X)","(X)","(X)","(X)","(X)"
"1400000US36081030902","Census Tract 309.02, Queens County, New York","2475","187","45.4","9.1","2.1","2.7","0.0","1.3","40.4","9.9","0.0","1.3","11.3","5.4","0.7","1.1","31.2","8.7","25.3","7.7","2.9","3.3","35.8","9.4","46.8","9.1","14.5","5.6","2164","233","51.1","8.8","48.9","8.8","64.2","8.2","19.6","6.3","16.1","8.2","311","145","48.2","24.7","31.8","21.4","16.4","18.6","51.8","24.7","19.0","22.1","32.8","24.9","51.7","(X)","50.7","(X)","46.3","(X)","44570","7928","49340","12754","-","**","-","**","37365","9476","-","**","63426","27983","-","**","49398","13457","52260","40562","-","**","35577","17058","48701","12994","49375","20822","42315","9749","38839","11270","48622","20306","42700","11174","32054","17976","62340","97102","49196","38603","11477","39664","12074","62918","-","**","86463","49018","-","**","85745","70479","(X)","(X)","(X)","(X)","(X)","(X)"
"1400000US36081030903","Census Tract 309.03, Queens County, New York","1732","138","30.3","6.4","0.0","1.9","1.3","2.1","39.3","7.6","0.0","1.9","23.0","8.9","6.1","5.3","37.0","8.8","17.6","5.8","2.1","1.8","33.9","8.9","46.1","9.9","17.8","7.2","1415","159","50.7","8.9","49.3","8.9","68.7","7.7","17.8","6.9","13.5","6.1","317","116","50.8","18.3","50.8","18.3","0.0","9.7","49.2","18.3","37.2","18.7","12.0","10.3","56.1","(X)","56.7","(X)","46.4","(X)","53233","5919","52462","17237","-","**","-","**","67750","21258","-","**","41118","8749","54688","209938","46595","9691","51985","37884","18603","10395","61641","31405","58694","12008","19837","16148","58669","15357","54233","14571","68583","18697","66646","12335","37857","21927","51463","22617","12270","9543","12138","7263","12138","7263","-","**","17794","22944","7167","11161","89688","258675","(X)","(X)","(X)","(X)","(X)","(X)"
"1400000US36081030904","Census Tract 309.04, Queens County, New York","1155","127","39.9","8.8","2.6","2.1","3.5","5.3","26.8","7.8","0.0","2.8","27.2","9.1","0.0","2.8","42.9","9.2","25.6","7.9","3.3","3.9","24.6","8.8","42.1","9.1","30.0","8.5","776","146","45.5","11.5","54.5","11.5","56.3","12.2","26.7","11.2","17.0","11.5","379","110","64.4","15.7","64.4","15.7","0.0","8.2","35.6","15.7","35.6","15.7","0.0","8.2","51.9","(X)","50.5","(X)","54.9","(X)","51587","13934","50268","22684","-","**","-","**","45516","16827","-","**","84122","31070","-","**","76509","20938","37500","31778","-","**","70833","36684","57917","25474","14453","4417","76944","26336","102529","77354","70139","24374","104680","13038","54798","22616","62155","62739","16875","6248","12069","3170","12069","3170","-","**","28984","24074","28984","24074","-","**","(X)","(X)","(X)","(X)","(X)","(X)"
"1400000US36081031700","Census Tract 317, Queens County, New York","2425","169","84.1","7.1","1.2","1.3","0.0","1.3","7.8","3.9","0.0","1.3","6.8","5.7","0.2","0.6","17.8","7.5","74.5","8.4","0.9","1.2","34.5","9.0","33.2","8.9","31.3","7.6","1578","197","37.8","9.1","62.2","9.1","79.4","8.6","16.5","8.0","4.1","2.9","847","193","78.4","10.8","54.7","14.5","23.7","13.3","21.6","10.8","21.6","10.8","0.0","3.8","40.0","(X)","37.3","(X)","45.0","(X)","58295","13980","56539","11730","-","**","-","**","32442","60924","-","**","98333","30761","-","**","67206","52893","59091","13990","-","**","78944","7481","55654","17133","43017","9422","56688","13543","76531","10965","54038","14425","66380","15028","36500","17733","47386","59702","61394","24493","47444","28201","40547","25762","87148","68197","77741","11406","77741","11406","-","**","(X)","(X)","(X)","(X)","(X)","(X)"
"1400000US36081032000","Census Tract 320, Queens County, New York","998","80","1.9","2.3","95.5","3.1","0.0","3.2","0.8","1.3","0.0","3.2","0.8","1.3","1.0","1.5","1.6","1.9","1.1","1.9","0.0","3.2","32.3","9.3","45.3","10.0","22.4","6.7","793","110","49.1","11.6","50.9","11.6","53.0","9.9","38.1","10.6","9.0","6.6","205","94","73.2","23.9","54.1","25.9","19.0","19.6","26.8","23.9","26.8","23.9","0.0","14.6","61.0","(X)","58.8","(X)","47.8","(X)","72733","11447","-","**","72930","16416","-","**","-","**","-","**","-","**","-","**","-","**","-","**","-","**","66932","13535","115676","22306","55104","17287","74175","29964","71375","27498","98214","42631","90391","29726","65694","36821","42344","188450","48894","27206","32500","34755","25625","20980","51576","29550","129938","67769","129938","67769","-","**","(X)","(X)","(X)","(X)","(X)","(X)"
"1400000US36081032700","Census Tract 327, Queens County, New York","1179","91","47.3","9.6","2.0","2.4","0.8","1.5","17.7","7.3","0.0","2.7","27.8","8.7","4.3","4.3","52.5","8.7","24.9","8.2","1.4","2.2","43.0","8.9","42.1","8.6","13.6","6.5","910","120","51.6","9.3","48.4","9.3","68.5","9.9","24.3","10.3","7.3","5.6","269","93","23.4","18.8","23.4","18.8","0.0","11.4","76.6","18.8","49.1","22.2","27.5","18.4","55.1","(X)","50.0","(X)","62.5","(X)","55750","15763","63333","23379","-","**","-","**","22292","34285","-","**","56500","28402","88365","128194","56750","25823","70054","16764","-","**","46776","12364","64250","28070","81000","63725","52283","10890","44375","21630","71250","38224","61989","33248","42875","32685","48750","25807","27434","20234","18487","11593","18487","11593","-","**","36375","50708","24028","15608","79737","30013","(X)","(X)","(X)","(X)","(X)","(X)"
"1400000US36081032800","Census Tract 328, Queens County, New York","712","60","7.0","4.7","89.2","6.9","0.0","4.5","0.0","4.5","3.8","5.8","0.0","4.5","0.0","4.5","6.7","3.9","7.0","4.7","0.0","4.5","31.3","8.9","44.8","9.0","23.9","6.7","611","67","42.9","10.0","57.1","10.0","37.5","10.8","57.8","10.6","4.7","4.7","101","47","54.5","27.3","45.5","26.0","8.9","15.3","45.5","27.3","45.5","27.3","0.0","26.9","39.9","(X)","38.0","(X)","51.5","(X)","64464","14913","93864","126571","70114","15290","-","**","-","**","-","**","-","**","-","**","94643","48697","93864","126571","-","**","62679","28590","64779","19038","75294","35865","72150","15211","56731","26869","81908","22506","90885","13761","53438","29024","135234","79801","47426","11194","46806","6624","48056","13742","-","**","61250","29354","61250","29354","-","**","(X)","(X)","(X)","(X)","(X)","(X)"
"1400000US36081032900","Census Tract 329, Queens County, New York","1194","72","44.3","8.7","3.8","3.3","1.0","1.8","18.8","7.7","0.0","2.7","31.2","10.7","0.8","1.5","60.7","8.8","17.0","6.2","1.3","2.3","33.8","8.7","51.2","9.0","13.7","4.8","959","104","50.3","9.5","49.7","9.5","68.0","10.9","23.6","9.5","8.4","7.2","235","99","64.3","19.3","57.4","20.2","6.8","11.1","35.7","19.3","20.0","18.3","15.7","17.7","51.4","(X)","53.3","(X)","43.8","(X)","65843","14468","52109","32937","106146","58087","-","**","54148","24499","-","**","69375","24847","-","**","65980","21047","67326","8945","-","**","48438","26469","76607","25557","35735","19766","67378","8344","47679","17898","106146","56547","65654","13232","90972","63926","115515","111121","33594","20565","26094","34594","36750","32752","-","**","36250","34161","38155","6170","-","**","(X)","(X)","(X)","(X)","(X)","(X)"
"1400000US36081033000","Census Tract 330, Queens County, New York","1879","135","1.0","1.1","92.0","5.2","0.0","1.7","3.2","2.5","0.0","1.7","3.1","4.2","0.6","1.1","6.9","4.8","0.0","1.7","0.7","1.3","30.6","7.3","50.3","7.2","18.4","5.1","1612","147","41.6","10.2","58.4","10.2","49.1","9.7","37.1","9.3","13.8","7.8","267","103","86.1","13.0","79.8","16.5","6.4","8.3","13.9","13.0","13.9","13.0","0.0","11.4","62.3","(X)","67.1","(X)","33.3","(X)","67604","15760","-","**","65071","19285","-","**","126136","109551","-","**","-","**","-","**","83971","16256","-","**","-","**","75860","36545","67468","20738","54896","24624","74205","14863","75313","64539","73750","13299","83625","7905","43792","8537","76722","16753","42656","4835","41875","6340","41211","12748","-","**","57019","43920","57019","43920","-","**","(X)","(X)","(X)","(X)","(X)","(X)"
"1400000US36081033100","Census Tract 331, Queens County, New York","0","12","-","**","-","**","-","**","-","**","-","**","-","**","-","**","-","**","-","**","-","**","-","**","-","**","-","**","0","12","-","**","-","**","-","**","-","**","-","**","0","12","-","**","-","**","-","**","-","**","-","**","-","**","-","(X)","-","(X)","-","(X)","-","**","-","**","-","**","-","**","-","**","-","**","-","**","-","**","-","**","-","**","-","**","-","**","-","**","-","**","-","**","-","**","-","**","-","**","-","**","-","**","-","**","-","**","-","**","-","**","-","**","-","**","-","**","(X)","(X)","(X)","(X)","(X)","(X)"
"1400000US36081033401","Census Tract 334.01, Queens County, New York","1022","61","2.3","3.5","89.0","5.1","0.0","3.1","2.1","2.4","0.0","3.1","5.5","3.0","1.2","1.5","8.4","4.3","0.0","3.1","0.0","3.1","36.5","7.3","45.7","7.1","17.8","4.1","823","78","50.2","8.0","49.8","8.0","43.3","10.6","41.7","8.9","15.1","7.5","199","65","53.3","18.4","46.7","18.0","6.5","9.8","46.7","18.4","25.6","15.7","21.1","18.1","55.4","(X)","63.5","(X)","20.6","(X)","71167","15420","-","**","67794","14064","-","**","-","**","-","**","120086","83514","-","**","121207","18337","-","**","-","**","77708","13907","71875","29702","36964","53715","81103","15113","67022","26411","93333","17875","101750","23354","65313","21916","66000","30921","34447","5576","34063","11653","33385","13170","-","**","34777","26934","51477","12334","33482","11274","(X)","(X)","(X)","(X)","(X)","(X)"
"1400000US36081033402","Census Tract 334.02, Queens County, New York","5897","232","2.4","1.6","95.6","2.4","0.0","0.5","0.0","0.5","0.2","0.3","1.4","1.6","0.3","0.6","4.9","2.8","1.7","1.5","0.3","0.6","26.4","5.0","40.7","5.8","32.6","4.9","3117","372","29.3","8.0","70.7","8.0","36.9","8.5","51.1","10.0","12.0","6.3","2780","406","70.7","8.1","67.9","8.4","2.8","3.4","29.3","8.1","28.1","8.3","1.2","1.8","45.3","(X)","52.8","(X)","37.0","(X)","43579","8757","13478","41709","44588","9716","-","**","-","**","-","**","-","**","-","**","28627","28662","42893","65776","-","**","52155","14077","56641","7126","27195","5189","56694","7209","57193","19748","54659","14740","74875","12951","55010","13360","44393","29591","30683","6188","25446","7973","24075","7328","-","**","44688","13327","42917","13912","-","**","(X)","(X)","(X)","(X)","(X)","(X)"
"1400000US36081033700","Census Tract 337, Queens County, New York","928","96","23.0","11.3","0.9","1.5","0.9","1.6","20.6","7.1","0.0","3.4","50.3","9.9","4.4","5.7","67.7","8.3","5.9","3.1","3.9","4.4","35.9","11.5","42.7","10.4","17.6","6.4","788","112","33.9","14.3","66.1","14.3","65.2","11.9","18.8","10.1","16.0","10.8","140","72","24.3","22.1","24.3","22.1","0.0","20.5","75.7","22.1","54.3","28.4","21.4","24.7","71.0","(X)","68.3","(X)","86.4","(X)","42065","9915","52083","47993","-","**","-","**","37969","25534","-","**","39920","9117","60893","65826","43750","14304","30781","29679","-","**","39503","24318","50690","12415","40380","14187","46554","12446","38677","1423","55139","11718","58500","9343","33750","23286","30347","7627","18929","18327","18929","7956","18929","7956","-","**","15000","41138","3438","37253","-","**","(X)","(X)","(X)","(X)","(X)","(X)"
"1400000US36081033900","Census Tract 339, Queens County, New York","1227","59","40.8","8.8","7.0","3.9","2.3","2.6","23.1","6.9","0.0","2.6","21.1","7.6","5.6","3.5","46.1","7.8","21.1","6.8","0.0","2.6","35.6","9.3","42.1","8.1","22.2","6.5","892","95","38.7","9.6","61.3","9.6","59.1","9.1","27.4","6.6","13.6","6.9","335","92","56.4","17.8","53.7","18.2","2.7","4.2","43.6","17.8","37.3","16.8","6.3","9.9","37.5","(X)","38.7","(X)","34.3","(X)","50469","16116","34760","10154","80645","10434","-","**","68375","32719","-","**","45885","27535","73523","35422","39833","13934","37153","18520","-","**","39712","26241","66648","15164","29375","21580","63023","12550","37942","7086","70852","13067","69188","12302","38750","4760","63693","32104","28625","12453","28625","9736","26250","10674","-","**","38750","59731","22188","48846","-","**","(X)","(X)","(X)","(X)","(X)","(X)"
"1400000US36081034700","Census Tract 347, Queens County, New York","1021","75","27.3","10.2","12.1","5.4","0.0","3.1","13.5","5.9","0.0","3.1","39.2","9.5","7.8","6.0","66.3","8.3","7.6","6.7","2.3","3.5","39.0","9.1","31.3","8.6","27.4","9.5","750","129","42.9","11.9","57.1","11.9","55.3","10.9","32.1","10.5","12.5","7.3","271","106","41.3","21.9","33.9","21.3","7.4","11.5","58.7","21.9","45.4","22.4","13.3","15.3","58.9","(X)","59.3","(X)","55.7","(X)","48944","12145","39191","38029","90114","13704","-","**","49643","15905","-","**","48041","18576","33417","17615","38565","13344","31500","147871","-","**","35000","22432","50227","15626","70625","53252","48895","16470","38250","19199","59028","29921","48512","22554","49261","32759","56250","47938","42396","22836","24457","54819","23370","6522","-","**","48967","12088","41563","19342","-","**","(X)","(X)","(X)","(X)","(X)","(X)"
"1400000US36081035100","Census Tract 351, Queens County, New York","1389","131","35.3","7.7","5.6","3.7","0.0","2.3","20.6","5.0","0.0","2.3","36.4","8.8","2.1","2.0","58.5","6.8","14.7","4.0","4.1","4.8","31.3","9.1","46.4","9.6","18.2","5.4","956","129","50.2","10.6","49.8","10.6","76.4","10.8","10.0","5.4","13.6","9.8","433","123","51.5","13.6","46.2","13.6","5.3","5.0","48.5","13.6","42.0","14.3","6.5","5.8","47.5","(X)","48.7","(X)","44.8","(X)","60339","11037","49545","11119","40167","22333","-","**","81447","13634","-","**","49444","20865","68523","88080","48567","15472","53750","11817","-","**","59938","16848","66983","8920","38365","15672","57353","15279","49573","18491","59000","16906","57188","17256","46250","28078","74022","45498","60929","11289","45197","15929","42188","17561","85781","161200","67727","16817","61667","17288","91818","77889","(X)","(X)","(X)","(X)","(X)","(X)"
"1400000US36081035200","Census Tract 352, Queens County, New York","785","45","1.9","2.5","90.3","4.9","0.0","4.1","0.5","1.1","1.1","1.8","2.8","2.2","3.3","3.1","2.4","1.9","1.9","2.5","0.0","4.1","26.0","9.2","46.4","9.5","27.6","7.6","644","70","37.3","10.7","62.7","10.7","47.8","10.6","43.9","10.2","8.2","6.5","141","66","68.1","21.7","54.6","24.0","13.5","13.1","31.9","21.7","31.9","21.7","0.0","20.4","56.8","(X)","61.2","(X)","28.4","(X)","70685","15015","-","**","69688","15384","-","**","-","**","-","**","44643","94151","86500","167750","87708","118738","-","**","-","**","60000","70844","88333","16537","61250","7453","70833","16285","52708","22086","72143","29419","96625","19505","45703","12498","55417","12611","33750","16808","39107","12480","34926","8297","-","**","20417","10238","20417","10238","-","**","(X)","(X)","(X)","(X)","(X)","(X)"
"1400000US36081035300","Census Tract 353, Queens County, New York","647","81","25.2","8.9","17.8","7.2","0.0","4.9","6.6","4.5","0.0","4.9","47.3","9.8","3.1","3.4","70.0","7.8","5.4","4.1","0.0","4.9","38.8","8.0","38.8","8.1","22.4","7.5","503","82","42.9","10.4","57.1","10.4","48.7","11.9","39.4","10.5","11.9","8.3","144","50","52.1","22.5","52.1","22.5","0.0","20.0","47.9","22.5","40.3","21.5","7.6","11.3","68.9","(X)","63.8","(X)","57.6","(X)","51875","10998","66042","34115","20893","22000","-","**","16750","68007","-","**","53690","20310","-","**","52102","11144","250,000+","***","-","**","45875","11528","73250","11701","37708","37663","53347","9079","52823","18146","63516","26749","71375","10791","19397","15606","50909","9144","25417","24846","12054","11580","12054","11580","-","**","65125","61723","66500","55616","-","**","(X)","(X)","(X)","(X)","(X)","(X)"
"1400000US36081035700","Census Tract 357, Queens County, New York","1332","107","26.2","8.3","32.2","8.2","0.8","1.1","3.5","3.8","0.0","2.4","30.9","8.4","6.5","5.6","46.2","8.4","18.5","7.6","2.0","2.7","24.5","9.5","53.5","10.5","20.0","6.1","882","136","40.8","10.4","59.2","10.4","44.9","12.7","35.8","11.5","19.3","9.3","450","126","36.9","16.0","32.7","16.1","4.2","7.1","63.1","16.0","43.6","15.5","19.6","11.9","62.0","(X)","70.4","(X)","45.6","(X)","45339","6795","33403","13837","43906","26238","-","**","31588","70633","-","**","47130","18120","136855","84892","57143","20162","23618","26765","-","**","53688","35731","46641","7659","28155","17141","56607","23024","39821","51311","59659","28681","56429","29889","39408","57585","59659","66109","24868","29851","13889","22418","11938","31806","-","**","35800","26397","36550","22738","9575","70155","(X)","(X)","(X)","(X)","(X)","(X)"
"1400000US36081035800","Census Tract 358, Queens County, New York","1265","81","0.0","2.5","96.8","3.3","0.0","2.5","0.0","2.5","0.0","2.5","3.2","3.3","0.0","2.5","4.3","3.9","0.0","2.5","0.0","2.5","35.0","8.8","45.5","10.1","19.4","6.2","1009","104","53.8","8.9","46.2","8.9","59.0","8.8","31.6","7.9","9.4","6.4","256","81","63.7","19.2","63.7","19.2","0.0","11.9","36.3","19.2","36.3","19.2","0.0","11.9","54.5","(X)","61.8","(X)","25.4","(X)","67582","9965","-","**","68342","11527","-","**","-","**","-","**","42813","15338","-","**","121447","158601","-","**","-","**","68505","20998","73571","34759","54750","29994","90656","21575","91927","19661","79500","44824","111094","26803","39653","12099","89813","143488","24167","17696","22847","6613","22847","6613","-","**","48239","45982","48239","45982","-","**","(X)","(X)","(X)","(X)","(X)","(X)"
"1400000US36081036100","Census Tract 361, Queens County, New York","765","50","18.2","7.5","31.1","8.6","0.9","1.7","1.7","2.3","0.0","4.2","42.1","11.4","6.0","5.9","66.5","8.6","2.0","2.2","2.6","3.1","48.2","10.6","36.5","10.6","12.7","5.0","627","71","58.4","9.6","41.6","9.6","49.1","9.0","28.2","9.0","22.6","8.7","138","64","81.2","16.2","74.6","18.9","6.5","11.6","18.8","16.2","10.9","12.0","8.0","11.8","66.8","(X)","65.4","(X)","62.3","(X)","42750","8946","23750","47258","40882","12671","-","**","-","**","-","**","42944","13335","54630","54975","43472","12880","-","**","-","**","44234","12643","48920","22609","12014","24393","44028","9875","41250","10936","59957","4473","44056","19032","32313","23831","66538","30113","12917","13457","15455","17653","13958","13939","-","**","10556","45724","-","**","-","**","(X)","(X)","(X)","(X)","(X)","(X)"
"1400000US36081036300","Census Tract 363, Queens County, New York","657","49","4.0","4.2","32.3","8.1","0.0","4.8","0.0","4.8","0.0","4.8","60.9","8.6","2.9","2.3","65.9","8.5","2.1","2.7","1.7","2.3","44.6","9.9","35.8","8.9","18.0","6.2","531","75","47.3","10.1","52.7","10.1","42.6","11.2","39.4","10.7","18.1","9.1","126","58","39.7","23.4","15.9","17.8","23.8","20.1","60.3","23.4","49.2","24.9","11.1","12.5","64.8","(X)","59.5","(X)","69.0","(X)","59453","14328","93000","122748","53875","22438","-","**","-","**","-","**","62500","16441","29375","87079","61688","13076","-","**","-","**","63523","14358","70875","52805","53500","40866","60688","20899","37279","21056","65179","5540","64545","5500","37279","8309","127803","103987","34000","10555","33333","31789","-","**","34583","71938","38000","17950","27000","22220","90417","105753","(X)","(X)","(X)","(X)","(X)","(X)"
"1400000US36081036500","Census Tract 365, Queens County, New York","943","66","28.3","10.9","20.7","7.2","0.0","3.4","2.3","3.2","0.0","3.4","48.7","12.8","0.0","3.4","75.3","8.3","2.2","2.7","4.7","4.9","48.4","8.6","40.0","7.5","7.0","4.2","611","108","60.7","12.1","39.3","12.1","54.7","11.9","37.3","10.6","8.0","7.7","332","100","34.0","19.4","18.7","11.7","15.4","17.0","66.0","19.4","27.1","18.7","38.9","19.7","60.2","(X)","54.7","(X)","49.1","(X)","55875","9390","48550","8577","62188","25624","-","**","-","**","-","**","57438","16541","-","**","54868","12065","-","**","-","**","46011","3573","67118","27737","48971","19219","49850","9779","45804","16909","65833","18898","56500","18949","37155","23696","105050","117356","45833","20128","41797","36793","41094","10662","-","**","46369","28681","61042","57875","45774","58521","(X)","(X)","(X)","(X)","(X)","(X)"
"1400000US36081036600","Census Tract 366, Queens County, New York","928","71","0.0","3.4","94.1","4.5","0.0","3.4","3.0","4.0","0.0","3.4","2.2","1.7","0.8","1.1","3.1","2.2","0.0","3.4","1.1","1.8","27.8","8.4","47.8","9.8","23.3","6.6","686","92","45.0","11.8","55.0","11.8","57.4","11.4","31.3","11.0","11.2","8.6","242","70","61.2","17.9","53.7","16.3","7.4","8.1","38.8","17.9","26.9","14.1","12.0","13.4","63.8","(X)","70.4","(X)","45.0","(X)","72092","12777","-","**","71046","19562","-","**","-","**","-","**","83125","65111","-","**","79028","38697","-","**","-","**","84063","36618","79792","9634","23900","3550","78106","11357","70324","31458","96964","42012","76912","24633","78906","14710","29890","135256","26563","21931","26458","18080","25521","17397","-","**","52619","70343","18958","10647","-","**","(X)","(X)","(X)","(X)","(X)","(X)"
"1400000US36081036700","Census Tract 367, Queens County, New York","783","75","10.2","6.1","54.3","11.4","0.0","4.1","2.6","2.5","0.0","4.1","28.0","9.6","5.0","3.2","33.7","9.3","5.7","5.3","11.1","7.6","27.3","9.7","27.6","9.3","34.0","8.5","586","80","35.2","11.6","64.8","11.6","38.6","11.9","48.1","11.1","13.3","9.4","197","79","34.0","21.2","34.0","21.2","0.0","15.2","66.0","21.2","40.1","20.2","25.9","16.0","63.2","(X)","61.1","(X)","62.9","(X)","63173","5863","32045","38713","70365","12452","-","**","110227","144504","-","**","39336","37193","92880","31544","55417","36121","30795","21439","39620","79244","56250","43466","70938","19722","64167","16006","68333","11835","38333","30383","72188","11711","82115","6509","39688","41441","61786","45985","37880","3378","34659","6672","34659","6672","-","**","63000","50975","38967","21547","94408","47757","(X)","(X)","(X)","(X)","(X)","(X)"
"1400000US36081036800","Census Tract 368, Queens County, New York","790","44","2.3","2.3","93.7","4.9","0.0","4.0","0.0","4.0","0.0","4.0","2.0","3.2","2.0","3.2","9.0","6.4","0.0","4.0","1.5","2.5","22.8","8.2","44.7","10.6","31.0","10.3","582","82","41.8","11.2","58.2","11.2","46.6","12.8","42.1","14.4","11.3","9.5","208","69","66.3","21.5","66.3","21.5","0.0","14.4","33.7","21.5","33.7","21.5","0.0","14.4","56.1","(X)","60.5","(X)","43.8","(X)","70909","11194","26875","37578","72717","11150","-","**","-","**","-","**","-","**","-","**","94803","73435","-","**","-","**","75714","36767","77208","15033","34837","20301","77019","14784","76473","29133","78438","16773","94671","14764","59219","18268","76875","13941","28846","5140","25000","6894","25000","6894","-","**","33478","20368","33478","20368","-","**","(X)","(X)","(X)","(X)","(X)","(X)"
"1400000US36081037100","Census Tract 371, Queens County, New York","515","65","14.2","10.8","35.9","10.8","0.0","6.1","10.9","5.9","0.0","6.1","35.0","11.4","4.1","4.1","54.6","11.5","0.0","6.1","0.0","6.1","40.8","11.4","38.3","10.7","21.0","8.1","431","79","45.9","13.7","54.1","13.7","59.9","13.3","26.5","11.9","13.7","8.1","84","49","70.2","24.2","40.5","24.8","29.8","27.6","29.8","24.2","29.8","24.2","0.0","31.0","48.0","(X)","51.3","(X)","31.0","(X)","60074","21115","135729","62977","55417","26993","-","**","45227","52882","-","**","61250","36722","91250","60110","72102","50855","-","**","-","**","71250","82411","66477","52877","54000","19751","67171","28963","70795","62449","66250","44295","90278","47736","54375","50102","97625","70520","22000","20930","21250","28763","22143","39629","13750","35338","22404","33263","22404","33263","-","**","(X)","(X)","(X)","(X)","(X)","(X)"
"1400000US36081037300","Census Tract 373, Queens County, New York","741","57","13.0","6.7","34.7","9.3","0.0","4.3","6.6","3.5","0.0","4.3","45.7","10.5","0.0","4.3","56.8","9.4","2.6","2.3","4.6","4.3","43.3","11.4","33.6","9.8","18.5","7.9","510","88","59.4","11.5","40.6","11.5","54.3","9.7","31.8","10.2","13.9","9.5","231","82","39.8","20.1","35.9","20.3","3.9","5.7","60.2","20.1","37.2","22.7","22.9","16.2","42.9","(X)","49.2","(X)","23.4","(X)","56964","16397","82273","16543","42050","22553","-","**","33295","17964","-","**","70521","59021","-","**","70313","38171","93542","48274","153409","147232","58458","28012","36813","55639","41750","10760","67727","28052","34410","29776","85673","20449","71042","30996","33333","11168","106406","12688","41350","16210","35556","11054","32202","18856","-","**","58208","22284","34881","36222","97125","48261","(X)","(X)","(X)","(X)","(X)","(X)"
"1400000US36081037500","Census Tract 375, Queens County, New York","863","80","55.5","9.0","4.1","2.8","0.0","3.7","15.8","6.5","0.0","3.7","20.2","8.8","4.5","3.6","75.7","6.8","2.7","2.9","3.5","4.8","41.8","11.1","35.5","10.4","19.2","9.5","672","100","41.8","12.5","58.2","12.5","68.5","11.3","13.7","8.6","17.9","9.1","191","85","62.8","21.3","45.5","26.5","17.3","17.3","37.2","21.3","13.1","12.7","24.1","19.5","54.3","(X)","50.0","(X)","46.6","(X)","42902","9426","40993","6197","48393","52385","-","**","75833","72634","-","**","53977","29499","9375","47442","42096","8610","-","**","-","**","45521","15356","77273","24375","14942","18624","40566","4596","30677","12565","51193","22072","42955","26794","27885","15998","41974","14512","20521","42889","13629","15666","12132","5599","-","**","54250","39596","21354","22974","73500","48242","(X)","(X)","(X)","(X)","(X)","(X)"
"1400000US36081037600","Census Tract 376, Queens County, New York","1855","108","0.0","1.7","93.6","4.4","1.2","1.4","0.8","1.3","0.0","1.7","3.4","3.8","1.0","1.7","4.8","3.8","0.0","1.7","1.1","1.9","27.4","8.0","45.8","9.0","25.7","6.8","1604","139","45.1","8.4","54.9","8.4","51.1","8.3","45.4","8.4","3.5","2.4","251","109","82.1","21.6","73.3","21.9","8.8","10.2","17.9","21.6","14.3","21.6","3.6","5.9","50.5","(X)","48.3","(X)","64.5","(X)","78734","11162","-","**","78413","9550","-","**","-","**","-","**","-","**","-","**","110372","93250","-","**","-","**","92254","19986","72202","25928","53333","31696","79914","23533","79720","43270","81250","25178","115464","15761","62048","14577","71944","7709","35804","39593","53500","38800","54250","36527","-","**","-","**","-","**","-","**","(X)","(X)","(X)","(X)","(X)","(X)"
"1400000US36081037700","Census Tract 377, Queens County, New York","860","95","34.2","11.5","21.7","8.1","0.0","3.7","10.9","6.9","0.0","3.7","32.4","9.0","0.7","1.1","69.1","9.0","0.9","1.5","3.1","5.0","61.9","11.6","27.1","10.5","7.9","4.7","635","110","69.9","11.1","30.1","11.1","50.4","11.4","19.2","9.0","30.4","11.4","225","88","47.1","17.9","29.3","17.3","17.8","15.5","52.9","17.9","36.9","17.9","16.0","12.2","57.2","(X)","42.4","(X)","55.1","(X)","42708","11428","63355","8350","37721","17201","-","**","32143","31624","-","**","40032","9019","-","**","50764","13625","-","**","-","**","46466","9927","30046","8013","24167","90703","31985","11674","33947","14856","30368","22661","39265","8619","8704","22380","26078","15206","31813","7684","32917","51452","19231","28968","112500","97102","31438","12645","30188","12270","40250","19917","(X)","(X)","(X)","(X)","(X)","(X)"
"1400000US36081037900","Census Tract 379, Queens County, New York","1357","104","31.6","9.9","9.9","3.7","5.1","5.1","4.3","4.2","0.0","2.4","44.1","9.6","4.9","4.3","86.1","5.6","0.0","2.4","7.4","5.1","55.9","9.5","28.7","8.5","8.0","5.7","1119","141","63.5","10.9","36.5","10.9","50.8","10.3","26.2","9.1","23.0","9.1","238","104","21.8","16.5","21.8","16.5","0.0","12.7","78.2","16.5","38.2","25.1","39.9","23.5","52.4","(X)","48.3","(X)","34.9","(X)","52259","5623","54515","8210","42031","46123","-","**","50592","49825","-","**","53750","9610","49750","72433","53131","4319","-","**","34738","15552","50179","9714","58068","31675","39821","68849","40841","9116","38403","8229","53750","29481","53497","3340","27083","10930","34704","13733","39549","32258","75238","86722","75238","86722","-","**","39201","29297","38733","498","66875","36718","(X)","(X)","(X)","(X)","(X)","(X)"
"1400000US36081038100","Census Tract 381, Queens County, New York","1539","119","38.5","8.7","30.3","7.1","1.4","1.4","5.1","3.1","0.0","2.1","20.7","7.4","4.0","3.5","67.8","7.5","0.6","1.1","3.6","3.3","49.1","7.1","32.5","8.9","14.7","4.8","1060","158","57.8","8.7","42.2","8.7","41.7","9.2","32.2","9.9","26.1","9.4","479","123","46.8","15.2","33.6","10.8","13.2","10.9","53.2","15.2","22.8","11.6","30.5","14.7","56.5","(X)","55.8","(X)","45.7","(X)","49046","11964","49563","25586","46419","10742","-","**","28264","3357","-","**","70873","14347","120179","38958","65588","28813","-","**","93684","89714","54730","29488","51250","29292","32386","13008","43750","11886","37850","17632","53438","39116","57500","37896","32210","15020","36875","35309","36793","12650","30250","8049","17371","15060","70368","47684","45903","54116","36838","18660","84559","24078","(X)","(X)","(X)","(X)","(X)","(X)"
"1400000US36081038301","Census Tract 383.01, Queens County, New York","0","12","-","**","-","**","-","**","-","**","-","**","-","**","-","**","-","**","-","**","-","**","-","**","-","**","-","**","0","12","-","**","-","**","-","**","-","**","-","**","0","12","-","**","-","**","-","**","-","**","-","**","-","**","-","(X)","-","(X)","-","(X)","-","**","-","**","-","**","-","**","-","**","-","**","-","**","-","**","-","**","-","**","-","**","-","**","-","**","-","**","-","**","-","**","-","**","-","**","-","**","-","**","-","**","-","**","-","**","-","**","-","**","-","**","-","**","(X)","(X)","(X)","(X)","(X)","(X)"
"1400000US36081038302","Census Tract 383.02, Queens County, New York","9","15","0.0","98.9","0.0","98.9","0.0","98.9","100.0","98.9","0.0","98.9","0.0","98.9","0.0","98.9","0.0","98.9","0.0","98.9","0.0","98.9","0.0","98.9","100.0","98.9","0.0","98.9","9","15","0.0","98.9","100.0","98.9","100.0","98.9","0.0","98.9","0.0","98.9","0","12","-","**","-","**","-","**","-","**","-","**","-","**","0.0","(X)","0.0","(X)","-","(X)","-","**","-","**","-","**","-","**","-","**","-","**","-","**","-","**","-","**","-","**","-","**","-","**","-","**","-","**","-","**","-","**","-","**","-","**","-","**","-","**","-","**","-","**","-","**","-","**","-","**","-","**","-","**","(X)","(X)","(X)","(X)","(X)","(X)"
"1400000US36081038400","Census Tract 384, Queens County, New York","677","77","2.2","2.2","87.0","6.6","0.0","4.7","5.5","6.2","0.0","4.7","4.1","4.1","1.2","1.8","7.1","4.9","1.5","1.8","4.7","5.9","29.4","10.0","39.0","10.7","26.9","9.8","529","90","44.2","13.1","55.8","13.1","68.2","11.6","28.0","11.7","3.8","4.5","148","62","56.8","26.8","54.1","26.9","2.7","5.3","43.2","26.8","43.2","26.8","0.0","19.6","48.0","(X)","46.9","(X)","39.9","(X)","70906","10046","46750","159374","71469","14041","-","**","-","**","-","**","111250","13801","-","**","107000","11223","-","**","-","**","71319","41401","72353","26253","57083","13087","79554","18758","90227","46870","79028","20341","72330","53011","78036","17532","-","**","43056","27830","60536","29026","60179","37447","-","**","32200","19496","32200","19496","-","**","(X)","(X)","(X)","(X)","(X)","(X)"
"1400000US36081039400","Census Tract 394, Queens County, New York","916","73","1.9","2.2","92.8","4.9","0.0","3.5","0.0","3.5","0.0","3.5","3.1","3.4","2.3","2.5","5.6","4.2","0.0","3.5","4.4","4.6","26.5","8.6","44.8","9.7","24.3","6.5","740","83","40.1","10.9","59.9","10.9","35.5","8.5","47.6","10.9","16.9","9.0","176","59","49.4","24.0","39.8","21.9","9.7","10.4","50.6","24.0","33.5","25.6","17.0","20.5","53.5","(X)","62.3","(X)","16.5","(X)","57035","9746","-","**","56744","9023","-","**","-","**","-","**","-","**","20250","39237","73583","30947","-","**","-","**","71806","14116","56389","14587","31875","15934","65957","4998","66995","4671","58750","14437","96083","23838","65870","10085","44712","22183","41667","10143","24688","22242","32500","29938","-","**","53092","22351","41625","10448","-","**","(X)","(X)","(X)","(X)","(X)","(X)"
"1400000US36081039800","Census Tract 398, Queens County, New York","528","35","8.7","8.6","90.5","9.0","0.0","6.0","0.0","6.0","0.0","6.0","0.0","6.0","0.8","1.7","7.2","8.6","1.5","2.5","0.0","6.0","32.4","11.4","46.8","13.5","20.8","8.5","358","76","38.8","11.6","61.2","11.6","45.8","13.6","27.7","13.0","26.5","13.5","170","75","51.2","24.9","31.2","26.1","20.0","19.4","48.8","24.9","30.6","22.3","18.2","22.5","53.2","(X)","54.7","(X)","45.3","(X)","68611","32508","91111","37401","58846","26353","-","**","-","**","-","**","-","**","-","**","-","**","-","**","-","**","73472","47484","106563","87679","40625","52738","88295","24677","87898","47590","93472","40243","98839","47516","38984","18349","93472","46447","29118","36277","28493","4419","23750","41485","-","**","90787","79472","26406","144205","-","**","(X)","(X)","(X)","(X)","(X)","(X)"
"1400000US36081039900","Census Tract 399, Queens County, New York","956","104","41.2","10.5","1.9","2.4","0.0","3.3","17.3","7.2","0.0","3.3","39.6","10.0","0.0","3.3","79.0","7.7","1.9","2.8","5.9","5.7","52.2","10.4","34.2","9.6","7.7","4.9","819","124","62.8","10.5","37.2","10.5","62.6","11.1","14.8","7.5","22.6","9.9","137","81","38.0","27.6","30.7","28.4","7.3","12.3","62.0","27.6","15.3","18.7","46.7","30.0","68.2","(X)","57.1","(X)","43.1","(X)","46520","11534","71371","25326","-","**","-","**","27684","8212","-","**","45564","11760","-","**","55724","22130","-","**","78833","11092","34042","13369","60795","18150","14808","73750","36106","10189","29830","7349","46438","52397","31250","7015","35625","37388","47426","46240","42150","40109","33667","10485","32833","9007","-","**","74148","37244","-","**","74432","79831","(X)","(X)","(X)","(X)","(X)","(X)"
"1400000US36081040000","Census Tract 400, Queens County, New York","403","55","0.7","1.8","87.6","11.6","0.0","7.7","0.0","7.7","0.0","7.7","8.9","11.3","2.7","4.0","1.7","2.4","0.0","7.7","0.0","7.7","46.4","14.6","38.7","13.6","14.9","7.5","277","73","71.1","13.0","28.9","13.0","56.3","18.0","30.7","16.0","13.0","11.6","126","51","54.8","22.5","43.7","20.4","11.1","12.6","45.2","22.5","45.2","22.5","0.0","22.5","39.5","(X)","37.2","(X)","31.0","(X)","62292","26432","-","**","73839","45654","-","**","-","**","-","**","-","**","-","**","-","**","-","**","-","**","123007","67077","42143","61829","42500","28195","95913","27019","97132","51581","91458","30619","122703","31663","34961","19073","19868","194456","20625","25881","45750","16028","37917","32902","-","**","15982","18954","15982","18954","-","**","(X)","(X)","(X)","(X)","(X)","(X)"
"1400000US36081040100","Census Tract 401, Queens County, New York","1710","116","39.8","9.8","4.2","3.8","1.7","1.8","15.0","5.9","0.0","1.9","37.7","8.8","1.7","1.8","80.4","6.6","2.2","1.7","1.2","2.0","55.6","8.9","29.9","8.3","13.3","6.2","1327","161","50.1","10.0","49.9","10.0","60.8","9.9","14.3","7.3","24.9","9.5","383","122","15.9","13.2","13.1","12.1","2.9","4.9","84.1","13.2","37.3","23.2","46.7","25.7","53.0","(X)","45.0","(X)","58.0","(X)","46728","6008","52750","22549","58846","108607","-","**","51944","23010","-","**","38115","5104","-","**","45864","7826","29813","60442","-","**","39135","11277","61161","28086","45562","6457","46148","6430","38750","12301","46951","10118","46139","8793","54113","54028","39167","18961","30656","30844","30063","40075","11905","28582","-","**","31250","51618","27194","1896","71955","22671","(X)","(X)","(X)","(X)","(X)","(X)"
"1400000US36081040200","Census Tract 402, Queens County, New York","408","45","1.0","1.5","91.7","7.4","0.0","7.7","0.7","1.4","0.0","7.7","0.0","7.7","6.6","7.6","1.7","1.8","0.0","7.7","0.0","7.7","18.1","13.1","59.3","15.2","22.5","10.5","313","53","39.6","12.0","60.4","12.0","35.8","18.7","61.7","18.8","2.6","3.3","95","36","62.1","25.3","49.5","23.8","12.6","12.8","37.9","25.3","26.3","25.5","11.6","14.3","37.5","(X)","44.7","(X)","13.7","(X)","75313","18262","-","**","75313","18826","-","**","-","**","-","**","-","**","110515","58747","-","**","-","**","-","**","63636","26728","83750","52878","65000","36615","86188","36377","86375","43795","74712","68065","128750","37668","54511","56400","-","**","55893","21370","75078","31679","60208","14015","82500","20718","21190","26903","-","**","-","**","(X)","(X)","(X)","(X)","(X)","(X)"
"1400000US36081040300","Census Tract 403, Queens County, New York","1681","83","51.8","9.5","2.9","2.4","0.0","1.9","9.3","4.6","0.0","1.9","32.4","8.4","3.5","3.2","84.6","5.3","7.4","3.4","2.3","2.1","52.9","8.7","30.3","8.8","14.5","5.1","1384","131","52.6","11.2","47.4","11.2","64.8","8.6","17.8","6.9","17.3","6.6","297","104","30.6","16.6","8.8","11.3","21.9","16.4","69.4","16.6","22.2","15.4","47.1","20.6","54.8","(X)","43.4","(X)","72.1","(X)","52899","6534","53191","8232","26042","41681","-","**","55625","77830","-","**","49427","17349","67813","38459","53279","9987","39792","49433","57045","54725","54098","10534","51838","30882","38854","19694","49448","5827","48621","19449","49868","41574","62541","20548","24659","13480","43646","30052","39830","11819","21528","37092","-","**","40990","21862","42639","9030","20288","12909","44236","13344","(X)","(X)","(X)","(X)","(X)","(X)"
"1400000US36081040400","Census Tract 404, Queens County, New York","1265","85","0.4","1.0","86.8","6.0","0.0","2.5","4.0","2.9","0.0","2.5","4.7","3.8","4.1","4.0","6.4","3.8","0.4","1.0","0.0","2.5","28.2","7.7","46.0","7.6","25.8","5.7","881","129","49.8","9.9","50.2","9.9","56.5","9.7","39.6","8.9","3.9","3.3","384","109","69.5","15.1","55.5","15.8","14.1","12.5","30.5","15.1","24.0","14.2","6.5","10.2","45.5","(X)","52.1","(X)","30.2","(X)","49216","15235","-","**","48790","18606","-","**","49777","33049","-","**","95750","124983","40938","144472","73281","73824","-","**","-","**","45054","10030","64338","18911","40313","22229","73867","22464","48496","10553","81630","18183","83300","17722","53060","21891","47250","130095","23438","12317","24453","19273","30625","18520","13750","163433","19639","15474","28289","36175","-","**","(X)","(X)","(X)","(X)","(X)","(X)"
"1400000US36081040500","Census Tract 405, Queens County, New York","786","56","48.7","11.9","3.7","3.2","0.0","4.0","6.0","4.1","0.0","4.0","40.1","11.6","1.5","2.3","90.6","4.6","1.9","1.8","1.4","2.3","63.4","9.5","27.4","9.1","7.9","4.6","623","83","53.8","13.5","46.2","13.5","48.5","11.5","19.7","10.0","31.8","11.6","163","65","17.2","12.5","17.2","12.5","0.0","18.0","82.8","12.5","29.4","21.5","53.4","23.8","58.7","(X)","45.7","(X)","74.2","(X)","50667","9369","54148","15626","21932","160061","-","**","31458","33307","-","**","46339","28298","-","**","51000","10432","-","**","-","**","51333","13898","36042","37255","46607","17731","39602","11858","27075","14648","53636","14318","52125","12409","22386","26077","26042","20565","22054","37412","11750","24113","11750","24113","-","**","33977","39056","15577","3999","64479","50918","(X)","(X)","(X)","(X)","(X)","(X)"
"1400000US36081040700","Census Tract 407, Queens County, New York","1783","135","48.5","8.2","7.6","4.0","0.0","1.8","7.4","3.4","0.0","1.8","36.1","8.3","0.4","0.8","85.7","5.1","2.7","2.3","5.7","4.5","47.2","7.8","29.2","6.5","17.9","5.5","1362","175","45.5","9.0","54.5","9.0","42.0","8.8","32.9","9.5","25.1","8.4","421","139","36.8","17.2","33.5","16.5","3.3","5.3","63.2","17.2","38.0","16.6","25.2","16.6","53.5","(X)","45.7","(X)","38.2","(X)","45208","11629","42865","15466","52361","41663","-","**","35500","18596","-","**","46534","14590","-","**","46705","8857","20972","37939","32368","26031","50469","24085","37375","16494","58148","16707","36000","6661","27167","4379","51447","14806","43786","16440","29600","10587","36196","17629","27818","7588","12730","3133","12202","3668","-","**","32833","8031","27924","3387","50357","29623","(X)","(X)","(X)","(X)","(X)","(X)"
"1400000US36081040900","Census Tract 409, Queens County, New York","1209","74","45.1","9.2","5.5","3.9","2.6","3.0","13.2","6.1","0.0","2.6","29.1","9.1","4.5","4.6","79.9","7.1","3.6","3.3","4.1","4.6","52.4","8.0","36.2","8.3","7.3","3.8","950","108","69.4","8.6","30.6","8.6","51.9","11.6","24.3","10.0","23.8","8.9","259","97","27.8","19.5","27.8","19.5","0.0","11.8","72.2","19.5","42.5","21.7","29.7","17.8","61.3","(X)","56.6","(X)","36.3","(X)","47208","9616","56469","11814","43026","23610","-","**","38571","32416","-","**","45543","5262","29911","188600","47813","10548","72813","100518","-","**","49900","13016","44767","15752","36250","39444","39741","10787","32135","14549","56845","20660","43994","12814","17679","7258","62368","23143","26776","23586","9300","74656","9300","74656","-","**","37847","20689","21190","8883","42721","61283","(X)","(X)","(X)","(X)","(X)","(X)"
"1400000US36081041100","Census Tract 411, Queens County, New York","888","86","54.6","11.7","3.6","3.8","0.0","3.6","14.4","7.9","0.0","3.6","25.8","10.9","1.6","1.7","80.5","8.8","2.5","2.7","6.6","6.1","53.7","11.0","25.1","10.5","14.5","8.0","724","95","55.8","13.7","44.2","13.7","47.7","13.0","30.9","12.4","21.4","10.9","164","74","42.1","25.5","15.2","15.5","26.8","22.6","57.9","25.5","7.9","12.1","50.0","26.6","51.8","(X)","38.1","(X)","75.0","(X)","44491","9601","40977","9775","-","**","-","**","52917","28819","-","**","54327","12878","-","**","45260","13162","-","**","45885","2313","36250","8783","68315","22066","23990","34800","39400","7953","32321","16304","53476","18538","44764","17094","41563","38686","24904","24794","42031","15478","11696","31535","-","**","31176","71496","45469","10083","-","**","46146","16261","(X)","(X)","(X)","(X)","(X)","(X)"
"1400000US36081041300","Census Tract 413, Queens County, New York","1019","98","58.2","10.3","0.0","3.1","4.1","4.7","14.4","6.5","2.3","2.4","21.0","8.8","0.0","3.1","69.3","8.4","14.0","6.8","1.9","3.0","53.1","11.2","31.2","10.0","13.8","6.2","849","112","53.6","12.6","46.4","12.6","68.9","10.3","15.7","9.4","15.4","9.1","170","86","63.5","25.9","45.3","26.8","18.2","20.9","36.5","25.9","23.5","20.5","12.9","20.5","63.0","(X)","58.8","(X)","61.8","(X)","52765","17381","53295","18368","-","**","-","**","68068","39044","-","**","36154","30457","-","**","46667","24338","47083","20634","-","**","43083","13991","81212","28574","50417","33015","53352","18662","35156","26433","77576","11147","64280","11444","35329","41585","21063","45100","31786","24467","42788","58298","9688","34445","-","**","31429","73504","30119","6983","-","**","(X)","(X)","(X)","(X)","(X)","(X)"
"1400000US36081041400","Census Tract 414, Queens County, New York","1133","122","5.7","4.0","86.1","6.2","0.0","2.8","0.0","2.8","0.0","2.8","7.4","5.4","0.7","1.1","12.6","6.3","1.9","2.9","1.5","2.1","40.2","9.0","42.4","9.5","15.9","6.5","834","141","57.0","9.7","43.0","9.7","29.7","10.9","59.5","11.7","10.8","7.3","299","95","64.9","16.0","59.2","16.7","5.7","6.5","35.1","16.0","14.4","12.9","20.7","14.9","57.5","(X)","64.4","(X)","38.1","(X)","39799","6615","12361","52102","43056","9304","-","**","-","**","-","**","22083","28044","-","**","23466","20086","-","**","-","**","37067","6528","49375","8601","19607","2691","37991","4421","35605","4778","48854","25126","57115","28991","32059","9083","100682","42448","40781","14225","45288","26991","35972","25507","-","**","37440","25348","36726","9346","53333","50152","(X)","(X)","(X)","(X)","(X)","(X)"
"1400000US36081041500","Census Tract 415, Queens County, New York","1074","84","58.1","10.4","2.9","4.0","1.3","2.1","18.5","7.9","0.0","3.0","15.7","8.3","3.4","3.0","70.9","9.2","10.6","5.6","2.6","4.2","40.8","12.1","42.2","9.9","14.4","7.6","871","113","51.9","12.2","48.1","12.2","48.9","12.0","28.9","10.8","22.2","10.6","203","91","50.2","23.8","43.8","24.1","6.4","8.8","49.8","23.8","38.4","24.1","11.3","17.2","33.8","(X)","34.3","(X)","31.5","(X)","36456","12589","56544","19571","-","**","-","**","20694","3808","-","**","36157","30645","59205","39251","49402","20194","20500","12906","-","**","49565","23899","34511","15716","12563","4905","39875","13807","40781","14722","37118","33559","55882","32428","21806","25776","46761","28919","17660","7898","11944","4360","11042","3631","-","**","47554","68885","18942","74202","-","**","(X)","(X)","(X)","(X)","(X)","(X)"
"1400000US36081042400","Census Tract 424, Queens County, New York","724","66","0.0","4.4","97.9","2.4","0.0","4.4","1.0","1.4","0.0","4.4","0.0","4.4","1.1","1.9","0.8","1.3","0.0","4.4","0.0","4.4","17.3","6.4","48.6","7.8","34.1","7.2","518","90","29.0","12.2","71.0","12.2","43.2","13.6","43.4","13.1","13.3","7.8","206","69","54.9","19.6","47.1","20.9","7.8","8.9","45.1","19.6","41.7","19.6","3.4","5.1","54.1","(X)","51.7","(X)","60.2","(X)","98462","28567","-","**","98558","26614","-","**","-","**","-","**","-","**","-","**","-","**","-","**","-","**","110515","49526","112083","62210","73250","47281","115721","11018","122826","30156","115577","21476","140750","62695","116034","34718","29464","51290","38553","4073","36906","8337","36406","2819","-","**","39803","2529","39342","3534","-","**","(X)","(X)","(X)","(X)","(X)","(X)"
"1400000US36081042600","Census Tract 426, Queens County, New York","0","12","-","**","-","**","-","**","-","**","-","**","-","**","-","**","-","**","-","**","-","**","-","**","-","**","-","**","0","12","-","**","-","**","-","**","-","**","-","**","0","12","-","**","-","**","-","**","-","**","-","**","-","**","-","(X)","-","(X)","-","(X)","-","**","-","**","-","**","-","**","-","**","-","**","-","**","-","**","-","**","-","**","-","**","-","**","-","**","-","**","-","**","-","**","-","**","-","**","-","**","-","**","-","**","-","**","-","**","-","**","-","**","-","**","-","**","(X)","(X)","(X)","(X)","(X)","(X)"
"1400000US36081042700","Census Tract 427, Queens County, New York","1238","75","56.1","7.9","5.7","4.1","0.0","2.6","9.9","5.6","0.0","2.6","25.1","6.8","3.2","2.8","78.6","8.1","11.5","5.9","3.2","3.2","45.2","9.7","40.6","9.4","10.9","6.1","933","131","54.2","9.6","45.8","9.6","58.7","9.9","25.9","8.8","15.3","7.5","305","105","32.1","18.8","6.6","10.5","25.6","16.8","67.9","18.8","40.7","21.9","27.2","19.7","54.2","(X)","52.0","(X)","57.4","(X)","50746","10666","51528","11088","60333","54871","-","**","38565","27191","-","**","61146","33490","25000","72560","52321","21256","50859","19507","56250","54299","51455","14139","60708","22114","25625","7649","39811","8327","39242","9156","40938","32136","54821","17370","24706","11026","36188","18211","60583","35694","41600","29704","-","**","57778","47556","66806","31901","32188","14177","75653","1295","(X)","(X)","(X)","(X)","(X)","(X)"
"1400000US36081043200","Census Tract 432, Queens County, New York","412","29","2.4","3.6","90.8","7.2","0.0","7.6","0.0","7.6","0.0","7.6","1.9","2.9","4.9","5.6","5.8","5.1","0.0","7.6","0.0","7.6","16.3","9.0","62.9","12.8","20.9","12.2","325","53","32.0","13.1","68.0","13.1","52.9","14.4","35.4","15.0","11.7","9.1","87","43","43.7","32.5","43.7","32.5","0.0","30.2","56.3","32.5","56.3","32.5","0.0","30.2","51.7","(X)","56.9","(X)","32.2","(X)","84600","7075","-","**","86167","7550","-","**","-","**","-","**","-","**","-","**","43333","73658","-","**","-","**","81771","33511","89013","8493","82600","42865","82750","6837","79091","19276","84450","10460","86667","35658","83550","18912","75250","48993","86146","38800","70000","55696","70000","55696","-","**","90458","44594","90458","44594","-","**","(X)","(X)","(X)","(X)","(X)","(X)"
"1400000US36081043400","Census Tract 434, Queens County, New York","457","62","3.7","6.1","79.2","10.0","0.0","6.9","9.8","9.7","0.0","6.9","0.4","1.5","6.8","6.2","2.2","3.4","3.7","6.1","0.0","6.9","13.6","9.0","67.8","11.6","18.6","9.6","347","65","46.4","20.3","53.6","20.3","38.3","20.3","50.7","20.9","11.0","12.3","110","58","75.5","27.1","75.5","27.1","0.0","25.2","24.5","27.1","16.4","24.8","8.2","13.6","52.5","(X)","51.9","(X)","48.2","(X)","72083","24410","-","**","67188","31583","-","**","-","**","-","**","-","**","68750","73835","-","**","-","**","-","**","111833","107819","81316","21369","39896","14515","82401","36348","80559","19322","101136","25458","96141","26897","110714","70149","-","**","27500","19787","30489","15941","30489","15941","-","**","-","**","-","**","-","**","(X)","(X)","(X)","(X)","(X)","(X)"
"1400000US36081043701","Census Tract 437.01, Queens County, New York","834","72","49.5","13.0","6.0","4.4","0.0","3.8","12.0","4.7","0.0","3.8","27.9","14.0","4.6","7.1","67.4","12.1","15.1","9.1","0.0","3.8","61.9","11.9","26.1","9.9","12.0","8.1","734","103","63.4","13.7","36.6","13.7","57.2","14.0","24.4","11.7","18.4","13.0","100","71","64.0","36.8","64.0","36.8","0.0","27.2","36.0","36.8","19.0","26.5","17.0","24.6","39.6","(X)","25.2","(X)","82.0","(X)","41402","4857","50521","27769","27232","70706","-","**","33030","23550","-","**","37113","9619","-","**","41357","8577","52292","93274","-","**","41464","4349","90339","35568","25179","15375","40396","7674","35614","6277","75104","37285","75700","48443","10781","11755","36875","8490","29583","46729","17000","50064","17000","50064","-","**","51250","26458","-","**","-","**","(X)","(X)","(X)","(X)","(X)","(X)"
"1400000US36081043702","Census Tract 437.02, Queens County, New York","2076","147","45.8","9.5","21.1","6.2","0.0","1.6","17.9","6.7","0.0","1.6","14.8","7.9","0.5","0.8","55.3","9.1","10.7","4.6","2.5","2.7","42.1","9.1","31.6","7.6","23.8","7.7","1321","191","46.3","11.3","53.7","11.3","47.9","12.9","39.1","11.7","13.0","9.5","755","162","53.0","15.0","50.7","14.8","2.3","3.8","47.0","15.0","29.3","13.7","17.7","11.8","44.5","(X)","46.3","(X)","30.6","(X)","42879","12705","44962","11819","28520","2534","-","**","58563","28091","-","**","24175","77869","-","**","43239","22742","57845","37151","-","**","55335","16089","44049","13241","29554","15128","44810","18389","48910","34903","43370","18241","47054","19766","27536","12076","62647","39620","29777","9575","25192","8064","23897","7753","-","**","51827","52132","58942","40560","19389","95619","(X)","(X)","(X)","(X)","(X)","(X)"
"1400000US36081043900","Census Tract 439, Queens County, New York","1109","94","51.8","8.8","6.5","6.1","0.0","2.9","2.6","2.6","0.0","2.9","35.6","10.4","3.5","3.3","78.3","7.9","15.8","6.2","3.7","3.5","58.8","9.1","27.3","7.6","10.2","4.9","853","129","66.2","10.1","33.8","10.1","57.6","10.3","22.7","8.8","19.7","9.3","256","105","43.8","20.5","33.2","19.7","10.5","12.4","56.3","20.5","37.1","22.9","19.1","19.3","52.2","(X)","55.1","(X)","37.1","(X)","36813","16449","42105","25938","10429","1857","-","**","16058","16753","-","**","26118","30407","50625","91614","37250","17312","67386","46678","22396","217388","27500","13366","61319","24430","24943","29983","39215","12347","21521","6699","75833","15689","57434","19793","12286","24210","20756","3710","20833","22326","10500","22219","8203","3837","-","**","23864","21179","24489","9935","9345","47990","(X)","(X)","(X)","(X)","(X)","(X)"
"1400000US36081044000","Census Tract 440, Queens County, New York","1073","114","0.9","1.5","74.1","7.4","0.0","3.0","4.3","3.5","0.0","3.0","13.0","6.8","7.6","5.1","11.6","6.4","0.0","3.0","2.4","2.8","42.4","9.9","37.7","8.9","17.5","7.0","905","129","50.6","10.9","49.4","10.9","42.9","9.8","45.6","9.3","11.5","7.2","168","71","86.3","12.9","32.7","23.0","53.6","22.8","13.7","12.9","8.3","11.7","5.4","8.9","61.3","(X)","61.8","(X)","53.6","(X)","55903","8772","-","**","54229","5922","-","**","51711","18599","-","**","130441","111754","17000","39997","64271","95434","-","**","-","**","68438","20244","54375","9817","48333","15700","52604","6890","39024","10699","58125","13063","75652","23433","38750","10716","61765","25005","63421","15574","64178","23550","37125","83004","64868","36639","-","**","-","**","-","**","(X)","(X)","(X)","(X)","(X)","(X)"
"1400000US36081044301","Census Tract 443.01, Queens County, New York","1405","123","42.0","10.0","14.6","7.0","0.0","2.3","21.9","8.7","0.0","2.3","18.6","7.5","2.9","3.8","58.6","7.8","10.0","4.9","0.0","2.3","30.1","9.3","32.7","8.7","37.2","8.9","779","164","44.2","13.1","55.8","13.1","46.9","11.6","40.4","11.1","12.7","8.7","626","138","81.6","10.5","76.7","11.8","5.0","7.5","18.4","10.5","18.4","10.5","0.0","5.1","33.3","(X)","42.2","(X)","22.2","(X)","25274","5879","21477","16725","24315","61722","-","**","11250","16966","-","**","26551","3764","-","**","26310","6610","11286","6798","-","**","32361","8018","25701","12505","10379","3940","36571","13246","26643","6639","46006","15647","36314","11551","33775","21868","47227","33520","9019","1185","8612","1740","8284","1703","-","**","9782","9811","9782","9811","-","**","(X)","(X)","(X)","(X)","(X)","(X)"
"1400000US36081044302","Census Tract 443.02, Queens County, New York","1328","142","29.9","9.5","11.5","4.2","0.0","2.4","44.1","9.8","0.0","2.4","11.6","7.3","2.9","2.7","36.9","9.1","6.3","5.0","0.6","0.9","35.2","10.9","45.3","10.5","19.0","6.9","1171","159","42.3","11.3","57.7","11.3","62.9","13.0","23.7","9.9","13.5","7.8","157","88","74.5","28.5","74.5","28.5","0.0","18.6","25.5","28.5","8.3","14.5","17.2","26.4","50.2","(X)","46.6","(X)","21.0","(X)","56667","21030","44851","39145","84561","7072","-","**","43650","17152","-","**","87727","54142","46875","23578","70864","39774","43598","21038","-","**","54926","45313","59770","26651","41667","28902","56103","19222","47644","16509","71691","25359","70078","18627","42614","19611","40556","59349","10182","3434","9650","3147","9650","3147","-","**","-","**","-","**","-","**","(X)","(X)","(X)","(X)","(X)","(X)"
"1400000US36081044400","Census Tract 444, Queens County, New York","870","73","6.6","3.9","38.2","6.5","2.0","1.9","22.5","6.3","0.0","3.7","28.3","8.5","2.5","1.6","27.7","7.5","0.3","0.7","0.0","3.7","32.1","7.4","35.4","8.1","32.5","7.1","572","81","45.5","11.7","54.5","11.7","69.6","11.1","20.5","9.2","10.0","7.7","298","62","57.7","13.9","54.4","14.0","3.4","4.9","42.3","13.9","39.9","14.3","2.3","3.0","54.5","(X)","67.5","(X)","29.5","(X)","27750","13703","16563","31621","22386","6985","44063","37895","19375","18466","-","**","41500","12464","9333","7604","39375","6844","-","**","-","**","38825","6535","47000","13845","15745","2129","40625","5130","40000","17095","41087","9132","43015","5527","22153","33164","26208","6985","15129","2604","15000","3082","14457","3228","-","**","15500","9753","14911","7622","-","**","(X)","(X)","(X)","(X)","(X)","(X)"
"1400000US36081044601","Census Tract 446.01, Queens County, New York","1155","73","20.4","7.0","38.6","7.7","0.9","1.5","17.1","6.1","0.0","2.8","19.7","8.9","3.3","3.2","40.8","8.4","0.8","1.2","0.0","2.8","41.3","8.7","38.4","7.2","20.3","6.2","763","103","39.8","11.0","60.2","11.0","62.8","12.8","28.7","11.2","8.5","7.1","392","102","46.2","13.0","38.3","12.1","7.9","9.3","53.8","13.0","36.2","14.4","17.6","13.3","39.7","(X)","47.8","(X)","24.0","(X)","46953","14555","36818","44427","68306","27375","-","**","60710","25559","-","**","29400","15129","63750","37888","33309","4501","-","**","-","**","61648","30422","51974","20713","29015","25527","54539","19933","36250","20513","62131","10962","65809","11469","30739","10871","39350","38283","33125","5209","36953","29703","35781","18568","68603","16690","30481","7660","16563","26506","34698","62534","(X)","(X)","(X)","(X)","(X)","(X)"
"1400000US36081044602","Census Tract 446.02, Queens County, New York","1363","80","12.3","4.9","34.5","6.9","0.0","2.4","24.4","5.7","0.0","2.4","22.2","6.5","6.6","3.5","28.9","6.4","4.5","3.3","1.2","2.1","46.7","7.2","40.1","7.3","12.0","3.8","928","117","56.8","9.8","43.2","9.8","48.3","9.1","32.1","9.6","19.6","7.2","435","95","68.0","13.5","50.8","16.5","17.2","13.2","32.0","13.5","16.6","11.6","15.4","10.9","42.8","(X)","37.8","(X)","49.7","(X)","41189","8605","32045","34335","50455","8979","-","**","31434","8482","-","**","40441","28939","44375","24850","18289","13791","71691","22727","-","**","35156","11395","50000","21806","47163","2915","38625","9336","26875","15095","56281","6729","37875","8478","32188","33685","45455","16856","46442","9046","46026","12716","34583","12508","125880","44057","58042","47292","10536","8309","70515","26174","(X)","(X)","(X)","(X)","(X)","(X)"
"1400000US36081044800","Census Tract 448, Queens County, New York","795","65","11.8","5.0","18.5","7.2","0.8","2.7","36.2","11.0","0.0","4.0","19.4","9.3","13.3","8.1","24.2","11.2","8.2","4.0","2.0","2.5","33.5","10.3","40.1","10.3","24.4","8.5","657","85","37.9","11.3","62.1","11.3","62.1","15.4","25.9","11.4","12.0","9.4","138","72","38.4","24.2","34.8","23.3","3.6","5.9","61.6","24.2","57.2","25.2","4.3","7.2","43.0","(X)","40.0","(X)","20.3","(X)","43935","12254","45000","29007","23105","6050","-","**","80147","18785","-","**","43241","11694","19182","10390","42593","20100","50625","33300","-","**","39000","12890","54095","15285","39338","23745","39968","13161","24965","18989","62083","22990","63125","19299","20000","10482","14957","2373","31563","23268","31979","23402","32500","37994","-","**","30313","38692","19375","34980","-","**","(X)","(X)","(X)","(X)","(X)","(X)"
"1400000US36081045000","Census Tract 450, Queens County, New York","547","74","53.0","10.7","0.9","1.4","2.0","2.9","28.7","9.8","0.0","5.8","13.7","9.0","1.6","2.1","23.9","8.7","35.8","9.7","0.0","5.8","19.0","9.2","44.8","10.2","36.2","10.0","437","75","29.5","10.5","70.5","10.5","66.6","10.4","21.5","8.6","11.9","9.8","110","47","53.6","32.0","53.6","32.0","0.0","25.2","46.4","32.0","18.2","15.8","28.2","34.0","28.0","(X)","28.4","(X)","26.4","(X)","50313","11179","56250","33894","-","**","-","**","39250","28131","-","**","53029","24211","-","**","60583","33217","48750","30799","-","**","45000","72604","54087","15010","48269","24886","52933","15727","41339","57931","53558","12056","66827","33549","30962","12670","52981","35030","39214","3597","39375","15923","39375","15923","-","**","39150","5759","45500","56907","-","**","(X)","(X)","(X)","(X)","(X)","(X)"
"1400000US36081045200","Census Tract 452, Queens County, New York","179","60","11.2","7.9","22.3","17.5","0.0","16.5","39.1","21.8","0.0","16.5","27.4","22.3","0.0","16.5","25.7","21.2","6.7","6.3","2.2","3.6","26.3","21.0","63.1","22.3","8.4","6.1","122","49","67.2","19.4","32.8","19.4","69.7","24.0","18.0","15.1","12.3","18.0","57","48","61.4","44.7","14.0","19.8","47.4","50.4","38.6","44.7","38.6","44.7","0.0","39.3","20.7","(X)","30.3","(X)","0.0","(X)","39063","47848","41250","100810","38542","27396","-","**","21500","38508","-","**","92731","54274","-","**","93241","11219","21250","179353","-","**","39063","26827","78125","111269","12188","71417","22188","44630","20313","16418","79500","8253","20547","77174","78250","81649","-","**","57125","82800","93380","43710","-","**","-","**","-","**","-","**","-","**","(X)","(X)","(X)","(X)","(X)","(X)"
"1400000US36081045400","Census Tract 454, Queens County, New York","1482","93","12.7","4.8","17.3","6.2","0.0","2.2","52.2","9.8","0.0","2.2","8.7","5.8","9.1","7.1","13.0","6.8","9.9","4.4","5.3","3.5","32.4","7.1","42.1","7.5","20.2","6.4","948","136","30.6","8.8","69.4","8.8","73.5","11.2","15.4","7.5","11.1","8.2","534","129","53.7","17.0","42.5","15.6","11.2","10.4","46.3","17.0","43.3","16.8","3.0","3.7","39.9","(X)","38.9","(X)","37.5","(X)","58194","7910","61944","55252","48092","27560","-","**","60820","16183","-","**","54417","2454","60564","28113","55208","12693","80938","66173","29663","7799","61176","17346","63077","10038","38295","23539","60693","11649","43182","31645","77845","36102","61838","25778","26875","19352","78491","30476","52667","19295","49625","24985","50972","18046","29519","87487","56125","26862","56792","20885","-","**","(X)","(X)","(X)","(X)","(X)","(X)"
"1400000US36081045500","Census Tract 455, Queens County, New York","4574","112","34.5","5.6","52.2","5.3","1.6","2.0","0.9","1.0","0.7","1.1","6.6","2.8","3.5","2.2","26.0","4.2","20.3","4.6","0.9","0.9","31.1","5.3","46.2","6.2","21.8","4.4","3193","294","47.0","7.0","53.0","7.0","44.8","8.4","44.1","8.2","11.1","5.2","1381","279","47.8","12.2","42.6","11.8","5.2","5.3","52.2","12.2","44.5","12.6","7.7","6.1","41.5","(X)","43.9","(X)","35.1","(X)","49911","6008","36831","15516","52702","5327","-","**","-","**","-","**","57788","38876","63482","58692","58365","28537","31217","17119","30568","54981","51399","9069","60116","14293","23538","11997","54707","9663","48311","11154","62225","7812","71380","10694","46566","10048","48420","13773","26250","7797","26222","6465","26147","1385","80250","116600","30170","20997","22701","12936","49146","84758","(X)","(X)","(X)","(X)","(X)","(X)"
"1400000US36081045600","Census Tract 456, Queens County, New York","376","30","27.1","15.2","8.5","5.2","0.0","8.3","62.8","15.2","0.0","8.3","0.8","1.2","0.8","1.3","10.9","13.4","18.1","10.9","5.6","5.0","25.5","14.1","57.7","14.5","11.2","6.0","298","42","58.4","15.6","41.6","15.6","90.9","9.0","8.1","9.0","1.0","1.6","78","38","39.7","24.0","35.9","23.1","3.8","5.5","60.3","24.0","0.0","32.7","60.3","24.0","39.1","(X)","32.9","(X)","62.8","(X)","61324","42819","56563","102166","22857","13641","-","**","81333","57228","-","**","-","**","-","**","153493","50125","46250","6083","23393","35076","116806","55044","60956","25497","55938","19731","74327","39029","74135","54569","80556","63769","80515","44702","55833","16282","-","**","22222","25694","22361","49710","21944","39908","-","**","22153","27309","-","**","22153","27309","(X)","(X)","(X)","(X)","(X)","(X)"
"1400000US36081045700","Census Tract 457, Queens County, New York","991","119","29.3","9.1","1.3","1.5","0.9","1.6","57.2","8.1","0.0","3.2","11.3","4.9","0.0","3.2","23.3","6.9","17.3","6.1","12.0","7.1","34.6","9.3","34.8","8.5","18.6","7.2","690","136","33.8","12.1","66.2","12.1","69.9","9.7","23.5","8.7","6.7","4.8","301","101","39.2","18.4","19.9","15.7","19.3","13.9","60.8","18.4","33.2","15.0","27.6","19.8","48.3","(X)","52.3","(X)","39.2","(X)","62691","13665","47721","20704","-","**","-","**","64375","22646","-","**","105400","73051","-","**","63750","14460","48787","18352","48199","42392","64811","16014","75341","10123","29688","15156","71944","14988","107625","65414","53472","28579","83194","38867","49107","10606","95750","94833","39398","14964","60238","42954","61310","15106","21316","49806","37824","24103","26800","3865","39213","46114","(X)","(X)","(X)","(X)","(X)","(X)"
"1400000US36081045800","Census Tract 458, Queens County, New York","667","43","16.5","6.2","17.8","7.3","1.0","1.6","54.7","8.5","0.0","4.8","4.8","4.4","5.1","4.7","12.1","5.6","10.2","4.3","3.4","3.0","28.2","9.2","46.9","8.7","21.4","5.9","570","56","55.1","10.3","44.9","10.3","81.4","7.8","16.0","7.0","2.6","4.1","97","40","59.8","21.8","48.5","20.6","11.3","16.9","40.2","21.8","20.6","18.6","19.6","18.5","38.7","(X)","40.0","(X)","30.9","(X)","65139","39174","66944","39260","143102","64161","-","**","51985","19316","-","**","106250","12442","36000","36137","106307","37527","73000","32923","6023","20909","35667","39122","94107","42319","114688","88060","85288","57882","37167","18836","121552","27558","56250","21645","152578","109782","-","**","34375","46646","18000","40670","28250","69314","-","**","120341","160911","83750","164367","120341","136564","(X)","(X)","(X)","(X)","(X)","(X)"
"1400000US36081045900","Census Tract 459, Queens County, New York","1140","80","31.1","10.3","0.0","2.8","0.0","2.8","56.8","11.1","0.0","2.8","10.6","6.1","1.5","1.7","36.1","10.7","4.0","3.4","7.4","6.1","39.9","9.0","40.2","8.2","12.5","4.8","939","111","37.3","10.4","62.7","10.4","57.2","11.1","20.0","8.3","22.8","9.1","201","85","43.8","22.9","22.4","18.1","21.4","20.4","56.2","22.9","20.9","19.3","35.3","20.3","66.7","(X)","67.5","(X)","49.8","(X)","55529","12800","74872","19325","-","**","-","**","43554","5035","-","**","56875","53343","-","**","72889","30292","145735","3436","38370","25284","54830","13352","79519","11189","38750","24533","53102","17650","34886","21682","59934","17964","44599","13854","34706","16131","77708","12168","47202","91069","21000","10496","12946","23380","22150","21481","110489","31570","58750","69354","111685","54379","(X)","(X)","(X)","(X)","(X)","(X)"
"1400000US36081046000","Census Tract 460, Queens County, New York","1923","101","9.2","3.9","24.0","5.4","0.0","1.7","32.0","5.8","0.0","1.7","27.6","7.1","7.3","4.6","33.3","7.7","1.9","2.1","3.8","3.4","42.3","6.9","37.5","7.2","16.3","4.1","1427","162","61.9","8.4","38.1","8.4","68.0","8.8","25.4","7.1","6.7","4.6","496","131","60.7","14.5","58.9","14.6","1.8","3.0","39.3","14.5","27.6","14.2","11.7","10.7","33.0","(X)","31.3","(X)","30.2","(X)","25894","3043","18448","7420","40060","10340","-","**","22556","3318","-","**","22104","2107","30417","12374","22229","2935","-","**","30638","15779","24394","3460","38936","14812","17237","8565","25895","6790","22822","3133","49595","30842","27045","8956","21023","29155","21328","30201","21544","8047","19009","6328","18621","6878","-","**","26847","7080","29583","21976","14479","20004","(X)","(X)","(X)","(X)","(X)","(X)"
"1400000US36081046100","Census Tract 461, Queens County, New York","852","72","41.9","10.6","0.0","3.7","0.0","3.7","41.0","10.3","0.0","3.7","16.4","9.6","0.7","1.3","51.4","10.4","6.9","5.2","4.3","3.4","51.9","10.6","34.5","10.6","9.3","6.6","651","92","54.2","12.8","45.8","12.8","64.2","11.9","14.7","7.6","21.0","10.3","201","77","35.8","24.4","29.9","23.7","6.0","8.8","64.2","24.4","17.9","17.7","46.3","26.6","63.0","(X)","54.2","(X)","83.6","(X)","50380","12866","45378","16497","-","**","-","**","65391","30441","-","**","61161","26976","-","**","45988","6037","70446","125494","43403","49077","50543","9578","78250","43073","46023","33753","43398","14150","29471","10181","77143","19887","50200","23138","21667","24637","54063","52815","48487","22079","22105","45706","45227","51836","-","**","78688","42728","33929","42489","88839","29947","(X)","(X)","(X)","(X)","(X)","(X)"
"1400000US36081046200","Census Tract 462, Queens County, New York","2119","132","13.3","6.6","19.7","6.8","0.0","1.5","38.1","8.6","0.0","1.5","23.4","7.8","5.4","3.7","33.9","7.8","1.2","2.1","6.0","4.9","36.9","9.1","35.8","8.4","21.3","7.3","1652","179","45.5","11.5","54.5","11.5","55.6","10.5","24.0","8.1","20.3","9.6","467","159","74.1","17.5","57.2","17.2","16.9","13.1","25.9","17.5","25.9","17.5","0.0","6.7","47.7","(X)","51.6","(X)","26.8","(X)","37055","8093","41375","48840","26923","23445","-","**","27060","7324","-","**","50058","4450","83371","183674","49219","5242","-","**","47356","26372","36853","4488","34433","19603","33889","31243","43971","9939","37170","9502","47008","14539","36315","20509","37426","6369","60738","26938","15083","12031","12102","9752","11592","8237","17083","92056","25929","21300","25929","21300","-","**","(X)","(X)","(X)","(X)","(X)","(X)"
"1400000US36081046300","Census Tract 463, Queens County, New York","1019","82","49.4","9.2","1.1","1.6","0.0","3.1","41.6","9.3","0.0","3.1","4.8","3.3","3.1","3.1","54.6","9.0","1.0","1.7","6.2","5.4","49.1","9.6","37.3","9.0","7.5","4.6","777","110","57.0","11.5","43.0","11.5","64.0","11.3","19.9","8.9","16.1","9.2","242","91","49.2","19.8","44.2","20.3","5.0","8.6","50.8","19.8","33.1","17.4","17.8","16.0","51.2","(X)","55.5","(X)","31.8","(X)","35134","8376","29915","15010","-","**","-","**","36389","18287","-","**","31964","71093","85278","98399","29773","11773","-","**","27880","55272","36696","11733","52727","34641","13750","10657","34107","9630","29460","6765","49297","21033","34821","9459","21369","9888","48398","4301","22344","18420","35069","47878","23472","31355","-","**","20859","14832","19394","2354","66406","24311","(X)","(X)","(X)","(X)","(X)","(X)"
"1400000US36081046400","Census Tract 464, Queens County, New York","551","50","34.7","11.5","24.1","10.7","1.5","2.2","20.3","9.9","0.0","5.7","12.2","8.1","7.3","7.6","29.9","13.5","17.4","8.4","0.9","1.4","38.3","9.5","40.1","10.5","20.7","8.9","380","62","44.7","13.9","55.3","13.9","72.4","12.1","17.9","9.7","9.7","7.3","171","60","25.7","18.6","25.7","18.6","0.0","17.2","74.3","18.6","74.3","18.6","0.0","17.2","38.1","(X)","45.3","(X)","19.3","(X)","78750","29207","128969","6691","112292","75439","-","**","59423","49603","-","**","62736","33964","70833","27279","64831","116122","81750","147653","-","**","71042","46809","127750","38321","41250","18313","127321","33054","128500","23708","101250","49285","129531","26375","56875","53643","63646","25069","70042","34448","104167","52941","104167","52941","-","**","54183","24668","54183","24668","-","**","(X)","(X)","(X)","(X)","(X)","(X)"
"1400000US36081046500","Census Tract 465, Queens County, New York","1035","79","82.6","6.7","0.0","3.1","0.0","3.1","9.1","3.7","0.0","3.1","8.3","5.5","0.0","3.1","81.4","6.5","9.5","4.8","1.5","2.4","52.4","8.8","26.5","9.4","19.6","8.1","693","95","44.6","13.1","55.4","13.1","60.0","10.9","13.6","8.9","26.4","10.0","342","93","21.9","15.5","17.8","14.3","4.1","6.8","78.1","15.5","46.2","16.8","31.9","14.5","66.4","(X)","68.7","(X)","51.2","(X)","46719","17768","40729","17769","-","**","-","**","63571","29414","-","**","22429","66966","-","**","41979","26819","33906","16674","-","**","35125","14455","100278","21218","28036","10046","62188","27731","46940","30263","64271","42794","61250","30845","38611","41148","73828","67070","28800","6810","22458","19846","21875","9574","-","**","29375","10409","25278","5547","52760","47557","(X)","(X)","(X)","(X)","(X)","(X)"
"1400000US36081046600","Census Tract 466, Queens County, New York","1372","80","28.2","7.1","34.9","8.2","0.0","2.3","22.9","6.7","0.0","2.3","7.9","6.6","6.0","3.7","18.6","6.8","21.2","5.7","3.2","2.8","29.4","7.3","46.6","8.0","20.8","5.4","695","119","41.7","10.7","58.3","10.7","63.5","11.0","31.9","11.1","4.6","4.6","677","108","65.6","11.8","50.4","12.9","15.2","8.8","34.4","11.8","31.9","11.4","2.5","2.7","30.7","(X)","31.5","(X)","28.1","(X)","58235","7456","51094","25500","65179","13827","-","**","49091","27453","-","**","21946","41403","73523","62512","47042","30170","52344","35191","16250","2839","65029","9265","58997","6598","34444","13051","62371","23405","59167","39790","65625","26165","75547","22053","44474","22640","250,000+","***","46612","11402","46513","14278","46020","16908","56875","110769","50536","37791","50714","38179","-","**","(X)","(X)","(X)","(X)","(X)","(X)"
"1400000US36081046700","Census Tract 467, Queens County, New York","2044","131","58.4","6.4","4.8","4.2","0.0","1.6","27.9","5.8","0.0","1.6","7.6","3.4","1.3","1.2","62.0","6.6","6.8","3.0","2.7","2.3","48.5","7.5","36.8","6.5","11.9","4.2","1440","181","50.6","10.0","49.4","10.0","62.6","8.5","19.8","9.3","17.6","8.9","604","173","48.8","13.5","35.9","12.4","12.9","9.7","51.2","13.5","37.7","13.2","13.4","10.5","49.0","(X)","57.7","(X)","28.1","(X)","44444","8478","32679","7390","37768","18666","-","**","58259","7854","-","**","29779","27023","20909","54944","32373","6767","38125","22960","31500","51802","45703","10018","46806","12615","22426","16655","43194","12157","28657","6345","56481","9983","49464","5312","23785","8113","32140","48543","34167","13125","26094","8754","23173","10282","46250","40002","50110","9975","45556","12117","90114","77337","(X)","(X)","(X)","(X)","(X)","(X)"
"1400000US36081046800","Census Tract 468, Queens County, New York","1167","68","12.7","5.3","23.1","8.7","3.7","5.6","34.8","8.4","0.0","2.7","19.8","7.5","5.9","3.6","20.0","6.3","5.4","3.2","5.2","4.7","35.6","9.3","36.1","8.4","23.1","7.1","884","99","59.4","9.7","40.6","9.7","58.8","10.2","23.5","9.1","17.6","8.7","283","106","67.1","17.3","59.0","16.9","8.1","12.8","32.9","17.3","15.9","11.1","17.0","15.6","34.8","(X)","31.9","(X)","38.5","(X)","44777","11783","32125","40079","40938","16886","-","**","39722","42417","-","**","51653","16504","53375","64703","42120","8073","55156","88449","58588","526","58625","13369","39119","11699","26622","10969","51250","9321","54125","11902","41094","25636","51875","17824","34342","10761","57885","12171","30813","16468","26337","11315","25669","17056","-","**","42813","2427","43194","35345","42632","2419","(X)","(X)","(X)","(X)","(X)","(X)"
"1400000US36081046900","Census Tract 469, Queens County, New York","2679","141","45.0","7.2","5.5","2.7","0.0","1.2","37.4","7.5","0.0","1.2","7.8","3.5","4.3","4.1","46.2","7.4","7.8","3.7","6.3","4.0","41.5","7.9","35.2","8.0","16.9","4.8","1973","196","42.0","7.6","58.0","7.6","47.9","9.4","25.7","8.8","26.4","7.6","706","164","36.8","12.9","27.3","11.7","9.5","8.7","63.2","12.9","34.1","14.0","29.0","14.6","49.8","(X)","45.6","(X)","53.7","(X)","40383","5829","36538","10882","27727","38751","-","**","50432","7363","-","**","37690","10907","18734","1105","38832","6724","30521","15759","16645","36742","45867","6620","40958","6812","23111","3538","38795","8436","27459","16828","41624","8195","48285","8451","24180","19821","35481","18263","40165","16380","32813","27986","17019","10707","98125","105333","41167","16858","30585","11051","83583","86399","(X)","(X)","(X)","(X)","(X)","(X)"
"1400000US36081047000","Census Tract 470, Queens County, New York","891","72","12.8","4.9","12.5","5.8","2.4","3.6","44.7","11.6","0.0","3.6","20.5","9.3","7.2","4.5","21.0","6.9","5.5","4.1","2.0","2.6","27.2","8.8","47.9","9.7","22.9","6.0","796","81","28.4","9.4","71.6","9.4","68.1","11.8","19.3","9.7","12.6","6.6","95","53","38.9","31.1","25.3","22.9","13.7","21.7","61.1","31.1","47.4","34.2","13.7","21.3","41.1","(X)","42.7","(X)","27.4","(X)","65313","8841","61250","15059","71442","18776","-","**","70917","5283","-","**","44856","22657","77600","58207","54250","16467","59821","57389","-","**","45581","12438","70505","7523","66429","22527","66023","8099","32000","24025","71444","11538","70917","6098","45750","7582","78000","66855","44567","22389","59821","23746","56250","29007","-","**","43462","18467","42837","21833","-","**","(X)","(X)","(X)","(X)","(X)","(X)"
"1400000US36081047100","Census Tract 471, Queens County, New York","1420","76","25.6","7.3","0.0","2.3","0.0","2.3","66.8","7.1","0.0","2.3","7.6","3.5","0.0","2.3","24.0","6.2","9.2","4.6","1.8","2.4","44.6","9.7","30.8","7.5","22.7","6.3","914","128","47.0","11.2","53.0","11.2","77.9","10.4","17.7","10.3","4.4","4.4","506","128","51.0","17.9","30.6","14.8","20.4","13.2","49.0","17.9","32.6","16.3","16.4","13.2","53.7","(X)","46.2","(X)","62.8","(X)","32377","18366","44688","22730","-","**","-","**","31329","16345","-","**","31944","26896","-","**","52120","20067","24000","6600","-","**","45694","15884","32389","21270","26250","9802","30586","11236","26810","9772","49167","42405","27738","7040","31944","39611","57381","82081","35500","13974","28587","24317","18789","4537","44716","92610","37125","45352","36563","15373","88625","121039","(X)","(X)","(X)","(X)","(X)","(X)"
"1400000US36081047200","Census Tract 472, Queens County, New York","1305","67","30.3","8.5","27.8","8.9","0.0","2.5","30.6","7.8","0.0","2.5","9.0","5.5","2.4","2.5","14.3","5.7","27.3","8.1","2.4","3.3","29.5","8.7","43.6","8.2","24.5","7.3","793","122","32.7","8.9","67.3","8.9","65.7","11.9","25.0","11.5","9.3","8.9","512","120","66.0","13.9","60.0","15.2","6.1","8.7","34.0","13.9","31.8","13.5","2.1","3.2","37.3","(X)","40.7","(X)","29.1","(X)","67474","14873","73359","38070","63209","13834","-","**","102125","24974","-","**","54798","28604","-","**","53589","20702","74844","29840","-","**","62872","11533","90195","27784","74531","37320","79850","32986","73005","16702","105893","35586","100875","19853","73466","37810","75563","50033","44609","19021","40887","15735","39679","13043","-","**","56500","55241","55125","47176","-","**","(X)","(X)","(X)","(X)","(X)","(X)"
"1400000US36081047300","Census Tract 473, Queens County, New York","1439","124","34.6","6.3","3.9","4.3","0.0","2.2","55.7","6.3","0.0","2.2","5.3","2.9","0.6","0.9","22.9","5.0","16.4","4.8","0.6","1.0","36.6","8.5","38.2","8.4","24.6","5.8","825","127","40.8","11.0","59.2","11.0","70.9","8.9","21.6","6.9","7.5","6.5","614","150","56.4","13.0","54.9","13.4","1.5","2.3","43.6","13.0","25.6","11.7","18.1","12.0","42.4","(X)","41.8","(X)","41.7","(X)","53038","4411","53205","5060","-","**","-","**","49345","13103","-","**","50833","65501","-","**","51938","8902","54063","14038","-","**","58783","3731","51976","8993","37798","14857","53493","8662","52125","19149","59722","23477","52978","9142","57944","20668","34922","130350","52419","13266","24333","24163","23583","24899","-","**","54915","18996","52604","3455","82750","9904","(X)","(X)","(X)","(X)","(X)","(X)"
"1400000US36081047500","Census Tract 475, Queens County, New York","1569","104","37.0","7.5","1.5","2.3","0.0","2.0","55.5","7.6","0.0","2.0","2.4","3.0","3.6","3.5","26.4","6.8","14.4","6.0","2.0","2.6","40.9","8.5","41.4","9.3","15.7","5.3","1045","158","47.3","10.1","52.7","10.1","78.9","8.3","16.9","8.2","4.1","2.8","524","144","27.1","13.4","18.7","11.6","8.4","8.0","72.9","13.4","47.5","15.8","25.4","15.3","47.5","(X)","50.8","(X)","40.8","(X)","49056","6837","49474","17218","-","**","-","**","53594","13962","-","**","-","**","-","**","39086","18611","51250","16700","-","**","39916","32982","49728","10005","41193","4758","49905","8280","48348","14340","59943","17458","47557","15888","58239","5849","102404","55503","46250","12199","54706","5990","51250","32967","55536","7135","41000","9452","39663","6089","80509","78959","(X)","(X)","(X)","(X)","(X)","(X)"
"1400000US36081047600","Census Tract 476, Queens County, New York","475","16","57.1","13.3","10.1","7.3","0.0","6.6","28.0","12.5","0.0","6.6","0.0","6.6","4.8","6.2","7.4","6.1","51.2","13.6","0.0","6.6","29.9","10.0","33.5","12.9","36.6","12.0","368","57","41.6","14.4","58.4","14.4","79.9","8.5","10.6","8.6","9.5","6.0","107","58","62.6","31.0","62.6","31.0","0.0","25.7","37.4","31.0","32.7","30.0","4.7","7.8","18.3","(X)","20.4","(X)","11.2","(X)","104750","43680","120536","51334","56000","29498","-","**","140402","56418","-","**","-","**","-","**","151250","104557","104250","59940","-","**","141696","30868","122321","60499","47024","36908","135962","20881","113281","77841","141205","16650","133750","36024","21125","257028","-","**","47250","9192","46179","2450","46179","2450","-","**","49583","48582","49931","75288","-","**","(X)","(X)","(X)","(X)","(X)","(X)"
"1400000US36081047800","Census Tract 478, Queens County, New York","2249","98","33.4","8.3","35.3","9.9","0.0","1.4","19.6","5.8","0.0","1.4","4.4","3.5","7.3","4.2","18.5","8.3","23.4","7.2","0.0","1.4","29.6","7.5","38.8","9.6","31.6","7.5","1565","166","39.7","9.7","60.3","9.7","63.3","12.2","34.2","12.0","2.4","2.8","684","159","56.6","14.8","53.9","14.9","2.6","4.3","43.4","14.8","43.4","14.8","0.0","4.6","29.6","(X)","29.9","(X)","28.9","(X)","69485","22013","54141","62567","54940","19612","-","**","88309","86252","-","**","85066","63316","83807","1326","92575","32165","45191","17930","-","**","118824","57408","70069","31697","43859","11603","83863","15426","119718","52762","77200","17201","118005","52213","70903","40290","-","**","29926","19440","21310","1598","21094","1356","-","**","51938","20203","51938","20203","-","**","(X)","(X)","(X)","(X)","(X)","(X)"
"1400000US36081047900","Census Tract 479, Queens County, New York","1877","89","39.0","5.7","0.8","1.0","0.6","1.0","57.0","5.9","0.0","1.7","2.6","2.3","0.0","1.7","19.8","6.7","22.3","5.1","1.7","2.0","37.7","6.8","41.6","7.0","19.1","4.7","1568","122","40.0","8.3","60.0","8.3","82.7","6.1","9.3","5.6","8.0","4.6","309","97","55.3","17.5","45.0","16.9","10.4","7.9","44.7","17.5","38.2","17.4","6.5","7.2","47.1","(X)","46.2","(X)","46.3","(X)","58966","10129","70982","20125","-","**","-","**","51184","19068","-","**","26250","21063","-","**","50278","12353","89191","20941","-","**","64712","32021","59750","22144","48125","23728","60765","8784","63259","36154","60332","6832","63705","11272","46071","45283","50875","51219","30145","28064","30592","25397","18203","12436","114000","144065","16875","41065","7197","46012","-","**","(X)","(X)","(X)","(X)","(X)","(X)"
"1400000US36081048000","Census Tract 480, Queens County, New York","688","70","23.4","8.7","23.5","9.4","7.7","7.3","28.5","10.6","0.0","4.6","15.7","8.6","1.2","1.7","35.8","10.9","4.9","4.1","0.0","4.6","29.9","8.7","46.7","10.4","23.4","7.5","608","65","44.6","12.0","55.4","12.0","72.4","12.5","13.8","8.4","13.8","9.7","80","39","43.8","25.1","43.8","25.1","0.0","32.1","56.3","25.1","36.3","29.7","20.0","23.8","46.1","(X)","49.3","(X)","21.3","(X)","62500","28604","43015","16284","100625","58701","-","**","65357","57248","-","**","75375","40523","-","**","53750","35134","42857","104506","-","**","62037","22107","57917","44166","90313","82443","77564","17954","77188","21765","92188","53652","79679","37726","53672","3414","60147","55475","25833","7369","19271","33638","19271","33638","-","**","26563","4205","27188","1873","-","**","(X)","(X)","(X)","(X)","(X)","(X)"
"1400000US36081048100","Census Tract 481, Queens County, New York","2165","138","42.2","7.6","12.0","6.0","0.0","1.5","37.0","6.2","0.0","1.5","5.5","4.4","3.3","2.3","38.8","7.8","11.5","5.7","5.3","4.9","32.9","7.7","40.2","7.4","21.5","7.0","1345","182","40.3","12.2","59.7","12.2","57.9","12.0","24.2","10.9","17.9","8.8","820","179","53.8","14.3","42.8","14.6","11.0","8.5","46.2","14.3","27.4","13.3","18.8","11.1","54.1","(X)","54.7","(X)","47.3","(X)","37871","11327","29725","16472","14420","23710","-","**","56455","16463","-","**","68264","17334","14415","33224","29788","16867","45750","34258","2,500-","***","55568","28370","44188","15909","14916","15728","47431","26803","37031","25873","56397","28714","36832","18969","55822","62923","68828","48878","25921","16294","14972","22315","12440","4754","62742","38697","31042","16629","26523","17296","51667","42865","(X)","(X)","(X)","(X)","(X)","(X)"
"1400000US36081048200","Census Tract 482, Queens County, New York","405","34","9.1","5.5","39.3","12.0","0.0","7.7","19.0","10.1","0.0","7.7","20.7","10.9","11.9","9.1","27.4","11.3","5.2","4.1","2.0","2.9","21.5","12.2","59.5","13.1","17.0","8.8","356","42","25.8","12.3","74.2","12.3","66.6","12.2","25.6","10.9","7.9","8.4","49","31","55.1","38.6","55.1","38.6","0.0","42.4","44.9","38.6","44.9","38.6","0.0","42.4","46.4","(X)","41.9","(X)","0.0","(X)","60938","30159","122639","161340","42212","26803","-","**","100568","71133","-","**","59706","43764","105000","21653","65795","48860","46875","146890","-","**","59063","29631","102188","52602","52829","17835","68125","33441","53750","24128","92500","43776","109821","30979","33603","19005","-","**","41442","25297","41635","10384","41635","10384","-","**","-","**","-","**","-","**","(X)","(X)","(X)","(X)","(X)","(X)"
"1400000US36081048300","Census Tract 483, Queens County, New York","1179","94","42.4","9.5","1.1","1.6","0.7","1.1","43.9","8.9","0.0","2.7","7.8","4.8","4.2","3.1","38.4","8.4","15.5","7.3","0.0","2.7","53.5","8.6","32.1","8.4","14.4","4.6","892","107","51.5","8.9","48.5","8.9","68.4","8.7","21.5","8.8","10.1","6.2","287","98","59.9","16.4","48.4","18.3","11.5","10.1","40.1","16.4","31.7","16.1","8.4","10.5","47.2","(X)","47.9","(X)","45.3","(X)","49255","5119","48182","7122","-","**","-","**","51920","19657","-","**","46000","23979","72917","126061","45216","5537","57768","44313","-","**","50848","9574","52105","35574","22778","7723","50532","5359","47945","10405","68024","24130","53438","19741","47000","33771","53421","18525","27132","25251","29722","31604","23750","18538","112875","109436","25956","28257","21641","11542","-","**","(X)","(X)","(X)","(X)","(X)","(X)"
"1400000US36081048400","Census Tract 484, Queens County, New York","1530","92","11.6","5.2","34.4","8.6","0.0","2.1","33.6","8.9","1.1","1.9","11.9","5.4","7.4","3.3","10.3","5.0","4.9","3.2","0.6","0.9","31.4","9.4","50.1","9.0","18.0","5.0","1108","106","41.1","9.1","58.9","9.1","66.2","8.9","19.4","8.1","14.4","7.7","422","107","61.1","19.9","46.4","20.9","14.7","15.1","38.9","19.9","30.8","18.1","8.1","11.2","41.4","(X)","36.2","(X)","52.1","(X)","54412","8668","40650","28021","55357","16606","-","**","53750","17520","-","**","51000","70586","79875","29203","41318","3473","15972","65972","-","**","47627","12280","71453","21118","32344","24753","58750","7809","50980","8550","81250","45431","73611","24000","51865","5509","42476","8512","35938","31575","20563","22095","11600","10096","-","**","41875","43695","41071","20945","-","**","(X)","(X)","(X)","(X)","(X)","(X)"
"1400000US36081048500","Census Tract 485, Queens County, New York","1508","107","30.4","8.6","1.4","1.6","0.0","2.1","60.7","9.9","0.0","2.1","5.4","4.2","2.1","1.9","22.6","8.7","14.7","5.8","1.3","2.1","43.8","8.8","38.6","8.9","16.2","6.2","1144","126","31.5","9.7","68.5","9.7","78.1","9.7","9.4","5.8","12.5","7.7","364","121","37.9","17.2","31.9","16.4","6.0","7.2","62.1","17.2","19.5","12.3","42.6","21.1","45.1","(X)","42.4","(X)","48.1","(X)","53967","9082","56932","18035","-","**","-","**","51420","10597","-","**","49583","34738","71000","60143","65223","15067","44013","23651","-","**","63480","25330","53784","9392","42917","17797","55714","8713","41020","7488","60769","5561","52690","9210","57045","23511","115288","105438","46204","19015","44342","51040","44342","49154","-","**","46667","22380","32589","35935","63547","79344","(X)","(X)","(X)","(X)","(X)","(X)"
"1400000US36081048900","Census Tract 489, Queens County, New York","479","41","44.1","14.7","1.0","1.5","0.0","6.6","43.0","14.5","0.0","6.6","11.9","8.8","0.0","6.6","36.1","14.2","19.8","11.4","0.8","1.3","49.5","15.3","35.5","12.1","14.2","9.0","340","65","40.6","15.6","59.4","15.6","90.9","5.8","5.3","4.5","3.8","3.4","139","65","21.6","19.7","21.6","19.7","0.0","20.7","78.4","19.7","58.3","23.7","20.1","29.0","45.9","(X)","41.8","(X)","23.0","(X)","52083","16931","58490","21337","-","**","-","**","44907","33999","-","**","50250","98256","-","**","44955","30021","58698","55245","-","**","44477","15655","68833","8089","97679","74070","61667","26104","57000","57961","68000","32390","61917","26419","62500","169205","26563","43919","43080","19897","2,500-","***","2,500-","***","-","**","43973","20771","57760","55609","-","**","(X)","(X)","(X)","(X)","(X)","(X)"
"1400000US36081049200","Census Tract 492, Queens County, New York","1762","82","17.9","6.1","60.1","7.1","0.0","1.8","12.6","4.4","0.0","1.8","4.3","3.4","5.1","4.1","13.8","5.6","7.5","4.4","0.9","1.0","21.1","7.5","60.7","8.7","17.3","4.5","1018","141","38.3","10.3","61.7","10.3","59.3","10.9","30.0","9.9","10.7","7.7","744","149","52.0","12.5","45.4","13.7","6.6","5.9","48.0","12.5","42.5","12.9","5.5","7.0","38.9","(X)","41.9","(X)","31.2","(X)","50637","4719","38125","21990","52300","6380","-","**","44722","24059","-","**","45000","68840","36563","32383","34167","9134","57708","29828","-","**","51071","13574","52267","6313","42692","17536","57778","13983","49000","13784","61591","28256","72361","31850","54728","11934","48785","6910","42783","14441","43656","13578","43632","16213","45179","44395","36741","16110","38000","20721","-","**","(X)","(X)","(X)","(X)","(X)","(X)"
"1400000US36081049301","Census Tract 493.01, Queens County, New York","730","74","77.3","6.9","1.6","2.5","0.0","4.4","17.0","4.8","0.0","4.4","4.1","5.0","0.0","4.4","24.0","8.2","59.0","8.3","2.6","4.0","34.1","9.0","42.5","9.8","20.8","7.7","453","86","38.0","12.1","62.0","12.1","90.5","6.4","8.4","6.2","1.1","1.6","277","87","49.8","17.5","49.8","17.5","0.0","11.1","50.2","17.5","45.1","19.8","5.1","7.8","50.1","(X)","40.0","(X)","64.6","(X)","58966","3673","60370","4800","-","**","-","**","47632","21761","-","**","-","**","-","**","54417","29220","64637","12887","-","**","60272","12593","63750","20222","53667","18865","63839","17072","60326","17077","73750","24135","67000","19735","61630","28714","-","**","41688","26429","27045","60343","27045","60343","-","**","42438","24672","41563","24539","-","**","(X)","(X)","(X)","(X)","(X)","(X)"
"1400000US36081049302","Census Tract 493.02, Queens County, New York","815","101","88.0","6.3","0.6","1.0","0.7","1.1","7.2","4.9","0.0","3.9","2.5","3.1","1.0","1.5","9.0","5.8","82.2","7.6","6.0","5.1","46.1","10.9","36.0","11.2","11.9","5.9","476","119","55.7","14.4","44.3","14.4","77.5","10.2","19.3","10.6","3.2","3.6","339","100","41.0","17.4","39.2","17.6","1.8","2.6","59.0","17.4","46.9","17.8","12.1","11.0","42.6","(X)","38.7","(X)","48.1","(X)","48482","19411","58201","20988","-","**","-","**","6696","9081","-","**","-","**","-","**","38188","21256","58963","18212","8438","14413","46200","23722","67464","10440","48472","13094","66929","15009","65350","17222","75795","19910","76458","29923","57750","35317","-","**","26750","28774","38550","25229","38850","24510","-","**","21154","30394","11106","14851","71645","62539","(X)","(X)","(X)","(X)","(X)","(X)"
"1400000US36081049500","Census Tract 495, Queens County, New York","528","47","79.2","7.9","0.0","6.0","0.0","6.0","5.3","4.1","0.0","6.0","14.8","6.9","0.8","1.1","39.4","12.8","55.3","12.7","1.7","2.7","40.7","12.9","39.8","12.0","17.8","7.2","386","61","46.1","14.6","53.9","14.6","64.8","10.8","20.2","9.8","15.0","12.4","142","45","64.1","17.1","58.5","18.0","5.6","8.6","35.9","17.1","32.4","18.4","3.5","5.2","32.2","(X)","29.5","(X)","35.9","(X)","60968","14912","56250","21735","-","**","-","**","131250","227129","-","**","62321","18095","-","**","60208","27186","61786","25660","-","**","39688","37977","76667","11262","39079","39001","66212","6726","58125","49814","77222","11030","73000","8779","45385","14614","24655","38731","14583","24557","9750","7980","9083","9568","-","**","38646","17184","38125","19252","-","**","(X)","(X)","(X)","(X)","(X)","(X)"
"1400000US36081049600","Census Tract 496, Queens County, New York","885","46","15.6","7.4","30.1","7.1","2.7","3.3","24.3","8.3","0.0","3.6","15.3","5.9","12.1","6.6","19.7","6.6","7.8","4.1","8.9","7.1","25.0","7.9","43.6","9.3","22.5","6.4","742","86","33.0","7.4","67.0","7.4","64.2","8.5","25.7","8.6","10.1","6.2","143","68","38.5","24.5","19.6","16.3","18.9","25.5","61.5","24.5","48.3","23.0","13.3","17.3","38.9","(X)","41.4","(X)","12.6","(X)","70573","14265","47411","9487","103594","21142","-","**","69053","19122","-","**","88583","22453","61875","68606","47411","28279","54875","27173","42824","52763","86523","15591","81618","14133","47552","4866","84500","7220","103516","26521","80331","21821","89625","13526","56827","25507","16518","75887","42546","31484","43472","15064","28500","36928","-","**","28571","47417","7036","31300","-","**","(X)","(X)","(X)","(X)","(X)","(X)"
"1400000US36081049700","Census Tract 497, Queens County, New York","998","68","62.0","8.7","0.0","3.2","0.0","3.2","30.0","8.5","0.0","3.2","6.7","5.5","1.3","2.1","18.2","8.8","50.5","10.4","3.1","3.9","31.5","9.1","41.6","9.2","23.8","7.4","646","105","30.8","10.2","69.2","10.2","61.8","12.9","19.5","9.4","18.7","10.5","352","101","56.5","18.1","46.9","19.0","9.7","9.0","43.5","18.1","43.5","18.1","0.0","8.8","40.6","(X)","38.9","(X)","33.5","(X)","52653","14382","56736","8845","-","**","-","**","44335","14591","-","**","30950","52339","-","**","53587","29951","57609","18871","-","**","54674","41235","58859","6583","30658","15417","60426","8320","61023","32272","60243","11042","57989","10289","47222","40798","74181","35430","31615","7396","33750","16310","31250","18568","113409","122578","30163","13849","30163","13849","-","**","(X)","(X)","(X)","(X)","(X)","(X)"
"1400000US36081049900","Census Tract 499, Queens County, New York","1626","92","37.9","7.5","0.0","2.0","0.0","2.0","57.0","7.0","0.0","2.0","0.5","0.8","4.6","3.8","17.7","6.8","22.6","6.5","1.8","1.6","35.2","9.0","40.8","7.8","22.2","6.6","1265","140","38.8","8.8","61.2","8.8","75.4","7.6","12.1","5.6","12.5","6.7","361","120","52.6","16.8","50.4","17.4","2.2","3.9","47.4","16.8","35.7","15.2","11.6","10.4","50.1","(X)","47.7","(X)","58.4","(X)","52593","12811","52303","28950","-","**","-","**","43625","17676","-","**","-","**","140250","104204","88409","51153","51382","29815","54028","22076","61701","29787","63798","16421","31101","3614","60306","11913","61146","30360","57273","15414","58611","12994","50469","47723","92500","89118","35492","11325","28333","6964","27857","5731","-","**","42083","38920","62697","48465","38333","34235","(X)","(X)","(X)","(X)","(X)","(X)"
"1400000US36081050000","Census Tract 500, Queens County, New York","1399","110","8.4","5.4","76.0","8.9","0.0","2.3","8.1","6.0","0.0","2.3","2.9","2.8","4.6","4.6","14.4","6.7","0.6","1.1","1.3","2.1","37.1","10.3","52.1","10.4","9.5","5.5","934","142","52.1","13.9","47.9","13.9","34.4","10.9","59.4","11.6","6.2","4.0","465","143","40.6","17.5","40.6","17.5","0.0","6.7","59.4","17.5","59.1","17.5","0.2","4.7","35.8","(X)","31.0","(X)","37.8","(X)","43575","12625","26083","21084","44575","15569","-","**","41635","62060","-","**","26184","21087","71771","50077","27850","28789","-","**","-","**","44116","15104","44861","24392","41635","21727","53125","11186","40048","26593","61536","8397","60243","16019","47361","28154","53750","22327","25083","19451","16932","19563","16932","19563","-","**","28000","23924","27950","21911","-","**","(X)","(X)","(X)","(X)","(X)","(X)"
"1400000US36081050201","Census Tract 502.01, Queens County, New York","423","42","1.9","3.0","90.1","6.5","0.0","7.4","1.7","2.6","0.0","7.4","3.1","3.5","3.3","4.0","6.6","5.5","0.0","7.4","1.7","3.0","20.6","13.2","56.5","14.8","21.3","11.1","327","54","51.7","14.1","48.3","14.1","48.6","15.6","42.2","15.4","9.2","7.8","96","48","49.0","33.2","49.0","33.2","0.0","28.0","51.0","33.2","51.0","33.2","0.0","28.0","45.9","(X)","52.6","(X)","22.9","(X)","72377","15852","-","**","72426","16576","-","**","-","**","-","**","-","**","-","**","62188","410350","-","**","-","**","62153","25672","81750","30521","71667","38917","81750","29037","76806","15459","109038","41271","117656","91209","72222","44881","68750","29612","62361","27825","61875","26077","61875","26077","-","**","70417","70875","70417","70875","-","**","(X)","(X)","(X)","(X)","(X)","(X)"
"1400000US36081050202","Census Tract 502.02, Queens County, New York","373","38","4.0","4.8","79.6","11.8","0.0","8.3","4.3","4.1","0.0","8.3","5.6","6.0","6.4","9.9","8.0","7.3","1.1","1.5","4.6","6.8","32.2","14.9","45.8","15.9","17.4","8.9","329","44","25.5","15.2","74.5","15.2","61.7","14.6","22.5","12.8","15.8","10.1","44","28","63.6","35.5","63.6","35.5","0.0","44.7","36.4","35.5","36.4","35.5","0.0","44.7","54.7","(X)","46.2","(X)","34.1","(X)","68750","18157","-","**","70991","14370","-","**","50357","21362","-","**","51641","82440","-","**","52344","76578","-","**","-","**","61071","55719","71422","9959","36563","12637","70647","14343","61071","163045","70991","10574","68472","22315","108438","71475","54688","78982","32188","12846","31406","3983","31406","3983","-","**","113214","79282","113214","79282","-","**","(X)","(X)","(X)","(X)","(X)","(X)"
"1400000US36081050400","Census Tract 504, Queens County, New York","567","33","4.6","4.9","89.9","8.2","0.0","5.6","0.0","5.6","0.0","5.6","4.6","6.9","0.9","1.3","6.7","7.3","2.5","3.9","7.4","7.9","28.2","11.5","49.4","12.9","15.0","6.6","421","69","32.3","12.8","67.7","12.8","70.3","9.8","21.4","9.0","8.3","6.9","146","65","54.8","27.9","48.6","27.7","6.2","10.5","45.2","27.9","28.1","24.1","17.1","22.8","50.3","(X)","50.1","(X)","43.8","(X)","59870","3403","-","**","59010","8311","-","**","-","**","-","**","-","**","-","**","-","**","-","**","-","**","61324","20097","60167","8307","65125","30761","65724","12465","61522","28738","67434","18029","81250","31181","45500","28501","28162","13080","19364","13024","19667","27559","22813","33615","-","**","19000","18111","35481","47268","-","**","(X)","(X)","(X)","(X)","(X)","(X)"
"1400000US36081050500","Census Tract 505, Queens County, New York","598","72","69.9","10.4","3.3","3.9","0.0","5.3","22.6","10.2","0.0","5.3","4.2","4.6","0.0","5.3","16.4","8.3","57.7","10.5","1.8","3.0","43.6","10.2","38.0","12.4","16.6","8.0","398","90","29.1","8.2","70.9","8.2","72.4","12.0","16.1","10.0","11.6","7.6","200","68","32.5","17.8","25.0","16.9","7.5","9.5","67.5","17.8","44.5","19.7","23.0","14.0","53.8","(X)","49.7","(X)","62.0","(X)","66364","14542","81250","21582","-","**","-","**","38958","19483","-","**","-","**","-","**","85109","35059","77321","44900","-","**","72212","19516","63438","66139","63819","42144","75735","22616","36000","45230","86061","32270","75882","43066","111818","40103","43571","44613","63333","20095","51719","41277","33750","52798","-","**","64931","33118","95060","105651","64167","18879","(X)","(X)","(X)","(X)","(X)","(X)"
"1400000US36081050600","Census Tract 506, Queens County, New York","486","32","0.4","2.6","84.8","11.8","0.0","6.5","7.0","7.2","0.0","6.5","2.3","3.7","5.6","6.4","2.3","3.7","0.4","2.6","1.2","1.9","14.4","10.2","53.9","14.7","30.5","12.1","350","69","28.9","17.0","71.1","17.0","67.4","16.1","27.1","15.0","5.4","5.5","136","76","69.9","23.4","50.0","29.7","19.9","28.6","30.1","23.4","30.1","23.4","0.0","21.1","49.8","(X)","49.1","(X)","34.6","(X)","62500","21961","-","**","64352","29617","-","**","-","**","-","**","-","**","-","**","-","**","-","**","-","**","136094","29722","63148","23311","50946","24550","89000","52200","133917","21630","72560","39133","125556","47038","49276","4078","123958","186402","29412","45860","27721","49262","9688","20432","-","**","48750","22850","48750","22850","-","**","(X)","(X)","(X)","(X)","(X)","(X)"
"1400000US36081050700","Census Tract 507, Queens County, New York","1362","85","76.9","7.2","0.7","1.1","0.0","2.4","20.0","7.4","0.0","2.4","2.4","3.7","0.0","2.4","9.0","6.2","71.0","8.2","0.0","2.4","32.5","8.8","36.0","9.2","31.5","8.2","953","119","41.8","11.3","58.2","11.3","81.0","7.9","14.1","7.1","4.9","3.4","409","110","64.1","15.7","55.5","15.3","8.6","6.5","35.9","15.7","35.9","15.7","0.0","7.6","47.4","(X)","49.7","(X)","40.1","(X)","73977","5815","68917","39175","-","**","-","**","99821","37617","-","**","-","**","-","**","73882","52907","70341","30774","-","**","75000","19534","88194","24586","38281","28826","85331","12435","84643","24661","85404","12128","84667","12060","89167","45829","65156","43091","18969","6625","25096","21919","19280","8939","80139","13673","14315","6114","14315","6114","-","**","(X)","(X)","(X)","(X)","(X)","(X)"
"1400000US36081050800","Census Tract 508, Queens County, New York","539","56","3.0","3.0","91.1","7.2","0.0","5.8","5.9","6.9","0.0","5.8","0.0","5.8","0.0","5.8","2.4","2.6","0.6","1.4","0.0","5.8","24.3","10.8","44.5","13.5","31.2","11.6","423","79","39.0","14.0","61.0","14.0","43.3","13.1","48.5","12.9","8.3","6.5","116","61","56.0","30.5","56.0","30.5","0.0","24.1","44.0","30.5","37.1","31.3","6.9","11.6","61.4","(X)","69.5","(X)","28.4","(X)","59797","8495","40938","42138","62083","14917","-","**","-","**","-","**","-","**","-","**","-","**","-","**","-","**","59531","48826","61548","48222","38125","33743","67019","12173","65096","19150","71042","14527","77448","30394","61078","15996","58281","70057","27500","30946","13281","9620","13281","9620","-","**","57944","47041","58266","48061","-","**","(X)","(X)","(X)","(X)","(X)","(X)"
"1400000US36081051000","Census Tract 510, Queens County, New York","439","71","0.0","7.1","79.7","10.6","0.0","7.1","11.4","9.0","0.0","7.1","7.7","6.3","1.1","1.9","7.7","6.2","0.0","7.1","0.0","7.1","23.0","12.2","54.9","13.5","22.1","9.1","394","68","36.3","13.8","63.7","13.8","53.0","16.8","34.0","15.1","12.9","11.8","45","28","66.7","26.7","66.7","26.7","0.0","44.2","33.3","26.7","33.3","26.7","0.0","44.2","54.2","(X)","54.3","(X)","53.3","(X)","94922","40811","-","**","94773","43843","-","**","113375","50183","-","**","44231","144674","-","**","44231","114513","-","**","-","**","119792","22443","97656","49173","56625","28390","109038","27899","127350","5917","83750","26308","126850","5404","69286","34629","28917","707","19063","29013","19167","37230","19167","37230","-","**","-","**","-","**","-","**","(X)","(X)","(X)","(X)","(X)","(X)"
"1400000US36081051100","Census Tract 511, Queens County, New York","813","51","92.6","3.8","1.7","2.5","0.0","3.9","4.1","2.7","0.0","3.9","1.4","2.0","0.2","0.5","22.0","8.7","73.9","8.2","0.9","1.9","31.1","7.0","42.3","8.1","25.7","7.9","477","83","49.1","10.0","50.9","10.0","70.9","11.2","18.9","9.2","10.3","10.5","336","79","48.8","16.5","42.0","16.0","6.8","6.0","51.2","16.5","47.6","16.6","3.6","4.0","35.5","(X)","28.7","(X)","45.2","(X)","62250","26225","61250","26256","-","**","-","**","131023","55483","-","**","-","**","-","**","42276","17338","76314","13576","-","**","72574","36935","77348","26164","36853","10434","75650","13870","74706","36875","79375","26863","79167","24174","86000","102307","-","**","56912","5945","58030","28099","50250","34243","121719","17815","56397","19780","56324","21056","-","**","(X)","(X)","(X)","(X)","(X)","(X)"
"1400000US36081051200","Census Tract 512, Queens County, New York","793","32","3.8","3.1","80.1","8.1","0.0","4.0","1.4","1.6","0.0","4.0","3.0","4.2","11.7","7.1","10.3","6.8","0.0","4.0","0.0","4.0","34.3","8.9","39.7","8.0","26.0","7.4","666","63","43.1","10.8","56.9","10.8","52.7","10.1","39.9","10.1","7.4","5.9","127","54","52.8","21.5","52.8","21.5","0.0","22.3","47.2","21.5","47.2","21.5","0.0","22.3","50.6","(X)","48.0","(X)","54.3","(X)","78618","19998","110156","52017","75893","29311","-","**","-","**","-","**","-","**","68958","56446","112031","44866","-","**","-","**","74643","33426","104531","45770","51845","9311","81786","19175","74750","31366","90688","30492","110938","18693","55536","39589","59511","20533","56125","30386","48229","42366","48229","42366","-","**","71458","60985","71458","60985","-","**","(X)","(X)","(X)","(X)","(X)","(X)"
"1400000US36081051300","Census Tract 513, Queens County, New York","769","65","61.2","8.6","0.0","4.1","1.3","2.1","30.3","7.1","0.0","4.1","7.2","5.6","0.0","4.1","17.0","6.9","51.4","9.4","0.4","0.7","43.7","9.2","36.2","9.6","19.8","6.6","458","86","42.4","12.9","57.6","12.9","80.3","9.7","8.7","6.8","10.9","8.3","311","84","38.6","16.4","38.6","16.4","0.0","9.9","61.4","16.4","53.1","15.5","8.4","10.9","43.4","(X)","42.1","(X)","45.3","(X)","56853","14447","44356","28427","-","**","-","**","65729","10220","-","**","55795","28376","-","**","51771","18440","44886","35242","-","**","51458","24324","70750","25818","56875","30604","69828","7017","57083","23138","75217","5424","70500","6621","34821","17344","76196","20766","38949","3713","36818","39039","36818","39039","-","**","39119","2306","38381","4097","-","**","(X)","(X)","(X)","(X)","(X)","(X)"
"1400000US36081051500","Census Tract 515, Queens County, New York","1099","83","88.4","5.1","3.1","2.7","0.0","2.9","5.6","2.7","0.0","2.9","2.9","3.6","0.0","2.9","14.2","6.6","77.1","7.6","0.8","1.2","34.3","7.9","39.5","7.4","25.4","6.4","660","93","37.1","8.4","62.9","8.4","78.2","9.3","19.5","8.8","2.3","2.6","439","103","33.9","12.9","33.9","12.9","0.0","7.1","66.1","12.9","61.0","14.4","5.0","6.0","56.6","(X)","53.9","(X)","60.6","(X)","66719","14597","67962","15661","80263","33588","-","**","66875","67695","-","**","-","**","-","**","22432","60151","69464","12026","-","**","81549","8682","67614","23000","29875","42956","80643","14898","82107","5878","69452","23411","85156","8867","41406","23980","-","**","21438","23008","26458","13011","26458","13011","-","**","18750","55033","16552","34512","112917","107725","(X)","(X)","(X)","(X)","(X)","(X)"
"1400000US36081051600","Census Tract 516, Queens County, New York","527","77","7.2","7.1","89.2","7.9","0.0","6.0","0.0","6.0","0.0","6.0","1.5","2.2","2.1","3.0","8.3","8.3","2.5","3.1","0.0","6.0","24.1","11.8","39.3","11.2","36.6","10.8","431","76","30.9","12.6","69.1","12.6","52.7","11.6","47.3","11.6","0.0","7.3","96","43","55.2","25.2","46.9","28.7","8.3","13.4","44.8","25.2","32.3","22.1","12.5","15.1","49.0","(X)","55.0","(X)","18.8","(X)","68250","23621","33500","13464","74722","28061","-","**","-","**","-","**","-","**","-","**","34700","105431","-","**","-","**","92072","33883","104844","53905","35893","19613","69750","27484","55673","76507","77500","25950","74306","34399","57083","51488","-","**","36429","91652","19779","123434","19191","63295","-","**","36964","241855","26875","72535","-","**","(X)","(X)","(X)","(X)","(X)","(X)"
"1400000US36081051700","Census Tract 517, Queens County, New York","748","68","78.2","8.7","1.9","3.1","4.3","6.0","2.9","3.3","0.0","4.2","11.2","6.5","1.5","1.7","24.6","9.8","70.6","9.7","0.7","1.0","52.5","10.1","28.5","10.1","18.3","5.7","482","92","38.0","11.9","62.0","11.9","57.9","13.1","27.8","11.9","14.3","9.4","266","80","47.7","17.0","43.6","15.3","4.1","4.7","52.3","17.0","48.5","17.8","3.8","4.1","46.9","(X)","41.3","(X)","52.3","(X)","47027","7596","58250","17620","-","**","-","**","47115","27771","-","**","29844","12662","-","**","44219","6134","56071","17751","-","**","44805","8419","65208","24400","45956","19160","50893","18473","61042","21246","46326","22935","65104","31251","32188","27345","45764","54516","45549","2643","55089","20258","47054","16967","-","**","43477","12522","43086","17029","-","**","(X)","(X)","(X)","(X)","(X)","(X)"
"1400000US36081051800","Census Tract 518, Queens County, New York","623","34","2.4","3.7","95.0","5.2","0.0","5.1","0.0","5.1","0.0","5.1","2.6","3.9","0.0","5.1","5.0","5.2","0.0","5.1","0.0","5.1","40.9","11.8","38.0","12.5","21.0","8.8","539","44","59.2","11.7","40.8","11.7","48.8","12.2","41.7","13.4","9.5","7.3","84","35","56.0","23.0","56.0","23.0","0.0","31.0","44.0","23.0","40.5","23.0","3.6","6.4","32.3","(X)","32.8","(X)","28.6","(X)","81750","15449","-","**","81714","15316","-","**","-","**","-","**","-","**","-","**","-","**","-","**","-","**","100938","40383","81375","18281","37386","44147","86563","22728","81321","21064","100167","26275","100729","42392","74803","30285","95446","66500","35000","23730","23250","24487","23250","24487","-","**","37159","80708","36818","72123","-","**","(X)","(X)","(X)","(X)","(X)","(X)"
"1400000US36081052000","Census Tract 520, Queens County, New York","503","22","1.4","2.0","95.4","4.5","0.0","6.3","0.0","6.3","0.0","6.3","0.0","6.3","3.2","3.9","4.6","5.5","0.0","6.3","4.6","6.8","28.4","14.7","45.9","13.4","21.1","8.6","464","42","33.2","16.0","66.8","16.0","56.0","14.8","32.5","14.9","11.4","8.9","39","37","51.3","49.5","51.3","49.5","0.0","47.5","48.7","49.5","0.0","47.5","48.7","49.5","41.2","(X)","43.8","(X)","10.3","(X)","94938","15603","-","**","94000","15212","-","**","-","**","-","**","-","**","-","**","-","**","-","**","-","**","100439","26089","107684","21369","82750","69021","96250","21536","94375","52906","100135","33600","108235","13900","92813","59712","35795","31503","87039","82789","144000","4322","144000","4322","-","**","-","**","-","**","-","**","(X)","(X)","(X)","(X)","(X)","(X)"
"1400000US36081052100","Census Tract 521, Queens County, New York","653","66","83.8","7.9","3.7","3.9","0.0","4.9","3.8","4.1","0.0","4.9","4.4","4.7","4.3","4.7","14.1","7.3","74.9","8.8","6.3","4.7","36.3","10.6","43.2","10.4","14.2","7.2","364","74","40.7","13.3","59.3","13.3","91.8","4.8","4.1","3.8","4.1","3.0","289","70","39.4","19.0","39.4","19.0","0.0","10.6","60.6","19.0","49.8","17.5","10.7","13.4","56.0","(X)","37.9","(X)","78.9","(X)","61250","23518","61250","22137","46333","32816","-","**","117083","167689","-","**","98750","57800","-","**","97941","75105","61917","28258","2,500-","***","86172","25451","72500","58902","39375","29340","92300","13032","104250","21764","90857","13501","97941","14051","61250","45073","85250","131937","37875","21671","26406","14846","26406","14846","-","**","40571","11765","41141","7640","-","**","(X)","(X)","(X)","(X)","(X)","(X)"
"1400000US36081052200","Census Tract 522, Queens County, New York","555","29","2.9","3.3","89.0","9.3","0.0","5.7","0.0","5.7","0.0","5.7","5.4","8.4","2.7","3.0","11.5","9.8","2.9","3.3","2.3","3.8","28.6","11.8","46.7","12.2","22.3","9.9","433","58","42.5","13.1","57.5","13.1","55.4","13.2","26.6","12.7","18.0","9.9","122","53","50.0","25.8","50.0","25.8","0.0","23.1","50.0","25.8","50.0","25.8","0.0","23.1","53.3","(X)","61.2","(X)","25.4","(X)","79896","27408","-","**","81250","25358","-","**","-","**","-","**","-","**","-","**","160917","136542","-","**","-","**","128021","163208","98661","48483","63333","32602","102981","34642","78750","50898","111250","33881","105000","37558","121484","51950","27250","140026","24464","13065","26750","63039","26750","63039","-","**","11417","26280","11417","26280","-","**","(X)","(X)","(X)","(X)","(X)","(X)"
"1400000US36081052400","Census Tract 524, Queens County, New York","604","33","1.7","2.4","88.4","7.0","0.0","5.2","2.0","3.1","0.0","5.2","7.1","6.1","0.8","1.3","8.3","6.7","1.7","2.4","0.0","5.2","32.8","11.0","45.0","11.0","22.2","9.0","435","71","43.9","11.5","56.1","11.5","41.4","14.0","52.0","14.8","6.7","6.1","169","69","55.0","21.5","40.2","21.7","14.8","22.3","45.0","21.5","34.3","21.6","10.7","14.6","51.0","(X)","51.0","(X)","43.2","(X)","72593","18204","-","**","74074","17537","-","**","-","**","-","**","27031","27358","-","**","39423","234611","-","**","-","**","75769","30520","74537","26706","32155","25269","82768","23387","90809","68794","73889","24719","101951","28323","54922","26615","103438","82293","44281","2824","43669","17408","42661","24927","-","**","45962","34064","43889","18310","-","**","(X)","(X)","(X)","(X)","(X)","(X)"
"1400000US36081052500","Census Tract 525, Queens County, New York","701","54","88.0","5.7","0.0","4.5","0.0","4.5","6.3","3.9","0.0","4.5","5.1","4.3","0.6","1.0","24.1","8.9","69.6","8.9","1.6","2.0","43.2","9.4","44.2","9.0","11.0","6.0","458","81","43.2","9.7","56.8","9.7","63.1","10.6","19.7","9.7","17.2","8.8","243","77","40.7","18.3","37.0","18.8","3.7","4.4","59.3","18.3","59.3","18.3","0.0","12.5","44.9","(X)","47.8","(X)","33.7","(X)","65208","10825","67663","11767","-","**","-","**","105500","181228","-","**","39500","35571","-","**","63558","21176","65972","14755","-","**","75156","15603","63438","11414","55469","48569","68889","10486","63333","26338","79231","19164","75250","15310","67647","47655","68438","95812","40795","24987","40795","41222","40682","38435","-","**","41250","34891","41250","34891","-","**","(X)","(X)","(X)","(X)","(X)","(X)"
"1400000US36081052600","Census Tract 526, Queens County, New York","508","64","7.5","6.0","78.7","9.2","0.0","6.2","1.4","2.3","0.0","6.2","4.3","6.1","8.1","5.3","8.7","5.6","4.5","5.1","4.7","4.5","33.5","12.1","38.8","11.7","23.0","10.4","393","72","47.3","12.8","52.7","12.8","23.2","11.3","55.5","13.6","21.4","12.3","115","51","27.8","26.4","27.8","26.4","0.0","24.3","72.2","26.4","58.3","26.3","13.9","15.2","50.2","(X)","48.1","(X)","47.0","(X)","81290","12028","17188","34694","81935","7237","-","**","-","**","-","**","-","**","64028","30444","50714","33421","-","**","19091","23921","81290","16815","83802","20695","79821","69351","83125","3161","58542","26238","88295","2771","81411","8692","82663","41270","89483","6389","29625","12825","21429","24750","21429","24750","-","**","34205","16562","29875","22667","-","**","(X)","(X)","(X)","(X)","(X)","(X)"
"1400000US36081052800","Census Tract 528, Queens County, New York","427","47","10.1","7.0","85.5","8.7","0.0","7.3","3.3","5.3","0.0","7.3","0.0","7.3","1.2","1.7","10.1","7.0","0.0","7.3","2.1","3.2","18.3","7.7","45.7","9.2","34.0","8.2","327","61","33.0","12.0","67.0","12.0","55.7","13.3","37.3","13.3","7.0","6.6","100","46","80.0","21.0","77.0","21.7","3.0","5.8","20.0","21.0","11.0","17.1","9.0","13.3","40.5","(X)","41.3","(X)","38.0","(X)","57557","14488","-","**","61250","5489","-","**","-","**","-","**","-","**","-","**","-","**","-","**","-","**","46111","32986","63878","12950","42277","7718","58438","12759","62500","36073","58438","16244","64265","18415","27917","23576","75417","66502","30833","51387","30417","51465","27375","49039","-","**","-","**","-","**","-","**","(X)","(X)","(X)","(X)","(X)","(X)"
"1400000US36081053000","Census Tract 530, Queens County, New York","697","47","0.0","4.6","95.4","7.0","0.0","4.6","0.0","4.6","0.0","4.6","0.0","4.6","4.6","7.0","0.0","4.6","0.0","4.6","2.4","4.1","27.3","10.2","46.6","11.6","23.7","7.2","540","63","34.3","11.0","65.7","11.0","33.3","11.2","55.6","13.4","11.1","7.8","157","74","66.9","24.6","66.9","24.6","0.0","18.6","33.1","24.6","33.1","24.6","0.0","18.6","50.5","(X)","48.3","(X)","46.5","(X)","54189","8514","-","**","54890","9699","-","**","-","**","-","**","-","**","-","**","-","**","-","**","-","**","58281","15677","66563","31418","45563","12964","58125","10423","57734","42772","60284","13904","54878","40034","58906","24526","39559","47328","24492","21263","30625","31785","30625","31785","-","**","21500","48791","21500","48791","-","**","(X)","(X)","(X)","(X)","(X)","(X)"
"1400000US36081053100","Census Tract 531, Queens County, New York","1235","105","83.5","7.0","2.1","3.4","1.0","1.6","2.3","2.9","0.0","2.6","9.0","6.1","2.2","3.4","30.2","9.0","63.2","8.7","3.1","3.8","42.6","9.3","34.3","7.9","20.0","7.3","733","125","47.2","12.6","52.8","12.6","64.9","12.6","25.8","12.3","9.3","7.4","502","106","49.2","16.7","38.2","16.3","11.0","8.9","50.8","16.7","45.0","15.6","5.8","6.4","53.7","(X)","57.2","(X)","48.6","(X)","41919","7879","43988","10760","-","**","-","**","-","**","-","**","19830","34546","-","**","32557","19549","45250","9554","-","**","52950","19955","65000","23085","31853","13100","59555","10334","54500","13164","65996","3329","61500","16476","59828","12795","38587","56815","19375","12792","19814","32153","18617","11368","54050","110141","18393","12355","15556","9437","-","**","(X)","(X)","(X)","(X)","(X)","(X)"
"1400000US36081053200","Census Tract 532, Queens County, New York","551","55","5.6","3.8","88.2","6.8","0.0","5.7","1.5","2.4","0.0","5.7","0.0","5.7","4.7","7.2","11.6","7.8","3.1","3.0","0.0","5.7","25.2","9.1","48.6","9.6","26.1","6.4","362","74","37.0","12.6","63.0","12.6","55.0","13.4","38.4","13.8","6.6","7.2","189","68","83.1","15.3","61.4","17.6","21.7","17.8","16.9","15.3","16.9","15.3","0.0","15.7","28.5","(X)","30.9","(X)","23.8","(X)","86453","10689","76875","43236","85405","7808","-","**","-","**","-","**","-","**","-","**","162619","98416","-","**","-","**","105817","24085","75417","41173","78750","29909","97685","16259","87230","12750","99352","8955","105446","13691","85880","10005","-","**","54261","36443","74250","75047","24412","43475","162560","55478","53182","25667","53182","25667","-","**","(X)","(X)","(X)","(X)","(X)","(X)"
"1400000US36081053401","Census Tract 534.01, Queens County, New York","654","23","2.9","2.7","93.4","4.8","0.0","4.8","0.8","1.1","0.0","4.8","0.0","4.8","2.9","3.8","3.2","3.2","2.1","2.4","4.7","5.6","10.4","5.9","49.5","14.2","35.3","11.7","542","66","32.5","10.8","67.5","10.8","42.8","13.2","45.6","13.8","11.6","8.7","112","59","83.0","21.6","83.0","21.6","0.0","24.8","17.0","21.6","17.0","21.6","0.0","24.8","41.9","(X)","47.0","(X)","17.0","(X)","78370","15697","84750","165108","75750","16888","-","**","-","**","-","**","-","**","-","**","41641","29521","-","**","-","**","96667","27173","102917","63145","52375","13500","79239","11470","98269","53049","73793","8732","86786","78597","64750","40139","73836","23916","36250","18162","35170","23985","35170","23985","-","**","-","**","-","**","-","**","(X)","(X)","(X)","(X)","(X)","(X)"
"1400000US36081053500","Census Tract 535, Queens County, New York","358","47","65.4","15.0","0.0","8.7","0.0","8.7","4.2","6.3","0.0","8.7","29.1","15.3","1.4","2.0","67.6","13.9","28.2","12.8","6.4","7.2","63.1","15.2","24.9","13.5","5.6","4.4","323","47","58.5","16.7","41.5","16.7","61.0","15.6","32.5","15.5","6.5","7.9","35","31","31.4","43.3","20.0","40.3","11.4","16.1","68.6","43.3","68.6","43.3","0.0","50.1","52.5","(X)","44.0","(X)","20.0","(X)","63409","35818","64091","24762","-","**","-","**","-","**","-","**","37045","32684","-","**","43750","39553","64205","31087","-","**","52500","44012","62614","34553","76500","47801","36941","12966","36480","13424","39250","39093","36477","11778","37250","28804","-","**","30813","7383","-","**","-","**","-","**","-","**","-","**","-","**","(X)","(X)","(X)","(X)","(X)","(X)"
"1400000US36081053601","Census Tract 536.01, Queens County, New York","536","27","5.6","6.5","76.9","10.6","0.0","5.9","7.1","7.8","0.0","5.9","10.4","8.7","0.0","5.9","11.4","8.1","0.0","5.9","0.0","5.9","32.6","11.7","53.7","10.4","13.6","6.2","416","52","36.3","12.4","63.7","12.4","61.5","12.3","18.0","12.5","20.4","14.8","120","57","69.2","18.7","69.2","18.7","0.0","23.4","30.8","18.7","30.8","18.7","0.0","23.4","51.9","(X)","60.8","(X)","20.8","(X)","72222","15502","-","**","67763","14202","-","**","-","**","-","**","89417","56330","-","**","95804","112411","-","**","-","**","89625","14515","62440","34843","47750","33625","90769","19804","95089","22385","90673","49480","123661","29526","59653","63516","70417","15901","35500","39132","37969","64446","37969","64446","-","**","17266","43014","17266","43014","-","**","(X)","(X)","(X)","(X)","(X)","(X)"
"1400000US36081053800","Census Tract 538, Queens County, New York","429","43","2.6","4.0","93.9","6.5","0.0","7.3","3.5","5.2","0.0","7.3","0.0","7.3","0.0","7.3","4.4","4.9","0.0","7.3","0.0","7.3","22.4","10.6","46.9","12.3","30.8","12.0","366","60","38.0","13.0","62.0","13.0","52.7","13.3","35.8","12.7","11.5","9.8","63","41","60.3","28.4","52.4","29.4","7.9","14.4","39.7","28.4","22.2","29.5","17.5","21.7","62.9","(X)","68.3","(X)","31.7","(X)","72250","37846","-","**","71250","37084","-","**","-","**","-","**","-","**","-","**","-","**","-","**","-","**","85500","60344","83219","6263","42917","22637","75000","36224","84036","11979","45568","30711","97250","38283","58906","44130","43289","24594","21339","31941","15000","25448","14219","9712","-","**","-","**","-","**","-","**","(X)","(X)","(X)","(X)","(X)","(X)"
"1400000US36081053900","Census Tract 539, Queens County, New York","1457","75","73.7","7.4","1.4","1.9","1.6","2.3","16.5","5.0","0.0","2.2","4.9","3.1","1.9","1.7","48.2","9.2","31.2","8.4","0.5","0.8","36.4","7.7","45.8","7.4","17.2","5.5","1031","129","43.9","9.1","56.1","9.1","66.0","9.5","30.9","9.0","3.1","3.6","426","120","35.2","14.5","32.2","13.9","3.1","5.6","64.8","14.5","44.8","16.0","20.0","12.6","68.5","(X)","65.6","(X)","75.6","(X)","51902","7290","48705","6676","-","**","-","**","113125","82278","-","**","76250","75397","40875","24797","52931","11193","37596","14184","-","**","68594","26457","60486","26518","20536","6731","61875","21496","70804","28820","57500","22085","88095","36314","36125","31280","-","**","27708","9735","13611","10067","11875","8468","-","**","30547","13857","30195","13906","50489","41298","(X)","(X)","(X)","(X)","(X)","(X)"
"1400000US36081054000","Census Tract 540, Queens County, New York","1196","85","9.9","5.2","71.3","9.2","0.0","2.7","6.3","4.8","0.0","2.7","7.8","5.4","4.7","3.7","14.5","6.7","5.6","4.1","5.7","4.8","26.3","9.3","52.1","8.2","15.9","5.9","945","113","37.8","8.7","62.2","8.7","48.0","9.8","39.9","9.5","12.1","6.9","251","101","49.4","20.0","38.6","18.0","10.8","15.2","50.6","20.0","33.1","21.7","17.5","18.2","40.1","(X)","35.7","(X)","44.2","(X)","44191","13781","25417","35094","54955","18163","-","**","26750","47106","-","**","28015","29297","39583","320321","17685","12097","25104","82332","24444","43897","25938","16710","63438","23884","53214","17747","53259","18282","27450","12313","68819","13717","69643","15844","36563","23668","69667","45529","14554","7778","17685","8287","13487","11402","-","**","13967","48920","11438","8417","-","**","(X)","(X)","(X)","(X)","(X)","(X)"
"1400000US36081054200","Census Tract 542, Queens County, New York","1452","81","15.6","5.3","29.1","6.2","0.5","0.7","28.9","6.1","2.5","3.2","14.6","7.4","8.8","4.9","20.1","5.9","6.5","2.7","1.2","1.4","28.7","6.9","53.9","6.1","16.3","5.0","1347","98","44.8","8.4","55.2","8.4","67.4","8.5","19.8","8.0","12.8","5.8","105","60","61.9","33.0","56.2","33.2","5.7","9.8","38.1","33.0","38.1","33.0","0.0","26.1","40.6","(X)","41.3","(X)","22.9","(X)","82500","9659","76875","53369","78843","19580","-","**","86354","17701","-","**","87222","86741","54167","87797","86548","16648","27750","60044","-","**","86389","27682","83807","10312","75208","40840","85139","10400","77375","22519","97727","20473","99118","19964","47813","26307","85486","24407","10469","28756","18750","84860","9875","101243","-","**","7381","24286","7381","24286","-","**","(X)","(X)","(X)","(X)","(X)","(X)"
"1400000US36081054500","Census Tract 545, Queens County, New York","1280","59","70.2","7.6","1.3","1.6","0.0","2.5","10.3","4.6","0.0","2.5","13.1","5.3","5.0","3.8","57.2","8.5","29.6","7.5","5.3","4.1","54.1","8.4","30.5","8.2","10.1","5.1","871","123","67.0","9.6","33.0","9.6","52.2","10.8","27.2","10.1","20.6","9.7","409","112","35.5","16.2","22.7","16.0","12.7","9.9","64.5","16.2","36.4","15.5","28.1","15.8","76.8","(X)","76.7","(X)","77.0","(X)","49091","11747","50530","8741","-","**","-","**","39500","46713","-","**","33214","15008","95000","25744","48561","14746","52601","28133","41905","50796","60750","18629","33222","14700","14830","13097","41534","17535","48026","19160","32153","40291","60469","17864","30486","8884","71161","72122","48295","27395","14792","31410","13708","24839","27031","172618","79063","69722","48523","29214","115250","41861","(X)","(X)","(X)","(X)","(X)","(X)"
"1400000US36081054700","Census Tract 547, Queens County, New York","1307","95","69.2","6.9","4.4","3.0","0.0","2.5","14.6","5.0","0.0","2.5","11.5","4.9","0.2","0.6","60.2","7.5","19.7","6.4","3.4","2.7","52.6","8.3","34.0","7.8","9.9","3.7","995","115","47.9","9.4","52.1","9.4","42.6","9.5","40.8","10.0","16.6","7.8","312","105","30.1","15.8","27.9","14.9","2.2","3.7","69.9","15.8","34.3","18.3","35.6","17.7","77.9","(X)","72.0","(X)","84.9","(X)","47479","5496","50462","6163","92500","51497","-","**","36827","15934","-","**","32188","10867","-","**","50022","4615","38125","14430","47768","16173","47195","9397","49028","21571","38224","20939","43090","6591","37974","23104","44722","10803","48750","9677","22813","6601","49861","21327","39737","20150","26786","23779","27411","28585","-","**","48750","28597","27426","33272","92563","99128","(X)","(X)","(X)","(X)","(X)","(X)"
"1400000US36081054800","Census Tract 548, Queens County, New York","647","45","13.6","5.7","32.5","7.7","0.0","4.9","30.9","9.5","0.0","4.9","14.7","6.1","8.3","4.0","14.7","6.2","8.3","4.8","0.0","4.9","32.0","7.4","48.7","8.7","19.3","6.1","613","49","50.6","8.1","49.4","8.1","77.3","8.5","19.1","8.0","3.6","3.3","34","25","47.1","39.3","35.3","38.6","11.8","22.1","52.9","39.3","52.9","39.3","0.0","50.9","43.7","(X)","44.4","(X)","11.8","(X)","82750","16642","83000","35453","62368","45405","-","**","99327","55605","-","**","83750","39052","73929","113896","61250","32006","66563","26062","-","**","62321","54084","85417","16880","81458","37497","85583","10243","67105","23085","95568","28484","89167","17156","59716","3090","183500","204293","54107","11771","66250","25526","-","**","-","**","-","**","-","**","-","**","(X)","(X)","(X)","(X)","(X)","(X)"
"1400000US36081054900","Census Tract 549, Queens County, New York","1701","71","75.5","5.3","5.6","3.1","0.0","1.9","10.0","3.4","0.0","1.9","7.7","4.1","1.2","1.3","60.5","6.6","26.3","6.4","9.6","4.0","42.2","8.3","37.4","8.5","10.9","3.5","1264","120","47.5","7.9","52.5","7.9","49.7","8.9","36.6","8.9","13.7","6.4","437","111","59.0","13.0","47.4","13.6","11.7","8.3","41.0","13.0","26.5","12.5","14.4","9.8","80.3","(X)","79.1","(X)","77.6","(X)","42199","5508","40586","5441","53125","24310","-","**","40500","18781","-","**","58618","11095","-","**","46366","8018","19509","17885","38147","4873","51250","12036","45000","12949","15052","3780","44868","6808","40928","9204","50781","10446","56184","15174","31714","18987","41349","4539","23146","6032","19028","8324","18250","12557","19583","23865","24069","7137","23468","10512","67917","103328","(X)","(X)","(X)","(X)","(X)","(X)"
"1400000US36081055100","Census Tract 551, Queens County, New York","1669","84","79.0","5.2","3.1","2.7","0.0","1.9","5.7","2.7","0.0","1.9","9.2","4.0","3.0","2.1","43.9","6.5","46.8","6.3","4.6","3.3","47.0","6.8","33.6","7.2","14.9","5.1","1226","150","44.0","7.9","56.0","7.9","47.6","9.7","32.1","7.9","20.3","7.9","443","124","39.3","13.9","35.4","13.8","3.8","4.3","60.7","13.9","39.5","14.4","21.2","13.1","72.1","(X)","76.4","(X)","60.0","(X)","37420","7462","36450","5283","27917","42688","-","**","51375","31241","-","**","56042","31183","38333","8248","38313","9473","36344","9037","36750","60050","51011","15792","40118","8017","20926","9376","42264","10331","72600","48502","36736","9059","61111","24996","28625","7402","55729","13460","24010","13633","18281","4870","17014","4795","-","**","32228","17952","22153","25219","45750","63520","(X)","(X)","(X)","(X)","(X)","(X)"
"1400000US36081055200","Census Tract 552, Queens County, New York","1067","48","20.1","7.3","32.6","9.8","2.1","3.3","30.7","7.7","0.0","3.0","8.5","5.5","5.9","4.8","23.1","8.3","10.3","5.2","2.9","3.4","27.9","8.7","46.6","9.6","22.6","6.1","802","109","34.5","12.2","65.5","12.2","68.6","9.9","29.3","10.4","2.1","2.3","265","100","40.8","23.3","36.6","22.4","4.2","7.3","59.2","23.3","50.9","21.5","8.3","11.9","32.4","(X)","33.9","(X)","27.9","(X)","62944","18075","50792","13063","71250","33977","-","**","64674","51195","-","**","105774","104799","53580","43553","52917","34679","48438","39311","-","**","36761","30732","73224","9963","87788","58712","73393","16552","37083","30410","93438","6788","93000","21697","51086","29836","-","**","38750","5832","38438","20801","37228","17276","-","**","38869","4832","40144","3827","-","**","(X)","(X)","(X)","(X)","(X)","(X)"
"1400000US36081055300","Census Tract 553, Queens County, New York","805","63","61.0","10.3","6.1","5.3","0.9","1.5","11.9","6.3","0.0","4.0","17.1","7.8","3.0","3.4","65.1","9.9","17.1","6.8","4.8","3.9","41.6","8.7","38.8","10.7","14.8","6.5","531","99","48.0","13.3","52.0","13.3","58.4","12.9","34.1","12.7","7.5","5.3","274","88","28.8","17.6","28.8","17.6","0.0","11.2","71.2","17.6","51.5","20.1","19.7","15.3","70.1","(X)","69.9","(X)","70.4","(X)","38125","12828","30964","9589","38170","41188","-","**","42500","15996","-","**","44444","16244","-","**","40294","16071","17250","18999","88173","26078","32101","9610","41250","16815","17125","19229","32101","13854","29107","5707","47283","14261","45000","13501","13750","4139","48214","23282","29500","23637","11125","16213","11125","16213","-","**","39023","7557","37930","30070","131000","228612","(X)","(X)","(X)","(X)","(X)","(X)"
"1400000US36081055400","Census Tract 554, Queens County, New York","791","41","27.1","8.0","15.0","5.9","0.0","4.0","38.3","8.2","0.0","4.0","10.9","6.0","8.7","5.6","23.5","8.2","13.3","4.9","0.6","1.0","22.8","8.5","48.3","10.0","28.3","9.0","609","67","30.2","7.4","69.8","7.4","83.1","8.8","13.8","8.8","3.1","3.5","182","62","50.0","21.7","35.7","19.4","14.3","12.1","50.0","21.7","50.0","21.7","0.0","16.3","43.0","(X)","41.7","(X)","32.4","(X)","78568","7317","81071","12626","92708","65954","-","**","74450","7418","-","**","81000","36010","61875","70882","78684","22845","81339","39782","-","**","67000","37258","72750","17524","88000","11184","82031","10211","77778","21209","83295","10698","87679","12714","72955","30844","-","**","39167","15845","39271","21064","37813","14139","88000","63380","34960","24912","34960","24912","-","**","(X)","(X)","(X)","(X)","(X)","(X)"
"1400000US36081055500","Census Tract 555, Queens County, New York","681","56","83.6","7.4","6.8","5.4","0.0","4.7","2.5","2.7","0.0","4.7","6.2","4.6","1.0","1.7","67.0","8.1","22.5","6.2","5.0","3.6","45.1","8.3","39.5","9.3","10.4","5.2","471","74","51.4","11.7","48.6","11.7","57.7","10.1","39.1","10.5","3.2","3.7","210","68","51.4","20.1","39.0","20.0","12.4","10.4","48.6","20.1","20.5","16.3","28.1","15.8","68.1","(X)","70.5","(X)","62.9","(X)","44821","4582","45980","3615","9625","49125","-","**","-","**","-","**","55278","74126","-","**","44032","7439","47566","2834","38214","7042","55417","41811","41250","24854","34375","39495","44964","6119","46167","24560","44330","6873","77000","24803","31964","16544","-","**","29625","29636","11100","7763","9815","1945","84500","55561","46364","12242","28688","28046","55139","37338","(X)","(X)","(X)","(X)","(X)","(X)"
"1400000US36081055600","Census Tract 556, Queens County, New York","685","25","22.6","8.1","9.9","4.8","0.0","4.6","41.9","8.9","0.0","4.6","12.7","7.2","12.8","5.6","25.7","8.7","7.0","4.0","0.0","4.6","22.5","7.0","55.9","8.3","21.6","7.7","642","36","39.6","9.4","60.4","9.4","81.9","7.1","9.7","5.1","8.4","4.4","43","29","100.0","45.2","72.1","30.2","27.9","30.2","0.0","45.2","0.0","45.2","0.0","45.2","36.8","(X)","35.0","(X)","39.5","(X)","76676","7091","75042","10048","88333","26706","-","**","92083","35800","-","**","87656","96887","67000","22354","76167","14596","69500","36158","-","**","83125","13945","70875","15103","72727","32528","76136","6736","81250","13847","72727","12194","75606","9229","101000","85038","76364","16209","67750","112257","67750","112257","24688","123920","-","**","-","**","-","**","-","**","(X)","(X)","(X)","(X)","(X)","(X)"
"1400000US36081055700","Census Tract 557, Queens County, New York","1281","104","80.2","8.3","2.6","2.1","0.0","2.5","11.9","6.8","0.0","2.5","4.7","4.7","0.6","1.4","48.0","8.1","37.9","9.8","3.5","3.8","34.6","9.2","44.9","8.9","17.0","7.3","955","118","35.6","10.6","64.4","10.6","59.9","10.9","35.5","11.2","4.6","4.4","326","103","59.5","17.5","46.0","18.8","13.5","13.0","40.5","17.5","26.7","12.3","13.8","13.1","65.4","(X)","72.3","(X)","45.4","(X)","40825","9721","42275","18934","33194","9756","-","**","19375","12882","-","**","88750","129477","-","**","41875","18519","50000","24149","-","**","40091","12941","53264","23258","33897","26284","53972","17341","40732","8011","65750","60635","54611","32462","33614","22152","67200","88368","21324","14393","21563","19357","18889","16659","36250","47647","21111","18767","18125","13929","127917","160905","(X)","(X)","(X)","(X)","(X)","(X)"
"1400000US36081055800","Census Tract 558, Queens County, New York","544","33","22.6","8.2","19.7","10.1","0.0","5.8","35.3","10.3","0.0","5.8","11.8","4.8","10.7","6.0","26.7","8.3","13.1","6.3","4.6","6.6","25.9","9.0","50.2","10.8","19.3","5.8","466","67","41.2","10.0","58.8","10.0","81.1","10.9","11.6","8.1","7.3","7.8","78","40","42.3","33.0","42.3","33.0","0.0","32.7","57.7","33.0","41.0","34.4","16.7","25.0","41.7","(X)","40.8","(X)","47.4","(X)","78500","15209","54028","34739","75580","24889","-","**","84643","47396","-","**","86033","649","103261","62136","85190","19727","49750","115384","-","**","85462","17701","91797","41978","39297","20966","85652","11920","85761","7784","84286","42202","86902","10421","82857","52248","40625","13152","27214","21183","37639","20884","37639","20884","-","**","27050","205524","26400","11314","-","**","(X)","(X)","(X)","(X)","(X)","(X)"
"1400000US36081055900","Census Tract 559, Queens County, New York","436","46","67.7","12.8","4.4","6.5","1.4","2.2","9.4","9.8","0.0","7.2","16.3","9.0","0.9","1.9","76.6","12.1","8.7","6.6","2.5","4.0","48.2","13.8","40.6","13.0","8.7","9.1","324","55","63.6","14.9","36.4","14.9","53.7","18.1","28.7","15.5","17.6","14.0","112","60","49.1","28.5","49.1","28.5","0.0","24.8","50.9","28.5","40.2","27.9","10.7","17.0","75.2","(X)","72.8","(X)","82.1","(X)","49500","14774","56442","22807","-","**","-","**","17135","68097","-","**","48125","47702","-","**","51607","26796","81786","47727","-","**","64394","8385","37250","33460","9400","36324","56667","18532","62803","30379","56190","35947","67292","41565","28542","36961","62938","108375","21458","16594","17240","3202","17240","3202","-","**","48625","12701","48125","20498","-","**","(X)","(X)","(X)","(X)","(X)","(X)"
"1400000US36081056000","Census Tract 560, Queens County, New York","486","39","31.5","10.2","28.2","11.8","0.0","6.5","28.2","9.6","0.0","6.5","8.8","7.9","3.3","3.7","17.3","8.8","26.1","10.4","0.0","6.5","21.4","9.7","52.3","15.2","26.3","10.9","409","52","38.4","10.6","61.6","10.6","75.3","13.1","20.0","12.4","4.6","5.7","77","46","67.5","23.8","67.5","23.8","0.0","32.9","32.5","23.8","32.5","23.8","0.0","32.9","39.5","(X)","45.0","(X)","10.4","(X)","57292","10192","69271","13308","50625","20277","-","**","54531","29573","-","**","60341","23735","-","**","53000","46971","67604","11081","-","**","24875","16934","66161","11454","56833","14017","64107","10166","25481","33461","70000","14936","57813","13688","87000","137174","-","**","42227","17913","42037","10377","42037","10377","-","**","55750","59210","55750","59210","-","**","(X)","(X)","(X)","(X)","(X)","(X)"
"1400000US36081056100","Census Tract 561, Queens County, New York","52","26","53.8","28.6","7.7","12.9","0.0","41.1","19.2","28.3","0.0","41.1","0.0","41.1","19.2","28.2","46.2","30.4","7.7","11.0","0.0","41.1","65.4","28.9","26.9","26.0","7.7","11.5","38","26","78.9","24.9","21.1","24.9","73.7","36.3","26.3","36.3","0.0","48.1","14","15","28.6","46.5","28.6","46.5","0.0","79.3","71.4","46.5","0.0","79.3","71.4","46.5","38.5","(X)","52.6","(X)","0.0","(X)","112000","12450","111500","9959","-","**","-","**","-","**","-","**","-","**","-","**","112000","11033","-","**","-","**","116750","31274","-","**","-","**","110250","41200","111250","38372","-","**","111500","8971","-","**","-","**","-","**","-","**","-","**","-","**","-","**","-","**","-","**","(X)","(X)","(X)","(X)","(X)","(X)"
"1400000US36081056200","Census Tract 562, Queens County, New York","462","41","36.4","16.2","15.2","11.2","0.0","6.8","27.7","18.5","0.0","6.8","19.3","17.0","1.5","2.5","38.1","16.1","16.2","11.9","13.4","14.7","14.5","10.9","55.0","19.5","17.1","12.2","429","50","43.6","9.3","56.4","9.3","61.1","19.0","25.9","15.5","13.1","14.0","33","22","69.7","22.7","69.7","22.7","0.0","51.6","30.3","22.7","30.3","22.7","0.0","51.6","54.5","(X)","55.0","(X)","24.2","(X)","47500","19188","55179","21346","38382","32257","-","**","117667","148682","-","**","46917","26641","-","**","46157","8744","54861","12013","-","**","63393","25173","42417","50014","47361","19366","42146","22382","40188","28561","61574","52951","57500","25449","38162","23580","19056","53720","49063","54720","63750","41876","63750","41876","-","**","24583","30698","24583","30698","-","**","(X)","(X)","(X)","(X)","(X)","(X)"
"1400000US36081056400","Census Tract 564, Queens County, New York","557","37","47.8","14.1","12.7","7.6","0.0","5.7","29.8","12.5","0.0","5.7","6.8","6.8","2.9","3.5","26.8","10.5","28.7","11.2","1.4","2.2","31.8","11.1","52.6","12.2","14.2","5.6","432","63","47.5","15.3","52.5","15.3","77.3","12.1","16.9","9.5","5.8","8.8","125","59","68.0","26.0","40.0","25.3","28.0","27.1","32.0","26.0","32.0","26.0","0.0","22.6","25.3","(X)","24.1","(X)","29.6","(X)","50880","13086","45086","9937","98466","7963","-","**","51852","13827","-","**","51250","29931","-","**","42212","31800","45690","11411","-","**","50880","18075","61458","23157","37656","18301","45517","14510","40292","3279","72550","51019","45625","29980","32250","24175","-","**","54750","42466","38906","46133","35000","17296","-","**","72826","72632","72826","72632","-","**","(X)","(X)","(X)","(X)","(X)","(X)"
"1400000US36081056500","Census Tract 565, Queens County, New York","432","60","81.3","9.4","1.9","3.0","0.0","7.2","10.0","6.0","0.0","7.2","6.9","4.4","0.0","7.2","75.2","10.7","13.0","7.8","3.5","5.6","57.6","11.3","20.6","11.2","18.3","9.9","357","67","77.0","12.7","23.0","12.7","67.5","14.0","25.2","12.6","7.3","7.7","75","44","44.0","25.9","44.0","25.9","0.0","33.5","56.0","25.9","13.3","17.1","42.7","28.7","78.2","(X)","77.3","(X)","62.7","(X)","38235","9140","47574","9341","-","**","-","**","-","**","-","**","-","**","-","**","39338","17970","65000","73907","-","**","38750","20553","31094","81965","41181","12098","38309","20773","32031","24372","52500","91442","37721","21506","32750","36095","-","**","36625","28102","40208","35550","40208","35550","-","**","36250","30890","-","**","35750","38978","(X)","(X)","(X)","(X)","(X)","(X)"
"1400000US36081056600","Census Tract 566, Queens County, New York","443","51","25.1","13.8","15.8","9.5","0.0","7.1","18.1","12.0","0.0","7.1","32.3","15.0","8.8","7.8","35.2","15.7","13.3","8.7","3.6","5.6","40.9","15.2","36.1","14.0","19.4","12.7","438","51","41.8","19.0","58.2","19.0","73.5","15.9","9.8","6.6","16.7","15.1","5","7","100.0","100.0","100.0","100.0","0.0","100.0","0.0","100.0","0.0","100.0","0.0","100.0","45.4","(X)","45.9","(X)","0.0","(X)","89141","29311","67054","11499","57069","53740","-","**","122981","40864","-","**","89609","37346","133750","65175","69338","34841","64250","37504","-","**","68640","20877","97174","24170","95789","86811","88750","31658","89141","30319","81250","56389","97115","11453","65804","97972","41424","22260","-","**","-","**","-","**","-","**","-","**","-","**","-","**","(X)","(X)","(X)","(X)","(X)","(X)"
"1400000US36081056700","Census Tract 567, Queens County, New York","1453","119","89.7","5.0","1.9","1.8","0.0","2.2","2.3","2.3","0.0","2.2","6.1","4.2","0.0","2.2","51.1","8.3","45.3","8.5","0.0","2.2","33.1","8.3","49.3","7.5","17.6","5.5","1126","133","43.1","10.3","56.9","10.3","68.1","8.9","21.4","8.2","10.5","7.2","327","97","54.1","15.5","45.6","15.4","8.6","9.9","45.9","15.5","45.9","15.5","0.0","9.5","71.6","(X)","77.9","(X)","46.8","(X)","66743","17406","69659","21164","60469","66062","-","**","83947","66836","-","**","60313","29156","-","**","64519","18574","69205","33527","-","**","77887","26426","74375","26407","49333","24826","78802","16581","74688","35594","81219","21480","95216","24650","66510","20198","61452","13757","29750","16568","27344","12700","20694","15988","-","**","44375","18901","44375","18901","-","**","(X)","(X)","(X)","(X)","(X)","(X)"
"1400000US36081056800","Census Tract 568, Queens County, New York","1462","88","16.5","6.7","68.9","8.0","0.0","2.2","4.2","3.5","0.0","2.2","6.3","5.5","4.1","4.0","19.9","7.1","8.8","4.6","2.1","2.5","22.4","6.9","49.3","9.0","26.2","7.7","1143","117","39.9","9.0","60.1","9.0","58.4","9.6","28.0","8.9","13.6","6.4","319","108","69.3","18.7","46.7","19.2","22.6","17.5","30.7","18.7","30.7","18.7","0.0","9.7","52.9","(X)","54.2","(X)","31.7","(X)","65294","13979","74135","25975","67292","20239","-","**","80536","73101","-","**","14896","42205","43333","22544","55163","67131","72596","64997","-","**","70556","17778","63839","41642","49661","32094","72853","17677","66700","21726","73878","23088","77500","21638","43958","33622","45511","40181","36307","21036","44531","28488","30724","24997","49500","67501","35568","19739","35568","19739","-","**","(X)","(X)","(X)","(X)","(X)","(X)"
"1400000US36081057700","Census Tract 577, Queens County, New York","1382","101","86.5","7.0","2.4","3.9","0.0","2.3","3.0","2.4","0.0","2.3","7.1","4.9","1.1","1.4","31.5","8.6","62.5","8.9","6.2","5.6","36.4","8.5","48.0","9.6","9.3","4.6","1063","118","41.1","11.8","58.9","11.8","61.0","11.2","22.8","7.8","16.3","10.1","319","83","42.9","17.3","29.5","12.8","13.5","13.8","57.1","17.3","39.5","18.2","17.6","15.7","63.4","(X)","65.6","(X)","53.6","(X)","52650","21735","52975","20225","-","**","-","**","26302","20945","-","**","29000","82297","-","**","35182","15921","71635","15754","67857","80874","60152","18940","53171","28947","26518","2282","53945","20025","53792","22419","57778","37388","63571","22692","36905","37752","36036","31942","35885","29181","28875","14636","23056","6264","36198","7465","66000","58926","25556","29721","122738","111293","(X)","(X)","(X)","(X)","(X)","(X)"
"1400000US36081057900","Census Tract 579, Queens County, New York","563","56","92.0","5.5","0.0","5.6","1.4","2.2","1.1","2.1","0.0","5.6","3.4","3.7","2.1","2.4","24.9","8.8","71.8","8.5","2.5","3.1","26.3","7.3","42.8","9.5","28.4","9.8","315","52","41.6","13.8","58.4","13.8","51.4","14.6","40.3","14.2","8.3","7.3","248","64","70.2","14.8","68.1","15.1","2.0","3.0","29.8","14.8","29.8","14.8","0.0","12.3","56.8","(X)","69.8","(X)","40.3","(X)","29688","23539","29167","22539","-","**","-","**","-","**","-","**","-","**","-","**","26458","27634","36250","21772","-","**","40000","63657","50236","16576","11915","6559","51779","24216","60515","28156","50781","37059","96000","30895","42813","37108","51250","24359","13750","9718","10962","1537","10841","1554","-","**","26250","29258","26250","29258","-","**","(X)","(X)","(X)","(X)","(X)","(X)"
"1400000US36081058000","Census Tract 580, Queens County, New York","1109","76","2.3","2.1","90.1","5.3","0.0","2.9","3.2","2.5","0.0","2.9","2.3","3.1","2.1","2.7","7.9","5.4","1.6","1.7","0.0","2.9","30.6","8.1","47.2","9.7","22.3","6.9","860","114","36.7","10.6","63.3","10.6","68.7","10.5","25.8","9.7","5.5","3.9","249","90","45.8","22.0","29.7","21.7","16.1","16.8","54.2","22.0","31.3","19.4","22.9","20.8","56.5","(X)","58.5","(X)","33.7","(X)","75313","11614","95714","201049","75035","11832","-","**","47368","244097","-","**","-","**","-","**","78400","61397","97143","319519","-","**","79350","18070","76188","29004","57036","16543","78462","8647","79600","20347","76736","11007","83464","15291","61250","7161","95179","36052","52883","12227","31389","29379","31250","26299","-","**","54362","32659","54231","40204","54511","175527","(X)","(X)","(X)","(X)","(X)","(X)"
"1400000US36081058100","Census Tract 581, Queens County, New York","1027","65","90.4","5.5","1.8","1.8","0.0","3.1","5.0","4.4","0.0","3.1","1.9","2.2","1.0","1.9","38.3","8.8","58.0","8.9","0.0","3.1","40.3","10.3","36.6","8.9","23.1","6.7","687","100","44.1","9.9","55.9","9.9","72.1","12.2","23.4","11.1","4.5","5.5","340","90","52.4","15.4","47.4","14.6","5.0","5.5","47.6","15.4","45.6","15.3","2.1","3.4","63.6","(X)","68.7","(X)","53.2","(X)","53260","6493","51250","5237","-","**","-","**","143906","106072","-","**","-","**","-","**","54353","24056","51176","7079","-","**","54360","19368","54516","15237","26771","31909","61328","16194","49375","23485","70000","17576","72925","14881","16619","1334","-","**","32344","20648","24444","6858","23657","6957","-","**","50882","10425","50625","15383","-","**","(X)","(X)","(X)","(X)","(X)","(X)"
"1400000US36081058200","Census Tract 582, Queens County, New York","1427","62","3.5","3.1","83.5","7.2","0.0","2.2","0.0","2.2","0.0","2.2","4.6","3.7","8.3","5.6","9.5","4.4","1.0","1.4","0.0","2.2","23.1","7.2","48.1","8.6","28.9","6.4","1205","99","30.7","7.8","69.3","7.8","52.0","9.4","34.3","8.2","13.7","6.3","222","84","54.5","20.1","39.2","18.3","15.3","14.0","45.5","20.1","21.2","18.2","24.3","19.5","55.6","(X)","53.0","(X)","43.7","(X)","76745","14788","14286","16684","67778","17536","-","**","-","**","-","**","76875","35644","111875","15223","75188","82702","-","**","-","**","60156","23206","91364","15780","66222","15564","77455","15363","59024","6640","89178","15681","91989","20130","60703","19489","62656","45008","31500","21394","21948","8057","21308","893","57292","22047","58125","42091","49063","55668","75875","89132","(X)","(X)","(X)","(X)","(X)","(X)"
"1400000US36081058300","Census Tract 583, Queens County, New York","1135","113","83.6","6.6","4.7","3.7","1.1","1.7","3.3","3.8","0.0","2.8","5.2","3.2","2.1","2.3","26.3","8.3","65.3","8.6","0.6","1.0","43.6","8.7","41.8","9.8","14.0","5.9","895","115","42.1","10.8","57.9","10.8","59.0","10.7","31.6","10.1","9.4","5.4","240","92","47.5","22.6","36.3","21.3","11.3","11.1","52.5","22.6","40.8","21.5","11.7","12.7","61.1","(X)","64.1","(X)","49.6","(X)","52788","20670","53942","19970","36989","49149","-","**","2,500-","***","-","**","69511","36406","-","**","49250","25824","64034","14547","-","**","63220","13794","72955","42938","26406","14049","54904","25851","53942","31257","63636","45271","73939","19607","35057","27307","93476","1087","42500","12537","14000","55328","12321","3265","81125","21249","43889","22982","41944","9039","-","**","(X)","(X)","(X)","(X)","(X)","(X)"
"1400000US36081058500","Census Tract 585, Queens County, New York","1445","105","88.0","5.3","0.0","2.2","0.0","2.2","7.4","4.3","0.5","0.8","2.8","2.9","1.2","1.4","37.4","8.5","55.2","8.9","4.8","3.5","36.5","8.4","39.9","7.1","18.8","6.7","1155","145","50.5","9.8","49.5","9.8","63.7","10.1","24.9","9.1","11.3","7.1","290","104","45.9","16.6","37.2","16.9","8.6","10.4","54.1","16.6","42.8","17.2","11.4","13.5","67.3","(X)","69.1","(X)","58.3","(X)","52660","8470","53205","8184","-","**","-","**","47443","68579","-","**","27135","33831","-","**","36346","24932","60938","21309","30703","54082","52679","17341","56932","11417","45833","44913","54973","5978","36948","23007","59500","15567","54000","9745","36429","33926","65787","19798","36759","20554","20221","14608","17000","9754","-","**","51688","15782","47143","15210","-","**","(X)","(X)","(X)","(X)","(X)","(X)"
"1400000US36081058700","Census Tract 587, Queens County, New York","1301","89","88.8","6.0","2.7","4.4","0.0","2.5","6.3","3.9","0.0","2.5","0.8","1.3","1.5","2.1","20.8","7.5","69.6","9.0","2.4","3.7","43.9","9.0","32.5","7.6","21.2","8.1","808","132","41.3","11.7","58.7","11.7","60.8","11.1","32.9","10.2","6.3","5.3","493","118","48.1","17.2","41.8","16.1","6.3","9.6","51.9","17.2","41.2","16.1","10.8","11.8","62.0","(X)","56.2","(X)","71.4","(X)","43250","12947","44350","13930","-","**","-","**","36129","5457","-","**","-","**","-","**","31364","16739","53598","13036","-","**","54127","12063","54417","24379","23056","13136","56280","12504","47917","28455","58500","10338","56555","11386","38571","34539","108315","62704","31680","11189","25524","9933","23750","13361","-","**","53402","23941","53299","28561","-","**","(X)","(X)","(X)","(X)","(X)","(X)"
"1400000US36081058900","Census Tract 589, Queens County, New York","1560","70","88.3","4.4","1.0","1.5","0.0","2.1","1.1","1.8","0.0","2.1","7.4","3.4","2.2","1.7","37.5","6.0","59.7","6.2","9.2","3.8","45.0","6.5","34.6","6.3","11.2","3.6","944","120","58.3","8.1","41.7","8.1","66.2","9.2","28.8","9.1","5.0","3.7","616","103","52.3","12.8","37.5","10.7","14.8","8.6","47.7","12.8","28.9","9.6","18.8","11.0","70.8","(X)","72.6","(X)","66.4","(X)","40652","7956","40000","8788","-","**","-","**","-","**","-","**","39464","37034","77031","68213","33641","6791","47051","8399","31875","28742","45455","14873","47784","8876","19120","6901","47697","13423","30469","8153","62083","25376","51250","14811","24773","5235","80804","63058","36875","21758","20357","9880","16295","6822","31979","62976","42391","8720","38393","20633","70521","52919","(X)","(X)","(X)","(X)","(X)","(X)"
"1400000US36081059000","Census Tract 590, Queens County, New York","409","31","3.7","4.3","90.0","10.3","5.6","9.3","0.7","1.4","0.0","7.6","0.0","7.6","0.0","7.6","3.7","4.3","1.2","1.8","5.9","8.5","29.8","12.5","29.8","12.4","34.5","13.0","311","44","25.4","12.2","74.6","12.2","69.5","15.6","14.1","11.5","16.4","11.8","98","57","79.6","24.1","50.0","29.6","29.6","27.9","20.4","24.1","20.4","24.1","0.0","27.6","40.1","(X)","32.5","(X)","64.3","(X)","69609","16566","-","**","73750","26665","-","**","-","**","-","**","-","**","-","**","-","**","-","**","-","**","69091","30705","90833","48655","55417","15531","79250","30624","94226","53615","70500","25380","93690","31806","51964","14238","79750","226277","48043","30010","49130","23782","48315","22293","75368","32723","-","**","-","**","-","**","(X)","(X)","(X)","(X)","(X)","(X)"
"1400000US36081059100","Census Tract 591, Queens County, New York","1907","134","87.7","6.1","1.0","1.4","0.0","1.7","0.8","1.3","0.0","1.7","9.0","4.4","1.5","2.3","50.5","7.9","46.1","7.9","6.6","4.8","50.2","8.4","32.0","7.2","11.2","5.2","1348","203","58.2","9.2","41.8","9.2","60.6","10.5","30.3","9.3","9.1","6.4","559","148","60.6","14.4","54.4","15.6","6.3","7.0","39.4","14.4","34.7","14.4","4.7","7.5","76.8","(X)","75.6","(X)","73.0","(X)","43891","13535","43952","16384","-","**","-","**","-","**","-","**","37813","11794","-","**","37938","15551","50109","23691","51346","26955","47793","22059","47404","23887","30982","18120","47308","14995","31895","6321","65962","12188","50650","21091","36313","18714","66346","46605","26614","13152","26953","33607","26094","31298","-","**","26474","14196","26923","22860","-","**","(X)","(X)","(X)","(X)","(X)","(X)"
"1400000US36081059200","Census Tract 592, Queens County, New York","417","37","11.0","9.5","86.8","8.8","0.0","7.5","0.7","1.4","0.0","7.5","0.0","7.5","1.4","2.1","6.2","8.0","4.8","5.1","5.8","6.4","17.5","10.8","51.1","13.6","25.7","9.9","321","53","28.0","15.4","72.0","15.4","45.2","17.5","44.5","18.2","10.3","9.4","96","39","62.5","27.0","62.5","27.0","0.0","28.0","37.5","27.0","29.2","22.8","8.3","13.4","42.7","(X)","45.2","(X)","34.4","(X)","59904","31903","48000","27886","78667","43447","-","**","-","**","-","**","-","**","-","**","-","**","-","**","-","**","59135","36237","102132","31727","33125","5093","77750","41741","91875","96588","63875","34529","95469","89219","53250","50123","41635","88422","31447","2630","30417","12183","30417","12183","-","**","48929","38803","63000","43003","-","**","(X)","(X)","(X)","(X)","(X)","(X)"
"1400000US36081059300","Census Tract 593, Queens County, New York","1460","98","86.6","4.7","3.7","2.7","0.0","2.2","4.5","2.9","0.0","2.2","3.6","2.9","1.5","1.8","20.8","4.9","72.7","6.0","4.2","3.6","36.7","8.3","37.1","8.0","22.0","5.6","942","124","47.0","10.1","53.0","10.1","78.3","7.1","13.6","5.8","8.1","5.5","518","102","62.2","11.8","49.8","12.2","12.4","8.1","37.8","11.8","34.9","11.0","2.9","3.2","63.5","(X)","59.9","(X)","65.8","(X)","47254","9058","45709","8555","92083","91538","-","**","62381","67613","-","**","24896","24356","-","**","45938","22807","44918","7577","51818","24417","50865","13888","54417","26606","26964","10009","55568","13205","51199","7642","62708","16900","57206","24820","36029","25267","67500","18714","26866","10286","25703","5693","25469","11730","37143","105940","39375","8316","38705","8980","-","**","(X)","(X)","(X)","(X)","(X)","(X)"
"1400000US36081059400","Census Tract 594, Queens County, New York","515","44","0.0","6.1","90.1","6.8","5.2","6.0","1.9","3.1","0.0","6.1","0.0","6.1","2.7","3.1","5.8","6.4","0.0","6.1","0.0","6.1","37.1","11.8","36.5","11.6","26.4","11.2","431","60","36.0","13.9","64.0","13.9","55.9","14.1","22.3","11.6","21.8","8.6","84","51","85.7","23.4","85.7","23.4","0.0","31.0","14.3","23.4","14.3","23.4","0.0","31.0","39.4","(X)","43.2","(X)","14.3","(X)","110129","34449","-","**","97500","32992","-","**","-","**","-","**","-","**","-","**","-","**","-","**","-","**","85972","88944","111786","23546","98333","64573","113406","30464","114625","83824","113000","22721","140625","51861","65469","7810","114853","310402","55417","38749","60417","25507","60417","25507","-","**","-","**","-","**","-","**","(X)","(X)","(X)","(X)","(X)","(X)"
"1400000US36081059500","Census Tract 595, Queens County, New York","1593","87","84.9","5.0","3.0","2.4","0.0","2.0","2.1","1.7","0.0","2.0","9.4","4.2","0.6","1.0","41.0","6.9","54.7","7.0","5.1","4.0","35.6","7.9","37.9","8.2","21.4","6.9","1038","131","34.5","8.9","65.5","8.9","62.8","10.0","28.5","8.7","8.7","5.3","555","127","59.8","14.0","52.1","15.5","7.7","8.1","40.2","14.0","39.1","14.1","1.1","1.9","55.6","(X)","55.0","(X)","53.5","(X)","57534","9333","57625","10478","72778","96799","-","**","75375","29034","-","**","44792","37207","-","**","48940","7827","62768","6875","34318","13728","59063","11022","74028","19488","38750","5216","64595","9685","53444","6204","73611","25201","78382","20623","53333","25697","42596","23667","28902","5489","21429","13611","15511","12272","37153","98820","47292","16068","47723","20001","-","**","(X)","(X)","(X)","(X)","(X)","(X)"
"1400000US36081059600","Census Tract 596, Queens County, New York","500","14","0.0","6.3","100.0","6.3","0.0","6.3","0.0","6.3","0.0","6.3","0.0","6.3","0.0","6.3","1.0","1.7","0.0","6.3","2.0","3.4","35.8","13.8","32.8","13.0","29.4","13.5","340","67","34.4","16.6","65.6","16.6","74.4","16.6","15.6","9.7","10.0","13.8","160","67","47.5","25.9","26.9","25.4","20.6","30.6","52.5","25.9","52.5","25.9","0.0","18.3","49.0","(X)","54.1","(X)","38.1","(X)","79459","23116","-","**","79459","23116","-","**","-","**","-","**","-","**","-","**","-","**","-","**","-","**","90568","17959","109091","69686","54013","12905","93359","25794","94102","11807","70250","74351","98750","39125","56645","26501","-","**","78041","56117","53750","88829","28417","10335","-","**","78378","54747","78378","54747","-","**","(X)","(X)","(X)","(X)","(X)","(X)"
"1400000US36081059800","Census Tract 598, Queens County, New York","548","50","4.7","4.5","85.6","9.0","0.0","5.8","7.5","6.6","0.0","5.8","1.3","1.7","0.9","1.4","9.3","6.6","2.4","2.6","0.0","5.8","25.5","10.5","44.7","12.7","29.7","9.5","396","60","49.5","14.5","50.5","14.5","80.1","10.3","19.9","10.3","0.0","7.9","152","61","66.4","26.9","55.3","24.5","11.2","12.6","33.6","26.9","30.3","27.1","3.3","5.5","37.8","(X)","33.1","(X)","50.0","(X)","66169","5340","87500","121212","65972","6681","-","**","66838","168702","-","**","-","**","-","**","64018","58044","-","**","-","**","70577","33626","72917","59817","54792","13145","88125","36640","81250","51773","89167","48821","89297","40455","63661","37693","-","**","47826","13073","48207","4283","47115","9924","-","**","29698","56047","29483","37542","-","**","(X)","(X)","(X)","(X)","(X)","(X)"
"1400000US36081059900","Census Tract 599, Queens County, New York","610","25","87.2","8.0","0.0","5.2","0.0","5.2","8.2","7.2","0.0","5.2","2.5","3.8","2.1","2.5","18.2","8.5","72.8","10.4","1.0","1.4","20.7","11.3","35.7","11.9","42.6","10.7","297","61","27.3","15.4","72.7","15.4","63.6","15.2","16.5","11.4","19.9","15.1","313","60","65.8","15.6","57.2","17.0","8.6","6.9","34.2","15.6","32.6","15.1","1.6","2.8","48.7","(X)","48.5","(X)","48.9","(X)","59286","12371","56000","13733","-","**","-","**","61000","106312","-","**","-","**","-","**","56583","25966","56250","29445","-","**","82286","77944","64833","20191","26964","13459","86719","11989","141250","63324","79643","18494","88542","28894","97813","67097","71321","37379","27702","5858","23966","11676","23233","2854","122708","72603","28669","2300","28468","1922","-","**","(X)","(X)","(X)","(X)","(X)","(X)"
"1400000US36081060000","Census Tract 600, Queens County, New York","383","24","0.0","8.1","97.1","4.4","0.0","8.1","0.0","8.1","0.0","8.1","0.0","8.1","2.9","4.4","0.0","8.1","0.0","8.1","0.0","8.1","11.0","7.1","51.2","15.7","37.9","14.1","270","50","32.6","14.1","67.4","14.1","43.0","16.6","35.6","15.2","21.5","16.7","113","51","34.5","26.6","34.5","26.6","0.0","24.6","65.5","26.6","65.5","26.6","0.0","24.6","52.5","(X)","70.0","(X)","10.6","(X)","64702","35158","-","**","66250","40303","-","**","-","**","-","**","-","**","-","**","-","**","-","**","-","**","117000","84252","85698","18969","52917","12396","85104","24593","86000","84553","75000","42856","115000","72770","67500","18908","85592","57334","41531","17943","38021","4288","38021","4288","-","**","42125","38108","42125","38108","-","**","(X)","(X)","(X)","(X)","(X)","(X)"
"1400000US36081060100","Census Tract 601, Queens County, New York","803","48","87.0","5.3","0.7","1.2","0.0","4.0","2.1","3.3","0.0","4.0","8.7","3.8","1.4","2.2","26.8","7.9","70.4","8.1","1.5","1.7","35.9","8.7","45.0","10.1","17.7","6.7","527","72","38.7","11.9","61.3","11.9","58.8","11.4","23.3","8.9","17.8","9.4","276","69","46.0","17.1","44.2","16.9","1.8","2.9","54.0","17.1","46.0","18.9","8.0","8.2","45.1","(X)","60.2","(X)","16.3","(X)","65087","12379","65223","12252","-","**","-","**","-","**","-","**","65833","51787","-","**","45956","27337","71815","9014","-","**","78750","23400","70121","9181","14896","4218","65430","11727","76000","27436","63194","14614","74583","17053","38750","23241","49231","8733","45417","39171","21550","27570","21300","20337","-","**","71683","17684","71202","65515","73636","29784","(X)","(X)","(X)","(X)","(X)","(X)"
"1400000US36081060300","Census Tract 603, Queens County, New York","720","33","84.2","8.2","0.0","4.4","0.0","4.4","2.2","2.4","0.0","4.4","11.4","7.4","2.2","3.0","27.2","10.0","69.9","10.3","0.0","4.4","28.1","11.2","52.6","10.7","19.3","7.0","517","76","27.7","11.0","72.3","11.0","76.4","10.2","13.3","8.2","10.3","8.0","203","78","34.0","20.8","34.0","20.8","0.0","14.8","66.0","20.8","63.5","21.2","2.5","3.9","66.4","(X)","67.1","(X)","62.1","(X)","66786","24807","65857","24070","-","**","-","**","-","**","-","**","86029","102754","-","**","49667","62976","67250","25349","-","**","99643","53106","75521","25809","41339","12463","88875","20825","132868","103410","87206","19171","92375","23983","82188","92317","65391","37627","34125","16709","27153","6666","27153","6666","-","**","50583","16265","50375","17077","-","**","(X)","(X)","(X)","(X)","(X)","(X)"
"1400000US36081060600","Census Tract 606, Queens County, New York","459","30","1.1","1.6","95.0","3.7","0.0","6.8","0.0","6.8","0.0","6.8","2.8","3.1","1.1","2.1","2.8","3.1","1.1","1.6","0.0","6.8","17.6","11.4","41.6","12.3","40.7","12.7","342","45","18.7","13.0","81.3","13.0","62.0","16.1","25.7","13.7","12.3","12.9","117","45","47.9","22.5","47.9","22.5","0.0","23.9","52.1","22.5","39.3","22.6","12.8","18.4","37.9","(X)","38.6","(X)","35.9","(X)","84821","21017","-","**","87717","21283","-","**","-","**","-","**","-","**","-","**","-","**","-","**","-","**","70677","7816","115288","44278","58229","26988","100625","23555","103500","137313","100200","26893","121250","84819","70313","43331","102100","26093","57656","24437","59063","35086","59063","35086","-","**","47750","28763","42500","9091","-","**","(X)","(X)","(X)","(X)","(X)","(X)"
"1400000US36081060701","Census Tract 607.01, Queens County, New York","0","12","-","**","-","**","-","**","-","**","-","**","-","**","-","**","-","**","-","**","-","**","-","**","-","**","-","**","0","12","-","**","-","**","-","**","-","**","-","**","0","12","-","**","-","**","-","**","-","**","-","**","-","**","-","(X)","-","(X)","-","(X)","-","**","-","**","-","**","-","**","-","**","-","**","-","**","-","**","-","**","-","**","-","**","-","**","-","**","-","**","-","**","-","**","-","**","-","**","-","**","-","**","-","**","-","**","-","**","-","**","-","**","-","**","-","**","(X)","(X)","(X)","(X)","(X)","(X)"
"1400000US36081060800","Census Tract 608, Queens County, New York","458","45","0.0","6.8","100.0","6.8","0.0","6.8","0.0","6.8","0.0","6.8","0.0","6.8","0.0","6.8","0.0","6.8","0.0","6.8","0.0","6.8","13.8","8.7","59.4","11.1","26.9","9.0","339","54","44.8","13.2","55.2","13.2","51.6","11.9","27.4","12.1","20.9","12.1","119","52","50.4","26.8","50.4","26.8","0.0","23.6","49.6","26.8","39.5","31.5","10.1","16.7","36.7","(X)","37.2","(X)","26.1","(X)","92339","9276","-","**","92339","9276","-","**","-","**","-","**","-","**","-","**","-","**","-","**","-","**","58958","209643","100357","15202","52250","18061","96298","9335","110000","45894","84583","24111","114886","43085","56705","22477","95433","41724","76250","80688","75714","115792","75714","115792","-","**","90121","106633","90605","93715","-","**","(X)","(X)","(X)","(X)","(X)","(X)"
"1400000US36081061000","Census Tract 610, Queens County, New York","433","32","6.7","6.7","93.3","6.7","0.0","7.2","0.0","7.2","0.0","7.2","0.0","7.2","0.0","7.2","5.1","5.5","3.2","5.0","0.0","7.2","26.3","12.6","39.3","10.8","34.4","10.9","402","35","36.3","12.6","63.7","12.6","55.5","15.8","37.8","14.4","6.7","5.5","31","22","77.4","34.2","29.0","35.2","48.4","43.2","22.6","34.2","22.6","34.2","0.0","53.3","50.8","(X)","47.3","(X)","48.4","(X)","71985","22172","-","**","71912","20456","-","**","-","**","-","**","-","**","-","**","-","**","-","**","-","**","68974","6534","140583","27065","60163","15107","72059","20393","78750","46637","72059","24217","74107","53335","59914","28302","88942","54193","33036","20697","34286","29108","-","**","32679","15552","-","**","-","**","-","**","(X)","(X)","(X)","(X)","(X)","(X)"
"1400000US36081061200","Census Tract 612, Queens County, New York","506","34","5.9","5.1","93.3","5.2","0.0","6.2","0.0","6.2","0.0","6.2","0.0","6.2","0.8","1.3","8.1","7.4","2.8","2.9","0.0","6.2","5.7","4.7","64.8","10.9","29.4","9.4","434","48","21.7","10.6","78.3","10.6","76.5","8.8","21.2","8.5","2.3","2.6","72","40","31.9","30.5","31.9","30.5","0.0","34.4","68.1","30.5","59.7","37.5","8.3","17.5","55.9","(X)","55.5","(X)","40.3","(X)","96250","36384","66136","15673","101563","29061","-","**","-","**","-","**","-","**","-","**","67039","170570","75833","89966","-","**","173603","58046","110625","47650","63036","22588","103750","26596","156250","49484","90625","40098","125500","22884","34671","18958","-","**","40147","29732","16042","9780","16042","9780","-","**","41838","28657","41397","97140","-","**","(X)","(X)","(X)","(X)","(X)","(X)"
"1400000US36081061301","Census Tract 613.01, Queens County, New York","2026","80","85.9","4.8","1.9","1.6","0.0","1.6","7.7","3.9","0.0","1.6","3.3","2.2","1.1","1.3","26.8","5.5","64.4","6.7","2.6","2.6","46.6","8.8","37.0","7.2","13.8","5.5","1400","162","54.0","10.0","46.0","10.0","69.1","9.6","27.1","9.7","3.9","3.4","626","143","37.5","14.7","29.4","12.6","8.1","7.2","62.5","14.7","49.8","13.1","12.6","12.0","63.1","(X)","66.4","(X)","55.8","(X)","53125","20819","57716","19722","19938","187299","-","**","65380","43003","-","**","42625","52921","-","**","28611","42026","65000","26340","-","**","75243","12855","50685","14523","21170","5274","66364","11522","64853","20644","66786","25860","73922","15549","29464","57246","63971","126745","28182","11523","15694","7717","13269","6655","113125","93631","32240","30480","29271","12981","99241","12613","(X)","(X)","(X)","(X)","(X)","(X)"
"1400000US36081061302","Census Tract 613.02, Queens County, New York","3","6","100.0","100.0","0.0","100.0","0.0","100.0","0.0","100.0","0.0","100.0","0.0","100.0","0.0","100.0","0.0","100.0","100.0","100.0","0.0","100.0","0.0","100.0","100.0","100.0","0.0","100.0","3","6","0.0","100.0","100.0","100.0","100.0","100.0","0.0","100.0","0.0","100.0","0","12","-","**","-","**","-","**","-","**","-","**","-","**","0.0","(X)","0.0","(X)","-","(X)","-","**","-","**","-","**","-","**","-","**","-","**","-","**","-","**","-","**","-","**","-","**","-","**","-","**","-","**","-","**","-","**","-","**","-","**","-","**","-","**","-","**","-","**","-","**","-","**","-","**","-","**","-","**","(X)","(X)","(X)","(X)","(X)","(X)"
"1400000US36081061400","Census Tract 614, Queens County, New York","370","38","1.4","2.1","94.6","5.2","0.0","8.4","0.0","8.4","0.0","8.4","1.9","3.5","2.2","3.6","1.9","3.5","1.4","2.1","0.0","8.4","11.1","4.7","62.7","11.5","26.2","10.8","302","53","23.5","6.9","76.5","6.9","77.8","14.1","16.6","13.0","5.6","6.8","68","41","82.4","31.2","76.5","31.7","5.9","9.4","17.6","31.2","17.6","31.2","0.0","35.7","25.7","(X)","19.5","(X)","29.4","(X)","101406","8308","-","**","100625","8227","-","**","-","**","-","**","-","**","-","**","-","**","-","**","-","**","140694","42204","99352","7174","96250","84215","105982","14940","105893","22882","106012","18906","117656","34904","101250","51836","124688","71009","73125","42813","74375","24263","73958","23106","-","**","-","**","-","**","-","**","(X)","(X)","(X)","(X)","(X)","(X)"
"1400000US36081061601","Census Tract 616.01, Queens County, New York","673","50","2.8","3.5","95.8","3.8","0.0","4.7","0.6","1.0","0.0","4.7","0.7","1.1","0.0","4.7","1.9","2.7","2.8","3.5","0.0","4.7","18.0","7.1","47.1","7.9","34.9","8.6","577","59","34.5","10.6","65.5","10.6","75.9","9.9","22.7","10.1","1.4","1.6","96","44","55.2","26.3","40.6","23.6","14.6","20.2","44.8","26.3","27.1","25.8","17.7","26.0","53.5","(X)","51.6","(X)","64.6","(X)","88506","17480","-","**","89360","21648","-","**","-","**","-","**","-","**","-","**","-","**","-","**","-","**","106250","17971","115959","18813","72132","13997","105046","29254","117401","24228","88659","11091","115988","23994","72188","36346","-","**","46875","14083","31563","35221","22188","12517","-","**","47109","38678","45781","47556","-","**","(X)","(X)","(X)","(X)","(X)","(X)"
"1400000US36081061602","Census Tract 616.02, Queens County, New York","398","23","9.8","7.9","78.1","14.7","0.0","7.8","0.0","7.8","0.0","7.8","7.8","10.5","4.3","4.8","18.1","13.9","3.0","3.7","0.0","7.8","20.4","12.4","47.2","16.8","32.4","14.4","315","39","32.4","17.2","67.6","17.2","61.3","16.4","27.6","13.4","11.1","9.5","83","40","47.0","37.0","44.6","36.6","2.4","5.4","53.0","37.0","47.0","38.4","6.0","9.4","43.2","(X)","51.4","(X)","12.0","(X)","90192","24320","89250","225165","88798","11779","-","**","-","**","-","**","-","**","-","**","116855","57093","43750","68598","-","**","116169","30199","72778","38375","122813","96172","115625","26413","75000","85193","123438","43526","124063","49360","88024","13406","220069","416195","42708","23702","28512","4283","28393","7792","-","**","44200","186736","44450","271909","-","**","(X)","(X)","(X)","(X)","(X)","(X)"
"1400000US36081061800","Census Tract 618, Queens County, New York","724","45","7.9","4.4","89.5","4.1","0.0","4.4","0.0","4.4","0.0","4.4","0.0","4.4","2.6","2.4","2.1","2.2","6.9","4.4","0.0","4.4","19.6","9.8","51.4","11.0","29.0","10.1","309","67","30.7","14.6","69.3","14.6","52.8","14.6","36.9","14.4","10.4","9.8","415","72","53.7","16.4","47.5","16.7","6.3","5.2","46.3","16.4","46.3","16.4","0.0","7.5","45.4","(X)","51.8","(X)","40.7","(X)","62564","11579","39135","18140","63910","14483","-","**","-","**","-","**","-","**","46406","110725","-","**","39808","16817","-","**","78786","21391","62727","16017","41977","13552","92292","23718","98917","40218","84700","34295","98036","37984","76250","53860","48571","118898","55609","12480","63878","12893","63750","21793","64583","69486","49038","17057","49038","17057","-","**","(X)","(X)","(X)","(X)","(X)","(X)"
"1400000US36081061900","Census Tract 619, Queens County, New York","1014","95","95.1","3.7","1.1","1.6","0.0","3.2","1.1","1.5","0.0","3.2","2.8","2.6","0.0","3.2","24.2","10.5","74.8","10.9","4.4","5.2","39.0","10.1","39.6","9.3","17.0","6.9","697","124","37.0","12.7","63.0","12.7","64.1","13.8","15.9","8.7","19.9","12.4","317","103","62.1","18.6","56.5","20.0","5.7","6.0","37.9","18.6","35.6","17.9","2.2","3.4","57.9","(X)","60.8","(X)","42.3","(X)","65227","14196","65795","13125","-","**","-","**","-","**","-","**","34250","37818","-","**","55871","28563","68696","25665","-","**","56098","14411","97800","21174","46389","25764","89875","33240","55758","11816","105583","29988","106250","31244","80781","117513","56174","40809","34375","22922","26473","16913","25670","16391","-","**","46111","24731","45787","19431","-","**","(X)","(X)","(X)","(X)","(X)","(X)"
"1400000US36081062000","Census Tract 620, Queens County, New York","451","55","4.2","4.9","84.5","9.0","0.0","6.9","5.8","4.5","0.0","6.9","5.5","6.9","0.0","6.9","6.7","5.9","0.0","6.9","0.0","6.9","26.2","12.2","43.7","10.7","30.2","6.1","409","54","21.8","11.1","78.2","11.1","61.4","11.5","32.8","12.1","5.9","5.7","42","24","83.3","24.0","83.3","24.0","0.0","45.8","16.7","24.0","16.7","24.0","0.0","45.8","37.5","(X)","36.7","(X)","45.2","(X)","84196","13237","-","**","84018","14663","-","**","-","**","-","**","-","**","-","**","94000","54281","-","**","-","**","85208","70384","86653","13481","67188","12924","85552","9616","87250","45232","82679","22092","87297","25978","70156","49362","92188","52854","21618","27098","21103","3396","21103","3396","-","**","-","**","-","**","-","**","(X)","(X)","(X)","(X)","(X)","(X)"
"1400000US36081062100","Census Tract 621, Queens County, New York","1002","75","94.4","4.8","0.0","3.2","0.0","3.2","1.6","1.8","0.0","3.2","3.1","4.1","0.9","1.4","22.0","8.6","76.4","8.6","0.0","3.2","32.2","8.4","42.2","8.9","25.5","8.0","702","94","41.0","11.6","59.0","11.6","62.4","11.6","35.6","11.3","2.0","2.2","300","75","59.3","21.0","56.7","21.1","2.7","4.9","40.7","21.0","21.0","16.2","19.7","14.9","58.0","(X)","51.4","(X)","67.0","(X)","55117","5710","55234","5350","-","**","-","**","-","**","-","**","-","**","-","**","50313","20827","55430","5037","-","**","44375","13841","59531","46306","53000","3808","63750","20323","43707","23477","75000","47098","90000","48388","16875","31814","-","**","40703","21575","21447","29925","20921","25338","-","**","53611","28062","29188","20565","75074","29791","(X)","(X)","(X)","(X)","(X)","(X)"
"1400000US36081062200","Census Tract 622, Queens County, New York","644","35","1.9","2.2","97.4","2.7","0.0","4.9","0.8","1.8","0.0","4.9","0.0","4.9","0.0","4.9","0.9","1.6","0.9","1.5","2.0","2.9","4.3","3.0","46.4","8.5","47.2","8.8","468","60","21.2","8.7","78.8","8.7","54.3","10.9","37.8","8.9","7.9","6.0","176","54","85.2","12.5","85.2","12.5","0.0","16.8","14.8","12.5","14.8","12.5","0.0","16.8","58.7","(X)","66.0","(X)","39.2","(X)","78714","11870","-","**","79321","10979","-","**","-","**","-","**","-","**","-","**","-","**","-","**","-","**","28750","33385","98125","26444","65500","18110","86458","11789","89276","30357","83750","14901","69773","31992","88750","13325","117688","58115","53478","33665","52826","45137","52826","45137","-","**","135000","201836","135000","201836","-","**","(X)","(X)","(X)","(X)","(X)","(X)"
"1400000US36081062300","Census Tract 623, Queens County, New York","771","45","93.6","5.8","0.0","4.1","0.4","0.6","0.0","4.1","0.0","4.1","6.0","5.9","0.0","4.1","21.7","9.8","78.3","9.8","0.0","4.1","39.9","10.1","42.2","9.8","17.9","7.3","510","89","36.3","11.3","63.7","11.3","76.3","10.9","17.1","9.3","6.7","6.2","261","90","56.3","17.0","54.8","17.1","1.5","2.9","43.7","17.0","32.2","16.3","11.5","7.6","70.9","(X)","67.1","(X)","78.5","(X)","49861","17271","53864","16328","-","**","-","**","-","**","-","**","30200","16544","-","**","30850","19854","54659","14706","-","**","45595","27970","75078","44015","26364","39472","61477","19625","61736","33785","60313","25029","62216","25624","53693","33698","73462","80332","30043","11238","16827","20506","16442","17971","-","**","36029","37709","29423","13320","131250","122571","(X)","(X)","(X)","(X)","(X)","(X)"
"1400000US36081062400","Census Tract 624, Queens County, New York","0","12","-","**","-","**","-","**","-","**","-","**","-","**","-","**","-","**","-","**","-","**","-","**","-","**","-","**","0","12","-","**","-","**","-","**","-","**","-","**","0","12","-","**","-","**","-","**","-","**","-","**","-","**","-","(X)","-","(X)","-","(X)","-","**","-","**","-","**","-","**","-","**","-","**","-","**","-","**","-","**","-","**","-","**","-","**","-","**","-","**","-","**","-","**","-","**","-","**","-","**","-","**","-","**","-","**","-","**","-","**","-","**","-","**","-","**","(X)","(X)","(X)","(X)","(X)","(X)"
"1400000US36081062500","Census Tract 625, Queens County, New York","977","41","92.4","5.2","0.5","0.8","0.0","3.3","2.9","2.7","0.0","3.3","4.2","4.2","0.0","3.3","22.4","9.1","74.2","9.3","0.7","0.9","33.3","8.9","45.1","8.1","20.9","6.3","605","88","23.6","11.9","76.4","11.9","67.1","12.1","20.5","10.8","12.4","8.4","372","89","44.9","15.6","39.5","15.2","5.4","4.5","55.1","15.6","47.6","15.6","7.5","6.3","65.6","(X)","70.6","(X)","57.5","(X)","65375","6324","63555","9487","-","**","-","**","82000","21487","-","**","118795","954","-","**","67625","9711","61797","11850","-","**","82132","21576","61328","22432","32969","6341","69567","17349","67813","46111","69886","25000","86154","29976","24583","26602","44650","83416","36250","24681","33594","24343","32390","12692","87500","31363","40662","36817","40074","36352","54500","140432","(X)","(X)","(X)","(X)","(X)","(X)"
"1400000US36081062600","Census Tract 626, Queens County, New York","919","36","7.9","6.1","90.3","6.5","0.0","3.5","0.0","3.5","0.0","3.5","1.1","1.6","0.7","1.7","6.7","5.5","3.9","3.0","0.0","3.5","26.3","8.3","42.1","8.5","31.6","8.0","714","80","41.6","10.2","58.4","10.2","57.0","10.0","33.9","9.9","9.1","6.5","205","75","52.7","19.1","47.3","20.1","5.4","6.8","47.3","19.1","41.5","18.7","5.9","9.8","50.3","(X)","55.9","(X)","24.9","(X)","84844","16190","21993","38271","89375","12233","-","**","-","**","-","**","-","**","-","**","21419","41052","77955","61334","-","**","73667","24557","91938","13168","65500","44913","96538","9308","74769","19697","103750","13129","115347","19235","64167","35196","95197","7426","55795","25787","55909","57206","31563","71276","-","**","52440","44970","70104","30114","-","**","(X)","(X)","(X)","(X)","(X)","(X)"
"1400000US36081062700","Census Tract 627, Queens County, New York","913","92","92.1","5.6","0.0","3.5","0.9","1.3","0.0","3.5","0.0","3.5","4.4","4.7","2.6","3.0","33.2","10.9","65.2","10.8","0.9","1.3","39.3","10.1","42.8","10.5","17.0","6.4","688","104","49.6","11.4","50.4","11.4","67.4","11.2","27.8","10.2","4.8","6.0","225","80","41.3","19.3","31.6","14.0","9.8","15.1","58.7","19.3","44.9","17.7","13.8","17.8","69.1","(X)","67.3","(X)","61.8","(X)","61331","13375","61488","16325","-","**","-","**","-","**","-","**","127619","135254","-","**","75928","15533","54830","14127","-","**","75994","17360","51382","22051","24957","31949","62381","14520","54805","24763","64931","22878","70326","14705","35469","68510","-","**","28750","32601","45875","55159","17917","32311","-","**","27955","57124","26250","35141","-","**","(X)","(X)","(X)","(X)","(X)","(X)"
"1400000US36081062900","Census Tract 629, Queens County, New York","1048","68","87.0","5.8","2.3","2.5","1.2","2.3","3.7","4.2","0.0","3.1","5.0","3.7","0.8","1.4","21.0","7.2","72.7","7.3","2.2","3.0","45.7","7.7","38.3","7.3","13.8","5.4","742","96","53.1","11.2","46.9","11.2","63.5","12.3","28.2","10.6","8.4","7.0","306","89","66.7","15.5","58.5","15.5","8.2","6.7","33.3","15.5","24.8","14.1","8.5","9.7","65.1","(X)","69.5","(X)","54.2","(X)","47278","21307","45667","12694","-","**","-","**","116875","37626","-","**","63889","30026","-","**","43714","10709","47167","32163","-","**","74922","26253","46378","22360","22232","12964","64063","21225","67917","19525","60000","38078","86493","29655","24934","60259","46987","26224","29444","13488","28026","19282","20865","16642","63977","25861","40000","36272","39167","78501","-","**","(X)","(X)","(X)","(X)","(X)","(X)"
"1400000US36081063000","Census Tract 630, Queens County, New York","525","45","2.3","2.7","96.6","3.3","0.0","6.0","0.0","6.0","0.0","6.0","0.0","6.0","1.1","1.7","1.0","1.8","2.3","2.7","0.0","6.0","18.9","10.2","44.4","13.8","36.8","12.8","464","60","26.1","10.5","73.9","10.5","55.8","13.5","38.6","13.3","5.6","5.2","61","35","82.0","18.8","60.7","23.1","21.3","22.1","18.0","18.8","18.0","18.8","0.0","38.0","47.2","(X)","46.1","(X)","55.7","(X)","78287","16308","-","**","74911","14557","-","**","-","**","-","**","-","**","-","**","-","**","-","**","-","**","73750","107810","147750","16852","52054","27091","79074","29114","80208","115571","78750","25481","146750","36782","46719","21253","51429","22381","66458","38897","66250","48324","66458","45197","-","**","-","**","-","**","-","**","(X)","(X)","(X)","(X)","(X)","(X)"
"1400000US36081063200","Census Tract 632, Queens County, New York","615","59","0.0","5.1","94.6","4.9","0.0","5.1","2.6","4.0","0.0","5.1","0.8","1.6","2.0","2.5","0.8","1.6","0.0","5.1","0.0","5.1","19.3","9.1","53.7","13.0","27.0","10.3","419","77","45.1","11.5","54.9","11.5","53.9","11.7","41.3","11.9","4.8","6.0","196","59","89.3","9.0","82.1","13.6","7.1","8.4","10.7","9.0","7.7","8.2","3.1","4.4","39.5","(X)","41.8","(X)","27.0","(X)","86458","9738","-","**","86000","10225","-","**","-","**","-","**","-","**","-","**","-","**","-","**","-","**","89141","17278","85750","15162","85250","52444","85625","13364","78347","3035","95469","25099","101250","42242","75573","22137","-","**","42386","71857","41875","63388","41080","47123","-","**","96875","157997","-","**","-","**","(X)","(X)","(X)","(X)","(X)","(X)"
"1400000US36081063301","Census Tract 633.01, Queens County, New York","480","87","96.7","3.9","0.0","6.5","0.0","6.5","0.0","6.5","0.0","6.5","3.3","3.9","0.0","6.5","21.7","10.6","78.3","10.6","0.0","6.5","38.8","12.9","33.1","10.9","28.1","11.4","289","82","31.8","13.6","68.2","13.6","75.8","16.0","22.5","15.8","1.7","2.7","191","76","60.2","20.3","57.1","20.2","3.1","4.6","39.8","20.3","39.8","20.3","0.0","15.6","47.7","(X)","56.7","(X)","34.0","(X)","65682","23327","60625","29618","-","**","-","**","-","**","-","**","66364","1471","-","**","74214","12266","48333","16293","-","**","73643","15090","74125","10323","21250","18688","74306","11919","120250","82170","74028","6137","74028","7389","85586","21810","-","**","20197","6127","21518","14756","20982","10449","-","**","18409","29805","18409","29805","-","**","(X)","(X)","(X)","(X)","(X)","(X)"
"1400000US36081063302","Census Tract 633.02, Queens County, New York","585","50","98.1","2.4","0.0","5.4","0.0","5.4","0.0","5.4","0.0","5.4","0.7","1.1","1.2","2.1","28.9","11.4","69.9","10.7","3.4","5.4","22.6","10.0","50.8","10.6","23.2","6.9","429","69","45.9","13.1","54.1","13.1","69.2","12.9","27.3","14.1","3.5","3.8","156","59","42.3","21.2","42.3","21.2","0.0","18.7","57.7","21.2","50.0","20.9","7.7","12.5","56.4","(X)","66.4","(X)","28.8","(X)","72208","12642","72333","13520","-","**","-","**","-","**","-","**","-","**","-","**","61354","16409","80762","12135","-","**","62692","26200","115938","53406","57885","9891","92917","39404","70260","30528","103214","34959","84732","49599","104464","109216","55313","35649","61042","29841","54643","34836","54643","34836","-","**","61250","52893","57500","80178","-","**","(X)","(X)","(X)","(X)","(X)","(X)"
"1400000US36081063500","Census Tract 635, Queens County, New York","803","93","98.6","2.2","0.0","4.0","0.0","4.0","0.0","4.0","0.0","4.0","0.0","4.0","1.4","2.2","21.2","9.1","77.5","9.2","2.6","4.2","25.7","9.4","40.3","10.0","31.4","8.6","605","101","40.7","12.2","59.3","12.2","79.5","10.2","14.0","9.1","6.4","4.9","198","70","51.0","16.8","51.0","16.8","0.0","15.1","49.0","16.8","42.4","16.8","6.6","7.1","49.1","(X)","47.4","(X)","51.0","(X)","51397","11875","52206","13669","-","**","-","**","-","**","-","**","-","**","-","**","44375","12004","65417","24504","-","**","51029","7285","94500","24041","32333","18293","74306","24791","55089","31495","83750","15701","88224","22724","43378","2729","75625","53443","32000","13901","24028","3426","24028","3426","-","**","39792","4908","39750","4794","-","**","(X)","(X)","(X)","(X)","(X)","(X)"
"1400000US36081063700","Census Tract 637, Queens County, New York","1088","88","90.7","5.9","0.0","2.9","0.0","2.9","3.0","2.7","0.0","2.9","3.6","4.7","2.7","2.5","16.0","7.9","80.3","8.3","0.0","2.9","22.7","9.6","41.0","9.7","36.3","10.0","727","130","45.5","11.4","54.5","11.4","77.2","9.5","21.5","9.4","1.4","2.1","361","128","67.3","20.4","56.8","21.9","10.5","16.1","32.7","20.4","32.7","20.4","0.0","8.6","54.4","(X)","44.4","(X)","74.5","(X)","66771","25737","69464","25631","-","**","-","**","60729","79830","-","**","-","**","107321","165570","49926","51934","70769","26697","-","**","95694","37965","75000","31651","35852","8131","82055","21382","92917","18783","57300","38501","91513","17594","49787","45589","-","**","47594","22756","34964","17704","33607","18831","-","**","49813","63263","49813","63263","-","**","(X)","(X)","(X)","(X)","(X)","(X)"
"1400000US36081063800","Census Tract 638, Queens County, New York","1089","39","8.1","4.3","83.1","6.7","0.0","2.9","3.3","3.2","0.0","2.9","1.6","2.2","3.9","3.4","5.8","4.3","6.4","3.9","0.0","2.9","25.9","9.6","59.2","9.5","14.9","5.6","926","76","33.9","11.6","66.1","11.6","57.9","11.4","32.1","11.6","10.0","7.3","163","69","68.1","23.6","57.7","22.5","10.4","8.4","31.9","23.6","31.9","23.6","0.0","18.0","51.9","(X)","57.2","(X)","21.5","(X)","87943","13271","95313","79828","88047","9646","-","**","143816","26566","-","**","-","**","70662","37823","110515","80012","60500","49190","-","**","71765","28740","100607","14471","51563","18661","100818","18396","109429","23752","87212","18454","120132","30958","87943","50621","61970","60699","49375","13901","43750","8723","41786","10452","-","**","68269","9389","68269","9389","-","**","(X)","(X)","(X)","(X)","(X)","(X)"
"1400000US36081063900","Census Tract 639, Queens County, New York","993","85","84.6","6.4","1.6","2.3","0.0","3.2","7.6","4.3","0.0","3.2","3.4","2.7","2.8","2.5","12.8","7.6","75.2","9.1","4.4","5.0","32.1","9.4","37.8","8.8","25.7","8.6","574","99","34.8","10.5","65.2","10.5","86.1","6.3","12.9","6.4","1.0","1.6","419","106","64.4","16.8","58.7","19.2","5.7","8.7","35.6","16.8","30.5","16.4","5.0","7.3","50.9","(X)","41.5","(X)","63.7","(X)","72953","7860","72931","10010","-","**","-","**","90179","73451","-","**","40000","42241","3333","72403","52031","53140","72743","11644","-","**","81510","28107","79861","26254","27917","12324","92167","19217","101154","19908","87222","18530","98810","19784","68438","29395","-","**","26815","40118","15714","11315","12292","9401","-","**","66205","10936","65268","10253","-","**","(X)","(X)","(X)","(X)","(X)","(X)"
"1400000US36081064101","Census Tract 641.01, Queens County, New York","883","71","86.5","6.3","0.0","3.6","0.0","3.6","8.4","5.7","0.0","3.6","5.1","2.8","0.0","3.6","17.3","7.2","74.3","7.9","1.2","1.5","25.1","6.7","44.5","8.0","29.1","6.4","555","81","41.1","11.1","58.9","11.1","86.8","6.1","9.0","4.8","4.1","3.9","328","73","61.3","13.0","61.3","13.0","0.0","9.4","38.7","13.0","37.5","12.9","1.2","2.0","52.8","(X)","50.1","(X)","57.3","(X)","54743","15193","52794","8188","-","**","-","**","152734","103303","-","**","86563","133305","-","**","47303","70650","53603","8782","-","**","78125","20930","76641","31076","39107","5698","78281","19233","76029","31444","86181","29482","85761","16718","34688","70291","-","**","40595","10906","41726","15642","41726","15642","-","**","36625","12442","36125","10794","-","**","(X)","(X)","(X)","(X)","(X)","(X)"
"1400000US36081064102","Census Tract 641.02, Queens County, New York","73","28","100.0","34.1","0.0","34.1","0.0","34.1","0.0","34.1","0.0","34.1","0.0","34.1","0.0","34.1","0.0","34.1","100.0","34.1","0.0","34.1","0.0","34.1","34.2","32.0","65.8","32.0","25","28","0.0","59.3","100.0","59.3","100.0","59.3","0.0","59.3","0.0","59.3","48","23","70.8","32.4","70.8","32.4","0.0","42.8","29.2","32.4","29.2","32.4","0.0","42.8","56.2","(X)","48.0","(X)","60.4","(X)","35417","43964","35417","43964","-","**","-","**","-","**","-","**","-","**","-","**","-","**","35417","43964","-","**","-","**","-","**","14808","17993","-","**","-","**","-","**","-","**","-","**","-","**","14808","17993","15625","20337","15625","20337","-","**","-","**","-","**","-","**","(X)","(X)","(X)","(X)","(X)","(X)"
"1400000US36081064500","Census Tract 645, Queens County, New York","757","46","57.6","9.7","0.7","1.0","0.0","4.2","30.6","8.9","0.0","4.2","10.2","8.4","0.9","1.7","12.4","8.4","53.0","9.6","2.4","3.0","30.3","10.0","47.2","10.0","20.2","6.2","531","71","39.4","11.2","60.6","11.2","82.1","7.6","15.6","7.5","2.3","2.1","226","67","48.7","18.9","36.7","16.4","11.9","13.9","51.3","18.9","37.2","18.8","14.2","12.9","43.9","(X)","46.7","(X)","37.2","(X)","82406","15952","54621","13636","-","**","-","**","112045","24766","-","**","135792","83986","-","**","94483","67176","54432","12460","-","**","92940","10872","110938","29418","35938","21604","94282","9192","82163","35593","94444","18110","94769","17690","54821","94868","54375","28560","43942","18855","26800","2820","25450","4505","-","**","57813","20380","52955","29960","59219","40190","(X)","(X)","(X)","(X)","(X)","(X)"
"1400000US36081064600","Census Tract 646, Queens County, New York","915","75","3.1","3.3","94.8","4.4","0.0","3.5","0.0","3.5","0.0","3.5","2.2","3.0","0.0","3.5","1.7","2.9","3.1","3.3","0.0","3.5","18.1","6.0","48.4","10.6","33.4","9.2","673","90","25.1","7.7","74.9","7.7","56.0","11.8","39.5","12.0","4.5","4.6","242","81","78.9","14.9","56.2","20.1","22.7","19.5","21.1","14.9","21.1","14.9","0.0","12.5","52.2","(X)","57.1","(X)","34.3","(X)","79583","17447","46875","213229","78194","16313","-","**","-","**","-","**","-","**","-","**","-","**","46875","213229","-","**","104643","59764","84607","22830","45000","19258","83271","17939","66635","53158","84096","18238","95859","41461","72037","22385","62344","45134","48883","10502","48854","17621","50000","39325","48854","100414","48977","59392","48977","59392","-","**","(X)","(X)","(X)","(X)","(X)","(X)"
"1400000US36081065000","Census Tract 650, Queens County, New York","894","53","2.5","3.1","93.3","4.5","1.1","1.7","0.0","3.6","0.0","3.6","0.0","3.6","3.1","2.8","3.5","2.9","2.5","3.1","1.8","2.8","16.4","7.0","40.5","11.0","41.3","8.4","760","72","23.3","9.9","76.7","9.9","63.2","10.8","30.5","10.3","6.3","4.1","134","58","53.0","24.6","48.5","25.2","4.5","6.6","47.0","24.6","39.6","21.8","7.5","11.1","53.6","(X)","60.3","(X)","11.2","(X)","90469","11681","-","**","92188","10928","-","**","-","**","-","**","-","**","93750","22959","53393","29633","-","**","-","**","91172","27398","108000","17453","58984","17186","95938","12404","116250","36378","93438","19296","105167","24418","83500","27743","61765","34924","54597","28813","53347","5994","53589","7893","-","**","88359","21782","89141","34363","-","**","(X)","(X)","(X)","(X)","(X)","(X)"
"1400000US36081065400","Census Tract 654, Queens County, New York","897","52","17.7","5.4","77.1","6.1","0.0","3.6","4.2","3.7","0.0","3.6","0.0","3.6","0.9","1.0","10.3","4.3","8.6","4.8","0.9","1.0","37.0","9.1","52.6","9.5","9.5","5.3","756","61","46.8","10.5","53.2","10.5","57.0","9.1","38.1","9.0","4.9","3.9","141","54","63.1","24.6","63.1","24.6","0.0","20.4","36.9","24.6","28.4","19.8","8.5","14.4","40.4","(X)","44.3","(X)","9.9","(X)","87219","7163","74271","23013","91786","11291","-","**","95556","117853","-","**","-","**","-","**","52045","37840","84861","77420","-","**","87212","16083","91429","14565","67917","24708","89107","11881","85536","39384","95652","14455","110347","9557","66579","17426","57417","219165","47961","15711","46597","20779","46597","20779","-","**","73750","36286","63500","28247","-","**","(X)","(X)","(X)","(X)","(X)","(X)"
"1400000US36081065501","Census Tract 655.01, Queens County, New York","0","12","-","**","-","**","-","**","-","**","-","**","-","**","-","**","-","**","-","**","-","**","-","**","-","**","-","**","0","12","-","**","-","**","-","**","-","**","-","**","0","12","-","**","-","**","-","**","-","**","-","**","-","**","-","(X)","-","(X)","-","(X)","-","**","-","**","-","**","-","**","-","**","-","**","-","**","-","**","-","**","-","**","-","**","-","**","-","**","-","**","-","**","-","**","-","**","-","**","-","**","-","**","-","**","-","**","-","**","-","**","-","**","-","**","-","**","(X)","(X)","(X)","(X)","(X)","(X)"
"1400000US36081065600","Census Tract 656, Queens County, New York","1449","91","8.4","3.9","86.8","4.8","0.0","2.2","3.2","2.5","0.0","2.2","0.8","1.3","0.8","1.2","3.9","3.0","6.0","3.2","0.4","1.1","33.7","9.0","52.8","9.6","13.1","5.7","1159","128","51.9","10.9","48.1","10.9","51.7","10.7","38.7","10.5","9.6","7.2","290","106","74.8","20.6","73.1","20.6","1.7","3.2","25.2","20.6","25.2","20.6","0.0","10.6","54.7","(X)","54.2","(X)","48.6","(X)","66215","16091","76685","26156","65625","17404","-","**","43661","48192","-","**","-","**","-","**","80729","25381","34659","92343","-","**","56897","12654","82188","26726","127917","81568","75489","22754","62870","19664","106528","48702","105139","44982","55324","16142","29583","65208","33625","16261","33188","15467","32875","15756","-","**","35875","106503","35875","106503","-","**","(X)","(X)","(X)","(X)","(X)","(X)"
"1400000US36081065702","Census Tract 657.02, Queens County, New York","682","54","89.7","6.5","4.0","3.8","0.0","4.7","2.8","3.5","0.0","4.7","2.6","4.0","0.9","1.6","9.8","6.5","84.0","7.4","0.0","4.7","26.1","9.9","49.0","11.3","24.9","7.9","395","83","33.9","12.2","66.1","12.2","89.4","6.5","8.1","5.9","2.5","2.6","287","89","55.4","19.3","55.4","19.3","0.0","10.7","44.6","19.3","34.8","19.2","9.8","9.2","58.8","(X)","48.4","(X)","73.2","(X)","70556","22397","72647","24564","131181","1066","-","**","-","**","-","**","-","**","-","**","61319","46741","72361","25645","-","**","83846","15845","61528","32740","28333","11170","78162","14086","97857","29119","61902","26662","78897","8110","27308","14951","-","**","46583","23879","46028","17732","46028","17732","-","**","66875","35590","70833","40261","37333","60587","(X)","(X)","(X)","(X)","(X)","(X)"
"1400000US36081065703","Census Tract 657.03, Queens County, New York","1041","68","95.1","4.0","0.0","3.1","1.0","1.4","1.1","1.6","0.0","3.1","2.9","3.4","0.0","3.1","10.0","5.8","89.0","5.8","0.0","3.1","32.3","9.1","42.6","7.6","25.2","7.0","677","97","41.5","9.7","58.5","9.7","77.4","9.5","16.7","9.1","5.9","4.8","364","90","55.8","14.8","53.3","15.1","2.5","3.8","44.2","14.8","44.2","14.8","0.0","8.5","49.4","(X)","54.9","(X)","39.0","(X)","62083","22595","59048","25346","-","**","-","**","-","**","-","**","-","**","-","**","72500","47415","58594","26257","-","**","100598","24221","85938","32058","30192","11586","90117","21485","103073","22318","72857","24704","91016","23872","52656","67874","130625","95748","33214","9211","30822","9017","30526","11639","-","**","57734","50708","57734","50708","-","**","(X)","(X)","(X)","(X)","(X)","(X)"
"1400000US36081065900","Census Tract 659, Queens County, New York","733","47","98.9","1.6","0.0","4.3","0.0","4.3","1.1","1.6","0.0","4.3","0.0","4.3","0.0","4.3","16.6","9.6","82.3","9.6","0.0","4.3","30.4","11.4","47.9","11.1","21.7","7.5","477","98","36.7","13.2","63.3","13.2","78.8","12.2","18.2","11.3","2.9","3.1","256","83","44.9","20.4","44.9","20.4","0.0","11.9","55.1","20.4","39.5","21.7","15.6","17.1","37.8","(X)","41.1","(X)","29.3","(X)","103242","30854","102930","32324","-","**","-","**","-","**","-","**","-","**","-","**","133526","80181","91042","28697","-","**","133003","33834","107736","35840","25938","9000","104408","26775","95536","43603","107568","28454","103421","33041","107534","54544","-","**","76667","56150","17292","32776","17292","32776","-","**","132711","66754","103942","67294","-","**","(X)","(X)","(X)","(X)","(X)","(X)"
"1400000US36081066000","Census Tract 660, Queens County, New York","1004","54","17.1","5.8","78.8","6.3","0.0","3.2","3.2","3.1","0.0","3.2","0.9","1.4","0.0","3.2","7.7","5.0","10.4","5.2","4.4","4.9","33.3","10.6","43.9","10.2","18.4","7.3","819","87","45.4","11.8","54.6","11.8","47.9","12.7","52.1","12.7","0.0","3.9","185","88","36.2","23.2","36.2","23.2","0.0","16.1","63.8","23.2","52.4","27.8","11.4","18.0","56.1","(X)","54.9","(X)","50.8","(X)","96420","13530","42188","94078","97415","13891","-","**","88846","109804","-","**","-","**","-","**","118424","33582","40417","40162","-","**","98750","17474","104704","11261","86250","65054","104464","12349","86974","26605","109237","4861","117736","9213","92367","16761","-","**","36941","32246","40795","34997","40795","34997","-","**","36755","52856","36197","30884","-","**","(X)","(X)","(X)","(X)","(X)","(X)"
"1400000US36081066100","Census Tract 661, Queens County, New York","602","66","95.7","2.7","0.0","5.3","0.0","5.3","3.5","2.5","0.0","5.3","0.8","1.3","0.0","5.3","9.3","8.0","87.9","8.3","0.8","1.4","28.1","10.9","43.2","10.4","27.9","6.9","405","73","19.3","9.1","80.7","9.1","76.0","12.3","10.1","5.3","13.8","10.7","197","73","50.3","21.7","50.3","21.7","0.0","15.2","49.7","21.7","33.0","18.2","16.8","20.3","41.9","(X)","40.5","(X)","38.1","(X)","80521","15478","80208","14877","-","**","-","**","138036","36149","-","**","-","**","-","**","105500","62618","77750","13843","-","**","101750","19067","85179","35768","47250","22650","91339","16744","113571","38365","86339","22609","103056","18180","96406","52620","56250","55271","39821","61639","26806","19908","26806","19908","-","**","101125","48412","76458","23771","-","**","(X)","(X)","(X)","(X)","(X)","(X)"
"1400000US36081066300","Census Tract 663, Queens County, New York","950","64","92.7","4.5","0.0","3.4","0.0","3.4","7.3","4.5","0.0","3.4","0.0","3.4","0.0","3.4","1.3","1.7","91.5","4.8","0.0","3.4","18.9","6.7","46.0","8.0","35.1","6.8","653","90","32.2","8.2","67.8","8.2","74.3","8.7","20.4","7.9","5.4","4.8","297","94","88.2","10.3","69.7","17.0","18.5","15.6","11.8","10.3","10.4","9.7","1.3","2.5","49.6","(X)","43.6","(X)","62.6","(X)","76806","12711","72426","11854","-","**","-","**","180461","89225","-","**","-","**","-","**","-","**","71544","11463","-","**","93696","12123","99250","34545","29107","35371","93405","8875","95000","20810","87313","18078","94267","13618","62917","33717","250,000+","***","26922","10239","27313","18145","26287","3073","114020","8822","11917","6549","11583","6818","-","**","(X)","(X)","(X)","(X)","(X)","(X)"
"1400000US36081066400","Census Tract 664, Queens County, New York","3147","99","11.4","3.2","79.4","4.5","0.0","1.0","2.2","2.0","0.0","1.0","3.5","2.1","3.5","2.7","5.6","1.9","11.4","3.2","1.4","1.7","33.0","6.7","54.6","7.0","11.1","3.9","2624","199","54.3","8.0","45.7","8.0","48.3","7.1","40.6","7.8","11.1","6.5","523","176","53.5","17.1","53.5","17.1","0.0","6.0","46.5","17.1","43.2","18.1","3.3","5.2","49.7","(X)","53.4","(X)","30.8","(X)","86658","9919","64063","37139","87995","11147","-","**","127604","117167","-","**","250,000+","***","78824","92321","241193","107813","64063","37139","-","**","80042","33775","99279","7959","34554","10347","91880","10719","83850","27821","95642","18207","111063","8388","69417","20634","90643","23970","41417","12164","42155","27033","42155","27033","-","**","40078","32956","39231","44343","-","**","(X)","(X)","(X)","(X)","(X)","(X)"
"1400000US36081066501","Census Tract 665.01, Queens County, New York","1407","85","98.5","1.7","0.0","2.3","0.0","2.3","0.7","1.1","0.0","2.3","0.0","2.3","0.8","1.2","4.5","3.1","94.0","3.6","0.6","0.9","28.1","9.3","31.4","7.6","39.9","8.6","924","119","47.8","11.6","52.2","11.6","93.0","4.5","3.7","3.0","3.4","3.1","483","113","68.3","16.3","66.7","16.3","1.7","2.6","31.7","16.3","31.7","16.3","0.0","6.5","51.7","(X)","54.3","(X)","40.2","(X)","61577","22759","61607","23874","-","**","-","**","-","**","-","**","-","**","-","**","121250","73797","60893","24184","-","**","76949","21864","107917","39729","32845","12638","82569","18266","86806","21825","68600","32000","77250","16648","73750","123006","101058","74369","28750","17187","21481","16733","21111","15011","-","**","48051","38747","48051","38747","-","**","(X)","(X)","(X)","(X)","(X)","(X)"
"1400000US36081066701","Census Tract 667.01, Queens County, New York","1025","64","91.6","4.9","0.9","1.3","0.0","3.1","1.2","1.4","0.0","3.1","6.3","5.3","0.0","3.1","11.8","5.9","87.0","5.6","0.4","0.7","36.7","8.7","36.5","7.5","26.4","7.4","656","94","47.3","10.0","52.7","10.0","89.6","6.5","6.3","4.1","4.1","4.9","369","90","59.9","14.6","55.3","15.4","4.6","4.6","40.1","14.6","33.9","14.7","6.2","5.8","52.0","(X)","42.2","(X)","69.4","(X)","74583","14151","79531","16394","-","**","-","**","-","**","-","**","25850","27439","-","**","32396","64985","80070","15394","-","**","83864","25838","80833","4997","26125","14359","88269","11539","127870","47209","80903","5392","91607","8628","63250","55252","-","**","26319","7120","19464","15556","18452","15131","-","**","28750","18868","26875","6911","-","**","(X)","(X)","(X)","(X)","(X)","(X)"
"1400000US36081066900","Census Tract 669, Queens County, New York","659","52","97.6","2.8","0.0","4.8","0.0","4.8","2.4","2.8","0.0","4.8","0.0","4.8","0.0","4.8","0.8","1.2","96.8","3.0","0.0","4.8","27.0","9.3","44.5","9.2","28.5","7.6","475","68","40.4","13.5","59.6","13.5","82.7","11.3","11.4","7.8","5.9","6.4","184","60","78.3","21.3","78.3","21.3","0.0","16.1","21.7","21.3","8.7","12.6","13.0","18.8","45.4","(X)","41.5","(X)","55.4","(X)","74297","21424","74922","23593","-","**","-","**","-","**","-","**","-","**","-","**","-","**","74531","22697","-","**","90938","11556","94250","32700","48977","13533","94250","20019","103793","13727","86563","24416","103792","12483","58571","48267","-","**","58333","22573","48409","11777","48409","11777","-","**","90417","25906","-","**","-","**","(X)","(X)","(X)","(X)","(X)","(X)"
"1400000US36081067100","Census Tract 671, Queens County, New York","819","46","92.1","4.0","0.0","3.9","0.0","3.9","6.1","3.5","0.0","3.9","1.2","1.9","0.6","0.9","8.1","4.9","85.2","5.6","2.9","4.6","19.3","4.4","40.4","5.2","37.4","6.0","597","61","32.5","6.3","67.5","6.3","85.8","6.6","11.6","5.9","2.7","3.2","222","61","47.7","16.6","47.7","16.6","0.0","13.6","52.3","16.6","47.7","16.1","4.5","5.6","35.3","(X)","36.0","(X)","33.3","(X)","64338","9211","64853","9541","-","**","-","**","61618","62342","-","**","-","**","-","**","69833","109826","63529","10944","-","**","99792","44077","74855","28286","38269","12190","73417","20982","118333","33087","58942","16810","73833","21050","93036","84454","-","**","33750","28349","25000","16822","25000","16822","-","**","64000","25849","58750","43364","-","**","(X)","(X)","(X)","(X)","(X)","(X)"
"1400000US36081067700","Census Tract 677, Queens County, New York","712","30","86.1","8.5","0.0","4.5","0.0","4.5","13.2","8.5","0.0","4.5","0.1","0.7","0.6","1.0","6.9","6.9","79.9","9.2","0.0","4.5","26.3","11.3","49.7","13.1","24.0","5.8","559","51","46.2","10.1","53.8","10.1","88.6","6.6","7.5","6.2","3.9","3.6","153","48","55.6","22.2","53.6","22.5","2.0","3.9","44.4","22.2","35.9","21.8","8.5","9.1","47.2","(X)","40.6","(X)","62.7","(X)","113833","21558","113417","24540","-","**","-","**","217740","228775","-","**","-","**","-","**","132888","110734","111563","24998","-","**","118924","9805","131250","50132","45139","22562","119340","23795","136875","69270","95750","35175","133922","24237","73333","20641","103438","33438","41058","10620","21719","24243","21250","24408","-","**","43438","16518","41827","23743","-","**","(X)","(X)","(X)","(X)","(X)","(X)"
"1400000US36081067900","Census Tract 679, Queens County, New York","1635","78","81.5","6.8","5.2","4.5","0.0","2.0","8.9","4.4","0.0","2.0","3.4","3.4","1.0","1.1","31.9","7.5","55.0","8.7","0.0","2.0","30.5","6.5","41.7","6.8","27.8","6.8","869","130","32.8","9.2","67.2","9.2","61.4","10.5","28.8","9.0","9.8","6.7","766","145","53.5","12.9","53.5","12.9","0.0","4.2","46.5","12.9","40.2","13.6","6.3","3.6","48.8","(X)","52.6","(X)","43.6","(X)","44531","12845","43344","11914","39129","20746","-","**","77672","48898","-","**","75129","23328","-","**","52917","25416","38152","13813","-","**","57031","30882","70250","21412","21129","13088","73281","11879","54306","39260","78443","8479","77586","21430","61389","25067","76875","6012","35321","10044","39706","13317","39706","13317","-","**","22426","25902","20804","15279","80556","52502","(X)","(X)","(X)","(X)","(X)","(X)"
"1400000US36081068000","Census Tract 680, Queens County, New York","1488","79","3.8","3.4","87.2","5.9","0.0","2.2","3.8","3.3","0.0","2.2","3.8","4.3","1.4","2.2","6.3","4.3","0.5","0.7","2.7","3.0","25.7","8.2","45.0","8.9","26.6","6.5","1251","124","40.8","9.6","59.2","9.6","49.6","10.5","43.2","9.8","7.1","5.4","237","108","55.3","21.5","47.7","25.0","7.6","9.7","44.7","21.5","38.4","21.1","6.3","6.9","47.2","(X)","51.2","(X)","26.6","(X)","79081","7527","92933","131470","79651","8826","-","**","36979","53940","-","**","135573","136461","-","**","67446","59816","-","**","-","**","76731","31475","92727","23395","72500","33448","87083","19289","75048","26431","102014","13314","92869","20125","78125","43494","127560","64397","66375","33212","53281","45690","53281","45786","-","**","78235","20774","77740","50398","-","**","(X)","(X)","(X)","(X)","(X)","(X)"
"1400000US36081068200","Census Tract 682, Queens County, New York","388","35","0.0","8.0","96.1","4.2","0.0","8.0","2.8","3.8","0.0","8.0","0.0","8.0","1.0","1.6","3.1","3.5","0.0","8.0","0.0","8.0","18.6","9.4","62.6","12.6","18.8","9.1","331","39","33.8","14.3","66.2","14.3","44.1","16.3","42.3","16.5","13.6","11.6","57","29","47.4","34.6","47.4","34.6","0.0","39.3","52.6","34.6","36.8","29.6","15.8","20.5","47.2","(X)","46.2","(X)","38.6","(X)","96518","23323","-","**","96205","27427","-","**","-","**","-","**","-","**","-","**","-","**","-","**","-","**","54643","104154","99107","23982","58125","41173","95045","36864","96563","70976","78594","33588","96250","40259","77857","51921","116607","112219","46705","34270","23661","21613","23661","21613","-","**","59167","88146","47386","22997","-","**","(X)","(X)","(X)","(X)","(X)","(X)"
"1400000US36081068300","Census Tract 683, Queens County, New York","1591","75","48.3","5.6","6.9","3.2","0.0","2.0","37.3","6.6","0.0","2.0","6.2","3.5","1.4","1.4","44.9","6.3","10.9","4.4","0.5","0.9","36.3","6.8","40.8","7.8","22.4","5.4","1207","102","36.2","7.5","63.8","7.5","49.9","7.6","28.4","7.4","21.7","7.8","384","105","50.3","16.6","44.8","15.6","5.5","4.1","49.7","16.6","49.7","16.6","0.0","8.1","41.2","(X)","44.1","(X)","30.5","(X)","58413","3812","58455","8091","94375","102365","-","**","48438","20954","-","**","56198","42196","-","**","57626","8609","81452","10521","-","**","72143","11941","55685","9008","22727","23383","61384","9175","59018","2523","67849","9068","75139","19631","60764","11486","46552","13624","17455","10597","15625","7928","11944","7753","-","**","32634","23707","32634","23707","-","**","(X)","(X)","(X)","(X)","(X)","(X)"
"1400000US36081068700","Census Tract 687, Queens County, New York","1938","85","52.1","6.2","1.6","2.0","0.0","1.7","41.3","5.8","0.0","1.7","2.3","2.2","2.7","1.9","15.3","5.8","39.1","5.7","0.0","1.7","38.5","7.3","42.9","6.1","18.6","5.4","1261","134","32.8","8.5","67.2","8.5","73.6","8.6","22.1","8.6","4.3","3.9","677","119","55.2","11.7","51.4","11.8","3.8","3.7","44.8","11.7","37.5","12.1","7.2","6.6","39.8","(X)","42.3","(X)","34.3","(X)","55625","8860","56310","12864","-","**","-","**","49263","10445","-","**","9891","71225","108125","104308","38277","13496","61964","18147","-","**","73885","20377","48640","14120","33611","14572","67784","18342","95042","27767","56887","9869","76705","16653","38275","5232","4828","41729","39632","11241","26875","15154","23250","15908","77857","120469","55536","21526","56429","30024","49250","51102","(X)","(X)","(X)","(X)","(X)","(X)"
"1400000US36081069000","Census Tract 690, Queens County, New York","1063","45","0.0","3.0","97.4","2.2","0.0","3.0","0.6","0.9","0.0","3.0","0.8","1.2","1.3","1.6","0.7","1.1","0.0","3.0","2.4","3.8","36.3","9.2","45.2","9.5","16.1","5.4","803","83","57.3","11.5","42.7","11.5","49.6","10.5","44.7","10.2","5.7","4.7","260","85","60.8","18.6","60.8","18.6","0.0","11.7","39.2","18.6","35.4","17.5","3.8","9.1","49.0","(X)","55.5","(X)","24.6","(X)","71607","19434","-","**","69880","22168","-","**","-","**","-","**","-","**","-","**","-","**","-","**","-","**","64083","23827","102679","38932","53015","13643","86250","17490","62440","19257","117981","35722","109219","31171","59952","15921","58077","31416","54400","22077","37778","30915","37778","30915","-","**","67750","9463","64615","16179","-","**","(X)","(X)","(X)","(X)","(X)","(X)"
"1400000US36081069300","Census Tract 693, Queens County, New York","1185","79","60.7","8.5","3.7","3.0","0.0","2.7","26.2","7.1","0.0","2.7","8.4","6.0","1.1","1.2","25.9","8.5","44.1","9.0","1.6","2.0","44.2","8.1","36.5","7.4","17.6","5.7","660","101","45.9","11.5","54.1","11.5","74.7","10.7","11.8","7.5","13.5","8.4","525","121","61.9","12.4","61.9","12.4","0.0","6.0","38.1","12.4","34.9","12.8","3.2","3.5","50.3","(X)","49.2","(X)","51.6","(X)","54450","10530","53988","12073","42083","26756","-","**","59500","16491","-","**","42454","63641","-","**","57760","13282","45833","13791","40521","30248","57621","18258","64141","18712","33550","9985","58351","8258","59511","28801","55938","11972","68281","26732","58750","31161","57633","35095","42181","5201","41985","7013","41985","7013","-","**","43026","17869","42961","21681","-","**","(X)","(X)","(X)","(X)","(X)","(X)"
"1400000US36081069400","Census Tract 694, Queens County, New York","1028","61","7.7","5.4","85.2","7.6","0.0","3.1","1.4","1.6","0.0","3.1","1.3","2.1","4.5","6.7","8.7","5.7","1.8","2.3","0.0","3.1","38.8","10.3","43.2","10.2","18.0","8.4","689","101","48.3","10.6","51.7","10.6","45.3","11.2","39.8","11.6","14.9","8.1","339","109","48.4","19.5","44.5","20.2","3.8","6.5","51.6","19.5","33.3","17.2","18.3","15.0","38.2","(X)","49.3","(X)","15.6","(X)","81406","25055","113942","23092","79750","21002","-","**","-","**","-","**","-","**","-","**","98669","16099","-","**","-","**","66442","52256","96354","11748","38958","52785","92552","20821","38482","37679","112692","30764","120550","17227","65000","51279","74519","19634","56250","31349","27500","42706","15179","49584","-","**","70917","18426","63787","31492","110000","123176","(X)","(X)","(X)","(X)","(X)","(X)"
"1400000US36081069500","Census Tract 695, Queens County, New York","891","53","62.1","6.2","0.0","3.6","0.0","3.6","22.2","4.7","0.0","3.6","9.4","5.3","6.3","5.0","27.8","7.3","43.7","7.5","2.4","2.7","31.4","6.8","39.6","6.3","26.6","6.1","515","81","25.0","6.8","75.0","6.8","69.3","11.7","23.7","11.6","7.0","6.1","376","75","48.4","14.1","37.0","13.1","11.4","11.1","51.6","14.1","47.1","12.8","4.5","4.9","29.5","(X)","25.8","(X)","34.6","(X)","53063","13609","48578","13038","-","**","-","**","59000","95062","-","**","53667","31601","192500","299279","34904","16213","64063","25976","-","**","66429","63770","56563","34130","42266","12327","70875","23819","43750","30733","92000","39921","123750","46505","34615","10684","55833","22017","43750","12023","42083","27183","32063","21889","250,000+","***","45278","16539","42250","15894","-","**","(X)","(X)","(X)","(X)","(X)","(X)"
"1400000US36081069701","Census Tract 697.01, Queens County, New York","1674","102","62.2","7.0","5.9","4.7","0.0","1.9","25.3","5.3","0.0","1.9","4.2","2.9","2.4","2.0","23.1","6.7","45.5","6.4","1.5","1.4","44.1","8.4","38.0","8.1","16.4","3.5","919","138","44.0","9.6","56.0","9.6","70.2","9.9","11.3","5.2","18.5","9.2","755","137","52.3","11.1","42.4","10.4","9.9","6.2","47.7","11.1","38.1","12.3","9.5","7.0","33.0","(X)","34.5","(X)","30.3","(X)","50714","7106","50270","11579","24926","49853","-","**","63563","25754","-","**","53393","15744","45536","42067","59079","7541","43611","7440","45268","59793","44974","11492","63125","23841","25000","16522","59179","3177","54750","14510","80156","23351","80391","36583","48500","48632","54107","43916","42716","5788","31896","11774","30667","5228","59958","62652","48073","4128","47552","6260","85694","44084","(X)","(X)","(X)","(X)","(X)","(X)"
"1400000US36081069702","Census Tract 697.02, Queens County, New York","1615","75","67.6","6.3","0.0","2.0","0.0","2.0","28.8","6.0","0.0","2.0","3.6","2.9","0.0","2.0","12.3","6.2","58.9","7.2","2.2","2.6","28.4","6.9","46.8","9.7","22.6","6.5","1012","157","29.0","8.7","71.0","8.7","84.4","7.6","12.0","7.3","3.7","2.8","603","155","51.2","14.5","48.9","14.4","2.3","3.0","48.8","14.5","39.0","14.8","9.8","11.0","38.4","(X)","39.5","(X)","36.5","(X)","71719","19244","79286","29241","-","**","-","**","66411","26182","-","**","33077","31032","-","**","51758","7225","79821","45385","88011","38320","92031","42207","85714","46638","28641","17357","107652","37318","126806","66555","97019","34869","107992","37542","96250","55407","71458","97854","37104","18340","26875","18102","26875","17076","-","**","50847","9847","41719","22528","250,000+","***","(X)","(X)","(X)","(X)","(X)","(X)"
"1400000US36081070300","Census Tract 703, Queens County, New York","708","109","62.4","10.1","2.4","2.9","4.0","3.4","18.8","8.6","0.0","4.5","5.4","5.8","7.1","8.1","19.8","10.1","44.4","9.5","0.0","4.5","22.2","10.1","57.1","10.8","20.8","8.7","507","83","43.4","12.1","56.6","12.1","81.1","11.2","14.2","11.0","4.7","4.4","201","88","62.7","25.1","59.7","25.0","3.0","4.9","37.3","25.1","30.3","25.0","7.0","11.0","29.4","(X)","31.6","(X)","23.9","(X)","67222","20464","63393","14139","-","**","-","**","133958","148407","-","**","-","**","-","**","59583","4951","77917","26590","-","**","88068","63262","73750","53339","32750","32863","101607","41246","89091","58571","132695","66369","114279","44543","58788","24434","42083","220404","31458","45980","14310","10604","14052","8666","-","**","59199","21659","58750","18000","-","**","(X)","(X)","(X)","(X)","(X)","(X)"
"1400000US36081070700","Census Tract 707, Queens County, New York","926","74","69.1","8.0","0.0","3.4","0.0","3.4","27.0","8.3","0.0","3.4","3.5","3.4","0.4","0.9","14.6","7.7","58.0","9.2","1.7","2.7","22.7","7.7","50.1","8.3","25.5","6.1","651","92","35.6","9.3","64.4","9.3","87.3","8.0","7.4","4.9","5.4","6.7","275","74","61.1","14.5","59.3","14.6","1.8","3.2","38.9","14.5","34.2","13.3","4.7","5.0","26.7","(X)","34.7","(X)","5.8","(X)","92069","18333","94342","29757","-","**","-","**","83833","59062","-","**","62727","62109","-","**","38958","83233","105893","31004","-","**","129375","125242","109917","50324","37917","29675","131250","35657","121250","80865","131250","31927","129688","37095","44333","71807","-","**","48938","12105","26250","25041","23750","32525","-","**","52266","32723","51250","19282","-","**","(X)","(X)","(X)","(X)","(X)","(X)"
"1400000US36081070900","Census Tract 709, Queens County, New York","997","79","68.0","6.2","0.0","3.2","0.0","3.2","28.5","6.3","0.0","3.2","1.4","1.5","2.1","2.4","13.8","5.8","57.9","7.4","1.4","1.8","30.2","7.8","41.5","7.0","26.9","8.4","630","82","38.3","9.3","61.7","9.3","76.7","10.3","15.6","8.5","7.8","7.8","367","86","80.7","10.5","69.5","12.1","11.2","8.8","19.3","10.5","19.3","10.5","0.0","8.5","31.1","(X)","26.3","(X)","38.1","(X)","94716","16910","92727","18385","-","**","-","**","102841","39026","-","**","-","**","-","**","100893","38852","92375","18275","-","**","118650","80950","93250","32282","62500","26684","120357","22998","153125","55967","107125","32217","130234","44850","105750","21557","230750","137285","62232","19217","61607","18157","56771","23990","114338","144993","76094","64522","76094","64522","-","**","(X)","(X)","(X)","(X)","(X)","(X)"
"1400000US36081071100","Census Tract 711, Queens County, New York","2768","115","78.8","4.3","0.0","1.2","0.0","1.2","18.2","4.4","0.5","0.7","1.7","2.1","0.8","1.2","12.6","4.8","67.2","5.7","0.7","0.9","38.2","6.4","37.8","6.2","23.4","4.1","1261","219","37.9","10.1","62.1","10.1","75.9","10.8","15.2","8.8","8.9","8.3","1507","230","48.3","8.8","45.5","8.9","2.8","3.4","51.7","8.8","46.1","10.3","5.6","5.7","34.5","(X)","41.3","(X)","26.2","(X)","57853","9100","47539","11604","-","**","-","**","68015","22373","-","**","85952","74495","-","**","43580","31828","48906","13109","-","**","71190","17570","57859","17648","30481","17146","72266","21439","60455","58143","73250","18377","70234","22662","88864","34023","29318","67344","44736","8156","47829","10164","44360","12235","149479","19681","44186","11431","44413","13749","17188","266059","(X)","(X)","(X)","(X)","(X)","(X)"
"1400000US36081071303","Census Tract 713.03, Queens County, New York","2593","135","78.3","4.8","1.5","1.7","0.0","1.2","15.3","4.6","0.0","1.2","2.5","1.7","2.4","2.2","15.0","3.9","67.4","5.4","0.9","1.1","41.0","5.5","38.1","6.5","20.0","5.6","1389","232","36.1","10.4","63.9","10.4","82.9","8.8","10.4","7.5","6.6","5.6","1204","221","52.7","12.4","50.5","12.3","2.2","2.5","47.3","12.4","38.5","13.4","8.8","8.7","36.6","(X)","32.1","(X)","41.9","(X)","74567","11314","83750","16507","-","**","-","**","69804","6961","-","**","46786","17203","46676","44822","71198","26757","84801","14799","-","**","118725","24195","68311","15189","38404","6092","86088","9022","85213","16117","86567","35502","87303","43239","85906","25777","54630","29851","54397","36856","64286","27808","64286","27492","-","**","46429","55893","39824","22963","128692","17922","(X)","(X)","(X)","(X)","(X)","(X)"
"1400000US36081071304","Census Tract 713.04, Queens County, New York","2961","177","76.0","5.7","3.0","3.0","0.5","0.9","18.8","5.8","0.0","1.1","0.0","1.1","1.6","1.5","10.7","5.0","65.3","6.9","1.6","1.3","33.9","7.4","35.6","6.7","28.9","5.8","1473","207","30.1","8.2","69.9","8.2","77.3","8.9","17.9","8.6","4.8","3.9","1488","212","57.0","10.8","52.6","10.9","4.4","4.4","43.0","10.8","36.6","11.6","6.5","5.8","34.0","(X)","31.2","(X)","36.8","(X)","56684","6894","54190","3176","46987","62782","-","**","110733","14398","-","**","-","**","16500","121733","71321","29056","53395","4558","46250","19558","72636","34350","86176","33988","21804","8841","71732","21720","54063","23682","92059","35885","74152","31503","52847","65353","24583","65348","52576","9417","41719","24094","41625","23127","87941","157926","53600","7522","49796","7893","62000","43443","(X)","(X)","(X)","(X)","(X)","(X)"
"1400000US36081071305","Census Tract 713.05, Queens County, New York","2273","173","67.0","8.1","2.6","2.7","0.0","1.4","22.3","7.9","0.0","1.4","5.2","4.2","2.8","2.3","12.4","5.9","59.8","8.8","2.2","2.1","47.5","7.1","28.9","7.7","21.5","5.5","1121","220","41.3","13.2","58.7","13.2","88.2","7.3","6.3","4.2","5.4","6.0","1152","227","51.0","11.1","43.7","11.4","7.4","5.7","49.0","11.1","37.2","10.2","11.8","7.0","25.9","(X)","26.5","(X)","25.3","(X)","76431","15175","83029","17298","-","**","-","**","81607","30116","-","**","26328","37356","70000","74466","93295","32585","74615","18967","54018","49230","89583","21073","82540","34830","29079","13664","96067","9801","92109","79532","96220","11196","95335","11464","35982","84008","193045","160238","52344","25208","24643","16752","18527","17602","80446","50738","83175","12559","75500","33841","188500","87800","(X)","(X)","(X)","(X)","(X)","(X)"
"1400000US36081071306","Census Tract 713.06, Queens County, New York","2645","172","67.8","8.5","4.3","3.3","0.0","1.2","20.6","6.0","0.0","1.2","4.9","5.0","2.5","2.4","12.2","5.9","60.5","7.8","1.8","1.8","46.5","7.0","34.6","7.3","17.1","4.5","1386","233","46.5","9.7","53.5","9.7","70.2","10.9","12.0","8.3","17.8","9.7","1259","206","52.4","10.8","46.8","10.8","5.6","6.0","47.6","10.8","42.7","11.2","4.9","4.0","29.6","(X)","32.6","(X)","26.3","(X)","56094","15147","60637","15258","46016","15593","-","**","77917","17794","-","**","-","**","51161","6489","29921","50399","60319","15210","-","**","62895","11626","66023","26924","22116","2678","75189","23018","67357","40547","75802","28607","88029","35482","22115","15401","77241","17513","46334","12232","45980","9796","41250","11929","67276","123641","53140","23287","41949","22088","120667","46219","(X)","(X)","(X)","(X)","(X)","(X)"
"1400000US36081071600","Census Tract 716, Queens County, New York","0","12","-","**","-","**","-","**","-","**","-","**","-","**","-","**","-","**","-","**","-","**","-","**","-","**","-","**","0","12","-","**","-","**","-","**","-","**","-","**","0","12","-","**","-","**","-","**","-","**","-","**","-","**","-","(X)","-","(X)","-","(X)","-","**","-","**","-","**","-","**","-","**","-","**","-","**","-","**","-","**","-","**","-","**","-","**","-","**","-","**","-","**","-","**","-","**","-","**","-","**","-","**","-","**","-","**","-","**","-","**","-","**","-","**","-","**","(X)","(X)","(X)","(X)","(X)","(X)"
"1400000US36081071701","Census Tract 717.01, Queens County, New York","2430","122","74.2","7.0","5.9","3.9","0.0","1.3","18.0","6.8","0.0","1.3","1.8","1.6","0.0","1.3","12.1","4.6","64.0","8.0","1.2","1.1","33.8","6.1","36.0","7.5","29.0","5.7","1254","161","27.0","6.4","73.0","6.4","63.2","9.6","29.0","8.7","7.7","6.2","1176","185","56.0","10.5","52.6","9.8","3.4","3.7","44.0","10.5","26.9","9.5","17.2","11.1","31.7","(X)","27.0","(X)","36.8","(X)","49304","7519","43382","15230","44211","33766","-","**","93484","15463","-","**","45417","78290","-","**","49559","27900","37083","14752","-","**","92553","38746","64375","28979","24673","3574","74783","37858","96333","12740","51860","20099","92725","25000","49776","3067","128075","62194","28088","20766","22054","11464","20268","7716","-","**","42551","16937","23333","28629","110515","43620","(X)","(X)","(X)","(X)","(X)","(X)"
"1400000US36081071702","Census Tract 717.02, Queens County, New York","1945","93","67.5","7.6","3.1","2.2","1.3","1.5","19.5","6.1","0.0","1.7","4.6","4.5","3.9","3.4","25.6","9.4","46.0","9.1","0.0","1.7","39.0","10.5","35.0","7.5","26.0","6.8","897","158","35.5","13.1","64.5","13.1","74.4","11.3","19.8","10.4","5.8","6.3","1048","167","56.9","13.0","56.9","13.0","0.0","3.1","43.1","13.0","40.1","12.6","3.1","2.6","28.1","(X)","40.4","(X)","17.6","(X)","42391","5596","37297","10025","59766","90204","-","**","43750","4120","-","**","78152","56835","77750","30778","41500","27929","38839","15860","-","**","41578","12487","67386","28659","21113","3547","44985","33175","73864","76045","44632","22435","44728","35849","34660","30583","190469","148179","38882","9473","37365","19702","37365","19702","-","**","39483","11654","38103","13158","98333","27850","(X)","(X)","(X)","(X)","(X)","(X)"
"1400000US36081071900","Census Tract 719, Queens County, New York","953","71","66.7","9.9","3.3","2.4","0.0","3.3","23.6","9.8","0.0","3.3","4.2","5.5","2.2","2.3","16.4","7.1","55.3","10.3","1.5","1.3","25.9","7.3","40.0","9.9","32.6","9.4","663","103","36.7","11.3","63.3","11.3","78.3","10.2","12.7","7.7","9.0","7.6","290","92","51.4","14.3","49.7","14.1","1.7","3.2","48.6","14.3","42.1","14.6","6.6","6.5","31.2","(X)","33.5","(X)","24.1","(X)","53594","14662","42308","18609","33393","27134","-","**","105208","56736","-","**","-","**","-","**","96438","5125","40433","19765","108500","69367","52386","17183","95871","20722","22298","8280","65074","15828","103555","35120","60417","23131","73021","38306","45481","36674","53056","113292","21875","20073","18875","8929","18250","10026","-","**","50583","17335","41618","25637","130125","31426","(X)","(X)","(X)","(X)","(X)","(X)"
"1400000US36081072100","Census Tract 721, Queens County, New York","2188","140","69.0","7.3","1.6","2.0","0.0","1.5","21.1","5.3","0.0","1.5","3.1","3.5","5.2","4.2","14.4","6.0","59.5","8.3","1.2","1.8","32.4","7.7","39.7","7.2","26.7","5.4","1266","208","34.2","8.6","65.8","8.6","78.3","9.0","17.2","8.2","4.5","4.4","922","211","58.6","13.8","52.3","14.2","6.3","4.9","41.4","13.8","34.2","13.0","7.3","10.1","33.3","(X)","33.8","(X)","32.5","(X)","50357","9870","49196","11920","-","**","-","**","70365","20906","-","**","2,500-","***","57321","74506","43600","25841","50000","17630","-","**","65914","10854","61250","25571","26713","8059","69000","20485","59241","27345","70984","21979","70083","28231","49286","50303","70273","44399","35952","15185","36548","13350","35595","13658","99063","43900","31932","39623","30028","26111","-","**","(X)","(X)","(X)","(X)","(X)","(X)"
"1400000US36081072300","Census Tract 723, Queens County, New York","734","68","80.7","6.8","1.0","1.5","0.0","4.3","17.7","6.5","0.0","4.3","0.0","4.3","0.7","1.2","3.0","2.3","78.3","6.9","0.0","4.3","20.2","7.9","48.9","9.5","30.9","7.7","517","66","33.8","8.1","66.2","8.1","84.5","7.5","5.4","4.2","10.1","6.2","217","74","59.9","16.1","57.1","16.6","2.8","4.0","40.1","16.1","34.6","15.2","5.5","6.4","15.0","(X)","18.8","(X)","6.0","(X)","122083","28882","102955","38273","-","**","-","**","136786","39894","-","**","-","**","-","**","173750","54579","98917","30491","-","**","162813","124259","124688","45834","99028","34664","158542","30552","181458","58794","142222","33031","168813","23625","87333","115983","103864","71771","77596","26255","80188","70732","66250","56855","-","**","69219","18613","68906","17643","-","**","(X)","(X)","(X)","(X)","(X)","(X)"
"1400000US36081072900","Census Tract 729, Queens County, New York","452","67","69.2","13.6","0.0","6.9","0.0","6.9","30.8","13.6","0.0","6.9","0.0","6.9","0.0","6.9","3.5","4.4","65.7","14.5","0.0","6.9","31.2","11.6","42.0","14.0","26.8","9.5","311","65","44.4","12.3","55.6","12.3","87.5","9.1","6.1","7.3","6.4","5.8","141","69","41.1","25.5","41.1","25.5","0.0","20.4","58.9","25.5","44.0","27.2","14.9","18.4","36.9","(X)","35.7","(X)","36.2","(X)","89167","29895","69125","43253","-","**","-","**","114196","31960","-","**","-","**","-","**","-","**","61750","40357","-","**","155605","41511","58750","50935","67250","72597","103813","22685","142344","43073","91250","17957","104167","30830","-","**","35000","139349","51979","17881","16935","39825","16935","39825","-","**","56208","37125","55333","7336","-","**","(X)","(X)","(X)","(X)","(X)","(X)"
"1400000US36081073100","Census Tract 731, Queens County, New York","510","69","72.7","9.6","0.0","6.2","0.0","6.2","19.0","6.7","0.0","6.2","7.1","10.0","1.2","2.0","16.9","10.6","64.1","10.8","2.7","3.2","36.9","10.5","34.7","11.3","25.7","8.7","378","52","46.3","11.9","53.7","11.9","89.4","6.4","9.3","6.2","1.3","2.0","132","61","60.6","33.1","56.8","31.5","3.8","5.9","39.4","33.1","34.8","33.6","4.5","7.1","26.9","(X)","25.1","(X)","31.8","(X)","105962","20258","109464","32359","-","**","-","**","112083","9167","-","**","-","**","-","**","80556","14435","114028","30087","-","**","110278","78556","107404","26602","94219","45919","129063","47516","195375","36212","107361","23711","137500","59167","105972","62676","-","**","51500","62730","27500","4100","27981","19275","-","**","80694","38780","80903","27126","-","**","(X)","(X)","(X)","(X)","(X)","(X)"
"1400000US36081073700","Census Tract 737, Queens County, New York","1058","89","71.5","8.0","0.8","1.3","0.0","3.0","18.2","6.2","0.0","3.0","6.3","4.5","3.2","3.6","11.9","5.9","64.9","7.9","1.6","2.5","41.3","7.4","36.4","7.7","20.7","5.5","433","102","39.7","11.8","60.3","11.8","90.5","5.9","9.5","5.9","0.0","7.2","625","95","69.8","10.9","61.4","11.2","8.3","4.2","30.2","10.9","25.4","10.4","4.8","3.9","28.4","(X)","20.6","(X)","33.9","(X)","74237","10939","73856","9173","-","**","-","**","104375","27059","-","**","46806","96908","-","**","58438","15497","74936","22205","-","**","81806","34153","85739","24404","56797","7957","106696","14125","107614","12667","100972","65652","107841","14526","77031","48786","-","**","55433","5602","55288","6596","53631","17614","231071","227787","57734","18847","53977","8578","107955","25466","(X)","(X)","(X)","(X)","(X)","(X)"
"1400000US36081073900","Census Tract 739, Queens County, New York","2717","82","69.7","5.4","4.7","4.4","0.0","1.2","18.1","4.4","0.0","1.2","7.0","4.8","0.5","0.9","12.3","4.8","64.4","5.7","0.8","0.9","38.4","6.8","31.4","5.8","29.4","4.8","1115","169","46.2","10.8","53.8","10.8","77.1","10.4","19.1","9.2","3.8","4.1","1602","173","69.0","8.5","66.3","8.6","2.7","2.1","31.0","8.5","24.2","7.7","6.8","5.8","29.5","(X)","29.3","(X)","28.0","(X)","76185","10329","77443","11854","98810","47484","-","**","83344","31226","-","**","72836","19814","-","**","68583","15515","81250","16269","-","**","94667","17237","82442","25337","48048","5668","115641","6981","134205","47120","106037","16734","125962","26941","80096","35520","-","**","57813","7610","51464","11039","51643","11217","34740","143019","77148","36082","71731","25190","150446","99170","(X)","(X)","(X)","(X)","(X)","(X)"
"1400000US36081074100","Census Tract 741, Queens County, New York","1517","99","79.7","6.2","0.8","1.1","0.0","2.1","15.7","5.7","0.0","2.1","0.7","1.1","3.2","3.1","8.0","3.4","71.7","7.1","0.0","2.1","32.6","5.0","39.0","6.5","28.5","5.9","792","98","42.7","9.6","57.3","9.6","85.2","6.6","14.0","6.6","0.8","1.3","725","111","63.3","10.0","59.6","9.9","3.7","3.3","36.7","10.0","36.0","10.1","0.7","1.2","34.0","(X)","43.8","(X)","23.3","(X)","67875","8093","60929","12844","-","**","-","**","105833","58804","-","**","-","**","19900","119846","72313","26869","58889","13558","-","**","100242","25082","70718","5710","24716","4231","81842","13112","102258","48810","66500","21893","98458","17617","49821","30610","-","**","37440","13483","31528","14802","27045","14725","141875","215076","42400","37057","50469","30807","-","**","(X)","(X)","(X)","(X)","(X)","(X)"
"1400000US36081074300","Census Tract 743, Queens County, New York","1849","68","62.3","6.8","0.7","0.9","0.0","1.7","29.3","6.0","0.0","1.7","7.1","4.6","0.6","0.9","12.5","5.6","56.7","7.2","1.8","2.4","36.9","6.1","33.4","6.1","27.9","6.2","1217","146","40.4","8.9","59.6","8.9","69.9","9.4","17.3","7.3","12.7","7.1","632","141","64.2","12.7","62.7","12.6","1.6","2.5","35.8","12.7","34.2","12.4","1.6","2.5","32.3","(X)","40.5","(X)","16.6","(X)","51418","6530","49710","5873","-","**","-","**","55804","8479","-","**","70469","55825","-","**","70938","39904","49233","8295","-","**","56563","11579","60380","19787","34265","19151","56936","10938","57344","25647","54375","15334","61133","22432","41477","17723","58375","18205","40208","21196","25833","19181","25417","18434","-","**","49600","14200","49100","20484","-","**","(X)","(X)","(X)","(X)","(X)","(X)"
"1400000US36081074500","Census Tract 745, Queens County, New York","1517","64","70.0","5.4","9.4","4.6","0.0","2.1","9.3","4.1","0.0","2.1","3.0","1.9","8.3","4.0","14.6","4.4","61.2","6.5","0.0","2.1","23.6","5.7","41.8","6.7","34.6","5.9","1028","114","38.1","7.5","61.9","7.5","77.2","7.8","20.6","7.0","2.1","2.4","489","121","64.6","13.9","64.6","13.9","0.0","6.4","35.4","13.9","32.1","13.6","3.3","3.6","44.0","(X)","46.4","(X)","37.2","(X)","35958","14480","35167","12334","29630","30194","-","**","45625","56416","-","**","-","**","30385","51072","19153","53499","40575","15819","-","**","55625","25690","55385","16422","16250","4690","56029","12952","63621","20256","48750","33738","59741","16696","25417","17292","-","**","16728","6349","11394","10977","11394","10977","-","**","18508","4514","19153","8591","-","**","(X)","(X)","(X)","(X)","(X)","(X)"
"1400000US36081074700","Census Tract 747, Queens County, New York","1290","100","41.8","8.6","7.7","4.9","0.0","2.5","40.1","7.8","0.0","2.5","6.7","4.2","3.7","3.0","14.1","3.3","32.6","8.0","0.0","2.5","38.1","9.1","44.2","7.6","17.7","6.1","723","119","49.2","12.1","50.8","12.1","81.5","8.7","7.5","5.2","11.1","7.7","567","104","52.6","13.1","49.2","13.6","3.4","5.4","47.4","13.1","42.2","12.4","5.3","6.2","38.7","(X)","38.6","(X)","38.8","(X)","61029","7327","63807","25173","63295","81692","-","**","60919","16691","-","**","59814","56637","29074","33410","59574","20767","62955","33525","-","**","62143","22471","61625","8009","36875","81383","72438","39817","87727","57261","72313","34539","89432","34371","24643","33036","86429","82540","50216","9283","58214","44293","52457","26489","-","**","44095","13266","46607","12729","-","**","(X)","(X)","(X)","(X)","(X)","(X)"
"1400000US36081074900","Census Tract 749, Queens County, New York","544","46","80.9","6.9","0.0","5.8","0.0","5.8","15.3","6.9","0.0","5.8","1.8","2.2","2.0","2.4","5.1","4.0","77.6","8.3","0.0","5.8","16.2","8.2","50.9","8.5","32.9","6.9","433","55","42.0","9.3","58.0","9.3","88.7","10.0","2.5","3.1","8.8","9.7","111","50","60.4","20.6","60.4","20.6","0.0","25.0","39.6","20.6","31.5","21.6","8.1","11.1","27.8","(X)","28.2","(X)","26.1","(X)","97016","33022","102500","29840","-","**","-","**","211875","210583","-","**","-","**","-","**","131000","121121","96774","26737","-","**","87273","41792","165515","46225","86641","11475","131544","51803","231250","141051","114844","31434","157188","45033","-","**","-","**","48958","33238","44792","53596","44792","53596","-","**","49167","52366","22417","61949","-","**","(X)","(X)","(X)","(X)","(X)","(X)"
"1400000US36081075701","Census Tract 757.01, Queens County, New York","2492","140","71.7","5.9","0.7","1.1","0.0","1.3","24.1","4.9","0.0","1.3","2.7","2.2","0.7","1.1","9.6","3.5","65.5","6.3","0.6","1.1","36.5","6.0","35.5","6.2","27.3","6.9","1077","182","47.6","11.7","52.4","11.7","81.2","10.3","10.5","8.3","8.3","5.6","1415","221","68.4","9.2","64.3","9.4","4.1","2.5","31.6","9.2","25.4","8.8","6.1","6.1","30.1","(X)","26.7","(X)","29.6","(X)","66151","9331","65773","11523","-","**","-","**","71025","27011","-","**","26176","72142","-","**","71800","14931","65181","10544","-","**","90089","18082","71917","10583","40828","12353","99712","26256","93487","28951","105625","55105","107313","26415","58750","127173","70050","76672","40502","6324","36648","8470","35625","7407","50735","56558","65265","50982","65000","58126","105186","137565","(X)","(X)","(X)","(X)","(X)","(X)"
"1400000US36081075702","Census Tract 757.02, Queens County, New York","2273","118","72.3","6.8","5.4","5.4","0.0","1.4","19.1","5.3","0.0","1.4","1.9","2.4","1.3","2.0","11.5","4.5","64.0","7.0","1.3","1.5","40.0","6.0","28.7","5.0","29.9","5.3","1150","165","47.7","10.0","52.3","10.0","88.2","6.9","7.8","5.9","4.0","4.0","1123","171","68.9","11.5","66.8","11.6","2.1","2.6","31.1","11.5","24.1","10.6","6.9","6.0","31.5","(X)","34.9","(X)","28.0","(X)","79495","17034","79548","13622","67520","113016","-","**","123091","24100","-","**","-","**","-","**","84188","44716","78059","16318","-","**","127868","15459","68391","8637","39940","10321","108491","19860","116296","32913","80114","51659","115370","15824","85100","61349","81364","95518","59185","20042","52900","16582","47300","15147","-","**","94650","75170","76705","87935","143355","37372","(X)","(X)","(X)","(X)","(X)","(X)"
"1400000US36081076901","Census Tract 769.01, Queens County, New York","2007","155","70.5","8.2","3.9","2.8","1.2","1.9","17.8","6.8","0.0","1.6","6.5","5.1","0.0","1.6","16.7","7.0","61.2","8.2","0.7","1.1","49.0","7.1","32.6","7.1","17.6","6.3","1021","175","41.1","11.3","58.9","11.3","80.6","9.0","14.2","8.6","5.2","5.4","986","210","65.5","11.7","60.6","11.8","4.9","5.3","34.5","11.7","23.2","8.9","11.3","10.0","22.4","(X)","25.5","(X)","17.5","(X)","80480","9988","82300","13485","80875","33359","-","**","96447","65835","-","**","48625","24429","-","**","49700","32220","89750","28498","-","**","89600","54391","80489","22054","30625","4126","119479","36010","86250","37648","124052","12038","123690","19471","81125","130882","68456","14440","58561","18046","50833","15453","49300","9560","-","**","75588","89315","31992","21698","250,000+","***","(X)","(X)","(X)","(X)","(X)","(X)"
"1400000US36081076902","Census Tract 769.02, Queens County, New York","688","42","62.5","8.3","2.3","3.9","0.0","4.6","22.5","7.6","0.0","4.6","8.6","5.5","4.1","4.4","18.8","6.5","52.6","9.0","0.0","4.6","48.4","7.8","27.0","8.4","24.6","7.9","422","69","28.9","10.2","71.1","10.2","70.6","12.1","26.1","11.4","3.3","4.1","266","65","31.2","16.4","28.2","15.5","3.0","5.0","68.8","16.4","51.5","19.3","17.3","13.9","36.3","(X)","37.2","(X)","35.0","(X)","78654","9579","75714","19398","-","**","-","**","83417","22222","-","**","-","**","-","**","73969","6599","80417","20418","-","**","83640","24411","84219","34173","51012","18766","89167","44612","123750","82099","84840","40776","111923","14767","60962","20773","-","**","60625","10945","66806","42965","65694","56398","-","**","59375","12431","43906","48139","66389","74816","(X)","(X)","(X)","(X)","(X)","(X)"
"1400000US36081077300","Census Tract 773, Queens County, New York","1140","58","79.9","8.2","8.4","7.4","0.0","2.8","10.1","5.4","0.0","2.8","0.6","0.8","1.0","1.3","8.1","3.4","72.0","8.9","1.9","1.9","40.5","8.5","36.6","9.1","21.0","6.7","528","93","39.0","7.2","61.0","7.2","88.8","6.0","7.4","5.0","3.8","3.8","612","110","53.1","13.7","45.9","13.2","7.2","4.4","46.9","13.7","40.2","14.0","6.7","6.6","32.4","(X)","38.8","(X)","26.8","(X)","71750","11471","63533","10902","117857","49777","-","**","153750","47391","-","**","-","**","-","**","81944","21735","62663","17072","51563","20693","74531","14285","98875","39791","39531","19800","117991","24826","119420","67150","94722","38342","118237","22827","69250","141176","82222","75878","52778","13704","59375","13487","53819","14436","70750","16470","44375","27563","43026","17457","86726","90739","(X)","(X)","(X)","(X)","(X)","(X)"
"1400000US36081077500","Census Tract 775, Queens County, New York","862","95","80.2","7.8","3.0","3.0","0.0","3.7","11.0","6.8","0.0","3.7","2.6","3.0","3.2","2.6","16.2","8.0","70.9","9.7","0.0","3.7","38.3","7.9","38.3","9.0","23.4","6.9","441","112","39.2","15.1","60.8","15.1","83.0","13.4","13.8","12.8","3.2","5.0","421","91","70.1","12.4","43.5","12.9","26.6","13.4","29.9","12.4","29.9","12.4","0.0","7.4","33.6","(X)","36.3","(X)","30.9","(X)","82738","21929","87396","29699","88571","111542","-","**","80329","13583","-","**","-","**","-","**","21250","18066","91406","20023","-","**","110278","44363","43833","48571","57000","30646","99696","47432","124028","62217","90625","41012","131250","33852","2,500-","***","-","**","50104","32931","71932","39947","34336","31849","102667","12694","28958","29430","28958","29430","-","**","(X)","(X)","(X)","(X)","(X)","(X)"
"1400000US36081077902","Census Tract 779.02, Queens County, New York","1545","125","82.1","4.9","4.1","2.7","0.0","2.1","10.6","3.8","0.0","2.1","1.7","2.8","1.6","1.7","10.4","5.3","74.2","5.7","2.1","1.7","34.2","6.5","40.4","7.0","23.4","5.5","1183","129","48.3","8.0","51.7","8.0","91.2","4.2","5.0","2.8","3.8","2.7","362","109","56.4","16.0","36.2","14.9","20.2","14.1","43.6","16.0","36.5","15.8","7.2","5.9","43.8","(X)","47.3","(X)","32.6","(X)","90327","18234","91750","16515","66648","25732","-","**","69044","34676","-","**","-","**","-","**","76375","22682","98906","20445","20000","133025","78583","16831","106053","22568","76544","20841","99844","18816","116298","18907","80357","19168","102750","20712","100694","119664","43750","43439","53611","21976","51705","22128","50625","33176","77375","161964","70556","44184","46875","36516","161563","104391","(X)","(X)","(X)","(X)","(X)","(X)"
"1400000US36081077903","Census Tract 779.03, Queens County, New York","1084","92","67.0","8.8","4.8","3.8","0.0","3.0","6.9","4.4","0.0","3.0","14.7","9.0","6.6","4.5","31.4","6.4","49.1","7.5","0.0","3.0","38.3","7.7","40.0","7.6","21.7","7.5","693","89","45.9","10.8","54.1","10.8","77.6","9.9","16.2","9.1","6.2","5.5","391","99","56.5","19.8","54.2","19.9","2.3","3.7","43.5","19.8","43.5","19.8","0.0","8.0","32.4","(X)","41.4","(X)","16.4","(X)","65959","4218","66884","3186","65577","17932","-","**","86979","39853","-","**","48125","20777","54750","51705","65805","4722","68071","15556","-","**","65745","10600","70938","15958","46932","32926","66875","7229","53750","34479","72039","16184","69357","12648","49231","3842","67019","13058","61477","28524","58229","42929","42222","42972","-","**","65721","34177","65721","34177","-","**","(X)","(X)","(X)","(X)","(X)","(X)"
"1400000US36081077904","Census Tract 779.04, Queens County, New York","2181","93","56.5","7.1","6.3","4.1","1.2","2.0","25.9","5.9","0.0","1.5","6.9","4.1","3.2","2.2","14.8","4.3","49.2","7.0","4.4","3.5","40.2","8.3","36.2","7.9","19.2","4.5","1533","146","43.4","9.4","56.6","9.4","76.9","7.3","17.8","7.5","5.3","4.4","648","154","50.6","13.2","46.3","12.8","4.3","6.7","49.4","13.2","32.9","12.0","16.5","11.9","46.3","(X)","50.8","(X)","35.6","(X)","65859","11126","56974","7357","79128","9578","-","**","65625","25071","-","**","131944","46933","76500","18955","74643","17067","57336","11836","2,500-","***","67548","12511","86417","13408","28098","23575","75895","6329","77117","19759","73807","21408","79271","11870","69507","12786","31771","72546","53621","9879","26364","27853","29375","39492","-","**","61528","14496","64007","20805","53537","57146","(X)","(X)","(X)","(X)","(X)","(X)"
"1400000US36081077905","Census Tract 779.05, Queens County, New York","1176","92","56.6","9.3","8.5","5.6","0.0","2.7","25.3","7.8","0.0","2.7","5.4","4.5","4.2","3.3","15.1","6.3","48.6","9.4","5.7","5.9","26.3","7.0","31.2","8.2","36.8","8.1","528","96","25.2","8.3","74.8","8.3","67.0","11.7","30.7","11.6","2.3","3.8","648","113","66.4","12.4","63.7","13.4","2.6","3.6","33.6","12.4","21.0","9.3","12.7","11.4","28.9","(X)","27.5","(X)","30.1","(X)","71000","20046","61875","20042","14545","85959","-","**","71394","47081","-","**","186833","150068","150096","109536","87813","68278","62708","21565","-","**","118125","27343","83375","35522","46520","12294","117619","20886","132212","36903","115521","29124","133750","38346","94444","68099","-","**","46667","18421","46719","23218","45391","24768","-","**","46591","24354","57500","19772","33243","44459","(X)","(X)","(X)","(X)","(X)","(X)"
"1400000US36081077906","Census Tract 779.06, Queens County, New York","1307","129","66.0","9.7","4.4","6.1","0.0","2.5","21.7","8.2","0.0","2.5","2.1","2.9","5.7","5.3","16.9","7.8","52.6","9.7","2.8","3.7","36.6","8.1","33.4","8.1","27.1","7.0","830","153","42.4","11.8","57.6","11.8","71.1","13.4","19.0","10.3","9.9","9.9","477","133","63.3","16.9","61.2","17.3","2.1","3.2","36.7","16.9","23.1","15.2","13.6","10.5","42.5","(X)","42.4","(X)","42.8","(X)","50859","16358","48590","23445","71458","77991","-","**","50156","32432","-","**","-","**","84659","65788","48777","10442","47955","34468","-","**","48090","21022","72292","31505","42200","12633","57778","18562","49309","23215","62083","31936","61161","25130","50156","11635","90357","81367","36653","29844","28906","20887","28125","18682","-","**","58068","62631","22250","58033","-","**","(X)","(X)","(X)","(X)","(X)","(X)"
"1400000US36081077907","Census Tract 779.07, Queens County, New York","1034","20","74.0","7.9","7.8","4.9","0.0","3.1","6.3","5.0","0.0","3.1","5.1","4.9","6.8","6.7","14.2","6.5","64.9","7.9","9.3","7.0","37.4","9.1","30.8","6.0","22.5","7.4","809","114","43.0","10.1","57.0","10.1","74.4","9.1","23.5","8.6","2.1","3.1","225","115","46.2","24.4","40.9","25.3","5.3","10.2","53.8","24.4","40.9","25.6","12.9","18.0","47.5","(X)","49.2","(X)","41.3","(X)","51029","19735","41950","17497","72228","107587","-","**","31169","24078","-","**","95852","48769","68125","99800","66139","22884","39776","16650","12130","25386","41989","28426","68875","3428","16375","29579","66128","14357","51154","32695","67114","4033","52132","21355","66979","1523","-","**","21563","18560","11207","3504","11724","13494","-","**","38233","15168","29375","31555","-","**","(X)","(X)","(X)","(X)","(X)","(X)"
"1400000US36081077908","Census Tract 779.08, Queens County, New York","1331","108","36.5","10.1","22.5","9.7","0.0","2.4","24.8","10.8","0.0","2.4","7.5","4.7","8.6","6.1","24.6","10.1","24.2","10.2","5.9","5.7","42.7","10.4","32.2","9.1","19.2","6.0","953","164","49.2","12.7","50.8","12.7","70.0","9.9","20.7","10.5","9.3","8.1","378","153","48.7","21.1","48.7","21.1","0.0","8.2","51.3","21.1","51.3","21.1","0.0","8.2","39.9","(X)","46.6","(X)","23.0","(X)","49572","11359","49760","15383","77455","44996","-","**","37619","11922","-","**","71026","61319","32865","54256","55119","32296","49889","20310","2,500-","***","75087","15889","44937","10474","31964","11573","56750","20706","47824","21196","59762","32094","55417","29742","49198","24535","82901","41085","38534","22451","55119","20617","55119","20617","-","**","9695","27114","9695","27114","-","**","(X)","(X)","(X)","(X)","(X)","(X)"
"1400000US36081078800","Census Tract 788, Queens County, New York","497","70","6.2","5.0","82.1","11.3","7.2","7.8","0.0","6.3","0.0","6.3","3.2","5.0","1.2","2.1","5.0","4.7","1.2","1.7","2.2","3.3","16.3","9.5","56.9","12.6","24.5","11.7","413","80","43.1","14.8","56.9","14.8","53.0","12.0","33.4","13.1","13.6","9.2","84","48","41.7","34.2","41.7","34.2","0.0","31.0","58.3","34.2","58.3","34.2","0.0","31.0","52.5","(X)","55.7","(X)","36.9","(X)","58807","8294","52375","20591","58750","8645","47250","107236","-","**","-","**","-","**","-","**","58542","18880","-","**","-","**","77566","16573","51989","18756","59844","10005","63403","10427","59545","35062","63958","17663","77697","30842","62639","12561","58750","56960","21364","19989","22321","61897","22321","61897","-","**","21106","1518","21106","1518","-","**","(X)","(X)","(X)","(X)","(X)","(X)"
"1400000US36081079000","Census Tract 790, Queens County, New York","764","67","3.4","2.7","67.8","9.9","0.0","4.2","7.7","6.9","0.0","4.2","19.9","8.2","1.2","1.3","12.3","5.6","0.7","1.0","3.8","3.7","38.2","10.7","38.7","9.6","19.2","7.9","637","72","53.1","11.6","46.9","11.6","46.0","11.2","29.5","10.4","24.5","10.5","127","56","78.7","18.6","78.7","18.6","0.0","22.3","21.3","18.6","17.3","17.1","3.9","6.0","59.6","(X)","65.0","(X)","17.3","(X)","60000","15506","10682","17034","64688","21268","-","**","75063","128471","-","**","60833","14786","-","**","25227","40529","-","**","94861","91733","61528","17120","72885","30930","47171","10067","58988","20424","49118","37979","62969","26375","72961","11421","38750","25097","47885","31263","28984","28281","27969","23508","27969","23508","-","**","46250","55152","60000","63247","-","**","(X)","(X)","(X)","(X)","(X)","(X)"
"1400000US36081079200","Census Tract 792, Queens County, New York","697","73","3.9","3.6","77.9","7.8","2.9","4.6","10.5","5.1","0.0","4.6","4.9","4.5","0.0","4.6","9.5","5.4","0.6","0.9","0.0","4.6","30.7","8.9","37.7","10.0","31.6","8.2","456","76","54.6","10.3","45.4","10.3","57.0","10.5","35.1","10.1","7.9","6.8","241","63","56.0","18.0","45.6","17.9","10.4","13.1","44.0","18.0","41.1","17.6","2.9","4.7","51.5","(X)","57.9","(X)","36.9","(X)","70781","19772","102589","140132","66838","16664","-","**","127904","23567","-","**","43846","56092","-","**","82000","34543","-","**","-","**","78854","18968","95208","25270","39444","22770","63500","18572","59028","15538","73472","32042","65833","21336","61250","53278","46250","70553","59375","58194","21938","45267","20375","4680","-","**","89643","38282","89018","47163","-","**","(X)","(X)","(X)","(X)","(X)","(X)"
"1400000US36081079300","Census Tract 793, Queens County, New York","0","12","-","**","-","**","-","**","-","**","-","**","-","**","-","**","-","**","-","**","-","**","-","**","-","**","-","**","0","12","-","**","-","**","-","**","-","**","-","**","0","12","-","**","-","**","-","**","-","**","-","**","-","**","-","(X)","-","(X)","-","(X)","-","**","-","**","-","**","-","**","-","**","-","**","-","**","-","**","-","**","-","**","-","**","-","**","-","**","-","**","-","**","-","**","-","**","-","**","-","**","-","**","-","**","-","**","-","**","-","**","-","**","-","**","-","**","(X)","(X)","(X)","(X)","(X)","(X)"
"1400000US36081079701","Census Tract 797.01, Queens County, New York","2741","162","13.8","4.6","6.5","3.0","0.0","1.2","70.4","6.4","0.0","1.2","7.6","5.5","1.8","2.0","11.4","5.8","11.8","4.4","0.3","0.6","30.4","6.0","34.9","6.0","34.4","5.5","1713","205","40.2","10.1","59.8","10.1","80.6","8.7","13.0","7.6","6.4","5.2","1028","205","78.0","11.8","76.7","11.8","1.4","2.3","22.0","11.8","20.3","11.5","1.7","2.6","33.0","(X)","38.4","(X)","24.0","(X)","53136","10214","24872","16043","57708","12267","-","**","58681","12385","-","**","22157","64506","13688","5072","52841","51123","23141","9617","-","**","65857","17965","75747","17038","21186","5250","57801","10748","70368","19367","55595","5634","58542","14351","56544","17635","97986","210295","30096","11736","25288","14234","24744","16643","-","**","53977","46562","54460","48324","-","**","(X)","(X)","(X)","(X)","(X)","(X)"
"1400000US36081079702","Census Tract 797.02, Queens County, New York","1537","165","16.6","6.4","1.4","2.2","0.0","2.1","75.0","8.0","0.0","2.1","3.4","3.7","3.5","3.9","15.7","6.7","4.9","3.5","0.0","2.1","26.5","10.1","53.4","10.3","20.1","7.1","1089","187","30.5","8.6","69.5","8.6","64.1","10.9","28.0","9.6","7.9","6.6","448","150","52.2","22.9","52.2","22.9","0.0","7.0","47.8","22.9","40.8","21.7","6.9","12.7","29.9","(X)","35.4","(X)","10.7","(X)","30297","6770","24732","51453","-","**","-","**","27282","5331","-","**","32137","193024","-","**","32419","37901","24167","53698","-","**","27564","5810","32250","12357","12147","27285","31484","7269","27012","10440","32297","8736","32036","7437","27625","29720","31250","15600","26250","22142","15409","7877","15409","7877","-","**","53409","27418","52705","43511","-","**","(X)","(X)","(X)","(X)","(X)","(X)"
"1400000US36081079900","Census Tract 799, Queens County, New York","1031","87","26.6","7.6","2.0","3.2","0.0","3.1","62.5","8.7","0.0","3.1","8.0","6.5","1.0","1.6","17.7","8.8","17.7","7.6","0.0","3.1","46.0","9.4","41.3","8.9","12.7","6.0","825","115","51.6","10.5","48.4","10.5","78.5","10.0","17.5","9.5","4.0","3.7","206","78","45.6","18.7","28.6","13.9","17.0","17.0","54.4","18.7","46.1","19.9","8.3","13.5","43.3","(X)","41.7","(X)","49.5","(X)","55215","3908","55691","8868","-","**","-","**","57813","15076","-","**","16389","51177","-","**","55195","30905","47321","17084","-","**","59063","34184","45000","16757","55156","21506","55117","5672","59122","26537","41964","16929","57656","12861","34464","45057","36964","41058","45833","22728","31538","40084","55781","11249","-","**","46429","16184","45417","28923","-","**","(X)","(X)","(X)","(X)","(X)","(X)"
"1400000US36081080301","Census Tract 803.01, Queens County, New York","1400","96","30.5","7.1","0.6","1.0","0.0","2.3","52.3","8.1","0.0","2.3","12.9","6.4","3.6","3.6","24.2","8.5","20.7","6.0","2.1","2.5","34.4","9.8","52.2","9.4","11.3","4.0","1151","123","46.8","9.2","53.2","9.2","72.6","9.4","17.0","7.6","10.3","5.8","249","88","49.4","19.2","40.2","17.2","9.2","13.7","50.6","19.2","28.9","17.7","21.7","19.5","48.4","(X)","49.7","(X)","42.2","(X)","48393","6799","48618","17018","-","**","-","**","46500","12392","-","**","67750","29423","19777","61518","65096","20587","36845","12183","-","**","50287","10611","49645","11788","24722","15453","48772","3557","44688","10622","51618","4748","49784","6721","35606","8686","50134","8456","35518","20025","24306","24700","14306","16459","-","**","36694","25002","21000","33111","53438","32985","(X)","(X)","(X)","(X)","(X)","(X)"
"1400000US36081080302","Census Tract 803.02, Queens County, New York","1005","115","49.3","10.0","2.8","3.6","3.6","4.5","34.5","8.6","0.0","3.2","7.1","7.9","2.8","3.6","23.1","8.7","35.4","9.0","2.3","2.4","41.9","11.4","31.9","8.9","23.9","8.4","792","121","38.1","11.9","61.9","11.9","79.4","8.7","10.6","7.7","10.0","6.0","213","95","40.8","22.9","31.0","18.7","9.9","15.5","59.2","22.9","59.2","22.9","0.0","14.1","30.0","(X)","28.5","(X)","35.2","(X)","53715","14492","69291","24865","-","**","-","**","47135","21467","-","**","-","**","-","**","64333","21744","52386","38944","29028","50375","68393","22112","54341","19211","28654","18473","63095","25053","85121","51034","54044","17477","72404","29812","54485","34509","47386","17084","27813","23011","21607","38607","20357","6826","-","**","29423","41941","29423","41941","-","**","(X)","(X)","(X)","(X)","(X)","(X)"
"1400000US36081080900","Census Tract 809, Queens County, New York","2678","134","61.2","7.2","9.1","4.5","0.7","1.1","25.4","6.2","0.0","1.2","3.1","2.3","0.4","0.7","11.5","4.3","53.2","6.9","0.9","1.1","28.1","6.6","47.4","7.3","23.6","5.9","1820","203","50.1","8.0","49.9","8.0","87.7","6.7","8.1","5.5","4.2","4.2","858","182","61.3","13.2","60.3","13.3","1.0","2.0","38.7","13.2","33.4","12.4","5.2","6.1","44.4","(X)","41.4","(X)","50.9","(X)","75526","20264","76776","30987","19970","16481","-","**","82716","29007","-","**","24375","138987","-","**","77153","55859","75737","32009","-","**","112513","24674","82750","38075","29167","20222","99688","30580","113478","45599","79857","41501","111047","18236","23906","82352","46361","9607","36607","15424","29778","22258","29528","20651","-","**","41250","22227","34087","21775","-","**","(X)","(X)","(X)","(X)","(X)","(X)"
"1400000US36081081400","Census Tract 814, Queens County, New York","1001","94","6.7","6.1","65.9","10.7","0.0","3.2","8.5","5.4","0.0","3.2","18.9","8.3","0.0","3.2","13.4","7.1","2.6","4.4","2.1","3.6","35.2","9.7","45.7","10.7","17.1","7.0","836","115","45.1","12.4","54.9","12.4","55.7","11.1","31.3","13.2","12.9","8.4","165","75","55.8","33.1","55.8","33.1","0.0","17.8","44.2","33.1","29.7","28.7","14.5","21.7","55.6","(X)","56.7","(X)","39.4","(X)","51189","21501","40288","150694","60833","20940","-","**","41734","2613","-","**","52232","57578","-","**","34859","101226","40962","100126","-","**","49356","29504","66458","17378","39196","23624","49773","20081","48216","3293","67458","20812","49545","17641","93611","68810","48500","21239","23155","35621","15078","10032","15078","10032","-","**","51343","64588","50231","17109","-","**","(X)","(X)","(X)","(X)","(X)","(X)"
"1400000US36081081800","Census Tract 818, Queens County, New York","1052","79","10.8","6.1","42.2","8.5","1.1","2.4","16.8","7.1","0.0","3.0","22.3","7.7","6.7","4.2","21.4","7.0","5.0","4.4","2.0","3.2","34.3","9.8","47.7","10.1","16.0","7.1","929","89","47.7","9.7","52.3","9.7","58.7","11.8","25.3","9.1","16.0","7.5","123","65","38.2","26.0","30.1","25.0","8.1","13.4","61.8","26.0","47.2","27.1","14.6","22.3","56.1","(X)","59.3","(X)","31.7","(X)","58000","10682","114167","34600","56250","10439","-","**","60492","35425","-","**","35139","76549","33864","48608","77893","61184","96250","84064","-","**","62169","38665","59286","13737","45625","20918","57679","11716","61507","41934","55000","15246","77821","28455","36875","8409","64464","75641","20486","41462","21875","71654","65156","87199","-","**","19074","102039","18241","16622","-","**","(X)","(X)","(X)","(X)","(X)","(X)"
"1400000US36081083700","Census Tract 837, Queens County, New York","1613","103","26.3","5.7","1.6","2.7","0.0","2.0","69.1","6.0","0.0","2.0","2.4","2.3","0.5","0.9","7.1","4.3","21.6","5.4","2.4","2.6","26.0","6.9","49.2","7.3","22.3","4.9","1389","116","43.3","6.9","56.7","6.9","75.2","7.7","14.8","6.8","10.0","4.8","224","82","62.5","17.8","62.5","17.8","0.0","13.5","37.5","17.8","35.3","18.1","2.2","3.9","44.0","(X)","43.4","(X)","38.8","(X)","52241","6336","51313","8389","-","**","-","**","50720","11693","-","**","53813","13790","-","**","53188","32570","51938","5331","33606","16340","46750","16620","65978","11366","30357","10291","53559","4916","53668","10527","53378","7013","52731","7600","54063","54224","80197","65933","31250","13731","24583","14253","24583","14253","-","**","39583","4966","38542","4980","-","**","(X)","(X)","(X)","(X)","(X)","(X)"
"1400000US36081083800","Census Tract 838, Queens County, New York","1681","96","35.7","7.8","12.3","5.8","1.4","2.0","20.0","6.8","0.9","1.6","24.7","8.2","5.0","2.8","19.6","6.3","26.5","6.9","0.2","0.8","29.6","7.8","48.7","7.7","21.6","5.6","1479","115","41.6","8.1","58.4","8.1","70.8","8.4","21.5","6.9","7.7","4.9","202","74","74.3","16.3","66.3","18.7","7.9","9.9","25.7","16.3","15.8","13.1","9.9","11.3","42.2","(X)","45.1","(X)","20.8","(X)","61573","11338","56724","4863","70813","17705","-","**","67037","15958","-","**","52935","46824","106250","80241","67417","28357","45682","13132","-","**","63750","14889","79659","15629","29063","7682","66518","9958","67143","10645","62137","17308","70653","8761","45694","22059","71375","57171","26341","7681","26452","8501","26190","17773","-","**","26000","44300","19318","6197","-","**","(X)","(X)","(X)","(X)","(X)","(X)"
"1400000US36081084000","Census Tract 840, Queens County, New York","1941","103","25.0","5.3","15.2","6.0","0.6","1.1","24.3","7.7","0.0","1.7","27.4","7.0","7.5","3.9","25.2","6.6","15.5","4.1","3.7","3.9","22.3","7.2","53.2","8.2","20.9","6.1","1566","165","36.2","7.7","63.8","7.7","73.2","8.4","20.4","7.6","6.3","5.0","375","137","61.1","18.2","52.0","17.8","9.1","12.9","38.9","18.2","37.1","18.3","1.9","3.1","40.8","(X)","41.0","(X)","37.3","(X)","58125","22724","48112","6620","73906","55387","-","**","57222","31731","-","**","79960","25727","42212","57982","73750","48783","47633","5528","68269","36353","50417","49944","79951","18662","41406","27270","62885","19931","58194","31854","68045","27884","68011","29957","45227","28985","101354","60482","35272","25256","23686","26355","22596","12154","-","**","58333","57857","58125","76088","-","**","(X)","(X)","(X)","(X)","(X)","(X)"
"1400000US36081084500","Census Tract 845, Queens County, New York","2044","70","23.4","5.6","17.9","6.2","0.0","1.6","51.2","4.8","0.0","1.6","4.1","3.9","3.5","3.2","13.7","4.1","18.6","4.4","0.5","0.8","18.9","5.6","42.2","7.0","38.4","4.9","1250","141","28.8","8.4","71.2","8.4","75.8","9.0","21.0","8.0","3.2","4.7","794","154","70.5","10.6","65.6","10.9","4.9","5.4","29.5","10.6","24.9","10.6","4.5","5.5","37.6","(X)","42.8","(X)","26.7","(X)","28414","4589","28611","4649","36412","2450","-","**","24102","2691","-","**","16750","40676","52875","41821","36855","18030","28040","7012","-","**","51392","22747","35586","9073","14632","4679","32125","9885","44211","24523","30438","7443","27604","7147","44605","12004","-","**","13182","5396","10750","3403","9934","2349","-","**","26000","14368","24868","15713","-","**","(X)","(X)","(X)","(X)","(X)","(X)"
"1400000US36081084601","Census Tract 846.01, Queens County, New York","910","62","38.4","9.5","9.2","5.2","0.0","3.5","15.8","7.8","0.0","3.5","32.7","9.6","3.8","4.5","22.4","9.7","31.4","7.7","2.1","3.3","20.4","9.2","49.9","10.6","27.6","7.4","717","77","37.9","9.0","62.1","9.0","71.1","12.5","21.3","9.4","7.5","6.4","193","73","36.3","22.4","28.0","20.6","8.3","11.9","63.7","22.4","40.4","22.4","23.3","21.6","51.0","(X)","54.1","(X)","39.4","(X)","75227","29181","86250","20512","44758","10800","-","**","73333","66635","-","**","61071","51812","250,000+","***","123083","58685","85000","24068","-","**","61111","47346","100769","50295","50787","19332","82634","34261","82895","69740","76750","34696","97750","35724","41984","6772","53707","30120","44234","25393","11429","31090","10476","2057","-","**","54688","56271","43704","4879","-","**","(X)","(X)","(X)","(X)","(X)","(X)"
"1400000US36081084602","Census Tract 846.02, Queens County, New York","255","81","33.3","14.7","0.0","11.9","0.0","11.9","21.2","12.0","0.0","11.9","42.4","20.0","3.1","3.6","46.7","17.8","21.6","11.6","0.0","11.9","43.9","19.7","34.5","16.0","21.6","12.1","236","85","51.7","19.6","48.3","19.6","61.9","18.1","26.7","14.2","11.4","13.1","19","15","47.4","40.9","47.4","40.9","0.0","68.0","52.6","40.9","52.6","40.9","0.0","68.0","54.9","(X)","53.0","(X)","57.9","(X)","59688","13676","37083","46940","-","**","-","**","115294","120310","-","**","65625","10423","-","**","59563","16614","36250","34262","-","**","65208","14055","56750","84745","55417","71706","65486","12219","66736","5978","57750","9624","66875","5785","37188","47845","58813","788","17708","11558","-","**","-","**","-","**","-","**","-","**","-","**","(X)","(X)","(X)","(X)","(X)","(X)"
"1400000US36081084900","Census Tract 849, Queens County, New York","2314","148","13.1","3.9","3.8","3.1","1.5","2.3","71.1","6.6","0.0","1.4","7.6","4.5","2.8","3.0","17.6","4.4","3.7","2.9","5.5","4.0","37.8","7.6","41.7","7.9","15.0","4.3","1704","210","43.8","9.8","56.2","9.8","72.8","8.1","23.2","6.9","4.0","3.8","610","207","38.2","15.6","30.5","14.5","7.7","7.8","61.8","15.6","34.9","17.7","26.9","16.7","48.6","(X)","48.8","(X)","42.1","(X)","38438","6003","25547","22253","37969","60483","-","**","38806","5459","-","**","22222","63675","-","**","37614","30901","44180","30563","48796","42470","38465","9710","34911","9266","33750","31650","33464","4556","26510","12949","34781","11292","32723","3885","41250","34085","48750","12862","49352","9804","11518","29450","9423","7491","111193","55626","51224","37208","43250","8623","86714","47071","(X)","(X)","(X)","(X)","(X)","(X)"
"1400000US36081085300","Census Tract 853, Queens County, New York","1787","166","15.4","5.2","2.0","2.2","0.0","1.8","80.9","5.8","0.0","1.8","0.9","1.4","0.9","1.6","14.2","5.9","3.2","2.3","1.2","1.5","20.7","7.4","49.0","8.7","29.1","6.8","952","207","24.1","11.6","75.9","11.6","76.7","11.4","19.6","10.8","3.7","4.5","835","183","58.4","14.7","49.5","14.7","9.0","9.1","41.6","14.7","18.7","8.8","22.9","14.0","44.8","(X)","51.3","(X)","37.5","(X)","29359","6838","31134","25967","-","**","-","**","27654","9921","-","**","-","**","-","**","31948","29360","12232","26470","-","**","36744","16299","20814","6516","52766","33827","32222","17010","35664","21712","31541","29649","32049","14956","28355","66294","-","**","21653","8803","19602","2544","18733","2794","21335","5099","44482","13915","61111","51281","43994","23130","(X)","(X)","(X)","(X)","(X)","(X)"
"1400000US36081085500","Census Tract 855, Queens County, New York","2478","152","25.1","7.1","3.9","3.0","0.0","1.3","67.1","7.6","0.0","1.3","2.7","2.4","1.3","1.7","17.8","6.2","10.0","4.5","1.9","1.8","37.4","8.8","42.9","8.8","17.8","4.1","1648","213","40.5","9.0","59.5","9.0","72.1","9.1","16.0","6.7","11.8","6.9","830","224","73.9","15.0","67.0","16.6","6.9","10.8","26.1","15.0","18.7","10.4","7.5","11.5","34.6","(X)","38.1","(X)","27.6","(X)","51111","9165","81116","13608","37171","52137","-","**","44392","6883","-","**","62222","111064","-","**","97981","39606","54954","47673","6833","128992","54599","18084","52377","9591","30476","11667","54177","7318","51290","29968","55669","6654","55405","9751","39048","18820","64148","67352","42719","19797","34883","17040","42851","17906","-","**","52904","80172","38854","44723","-","**","(X)","(X)","(X)","(X)","(X)","(X)"
"1400000US36081085700","Census Tract 857, Queens County, New York","1830","119","17.7","6.4","4.0","2.4","0.0","1.8","66.8","7.4","0.0","1.8","6.1","4.3","5.4","4.4","15.9","5.3","6.6","4.0","1.3","1.8","34.3","5.7","41.5","7.8","23.0","6.9","1334","140","37.9","9.7","62.1","9.7","72.9","8.5","16.7","6.1","10.4","6.7","496","130","64.1","14.4","40.3","14.5","23.8","13.9","35.9","14.4","26.8","12.9","9.1","9.4","35.8","(X)","31.6","(X)","37.9","(X)","37245","7686","46094","12987","16139","928","-","**","33996","8712","-","**","61477","51994","35596","22423","50174","8621","54500","42548","-","**","51392","19600","40000","13859","20429","8766","36824","5881","35911","6806","38542","11836","36500","5326","43472","26769","39375","15415","17473","61380","16162","5107","15423","6725","61477","34380","61250","75012","60469","62117","-","**","(X)","(X)","(X)","(X)","(X)","(X)"
"1400000US36081085900","Census Tract 859, Queens County, New York","1923","128","30.9","5.1","0.7","1.0","3.8","4.5","60.2","7.6","0.0","1.7","1.8","2.9","2.7","3.2","9.0","3.2","23.7","4.9","2.5","2.3","34.8","6.4","38.8","6.9","23.9","4.9","1382","174","39.3","8.1","60.7","8.1","77.3","8.0","20.0","7.9","2.7","2.6","541","148","61.6","16.0","54.0","16.6","7.6","9.1","38.4","16.0","19.8","10.2","18.7","14.6","39.1","(X)","39.0","(X)","39.4","(X)","40399","8975","39333","24792","-","**","-","**","39896","17352","-","**","-","**","-","**","53179","38319","33385","13901","27600","47070","62599","13732","43359","12096","20962","6254","39890","13932","48510","24586","38862","10606","43125","13976","33810","12044","76375","28094","34115","19372","22212","17337","21603","12973","-","**","62632","28031","45446","26533","64178","132011","(X)","(X)","(X)","(X)","(X)","(X)"
"1400000US36081086100","Census Tract 861, Queens County, New York","887","46","20.3","5.0","3.4","3.2","0.0","3.6","70.2","6.1","0.0","3.6","3.6","3.2","2.5","2.9","12.4","5.3","12.1","4.0","0.6","1.1","32.0","8.9","48.4","10.1","19.1","6.8","644","69","29.5","10.2","70.5","10.2","70.3","10.7","24.1","10.4","5.6","3.8","243","69","72.0","19.2","60.5","20.4","11.5","10.4","28.0","19.2","21.0","16.6","7.0","10.7","42.7","(X)","42.9","(X)","42.4","(X)","53942","16345","52813","20692","6667","26075","-","**","60474","27996","-","**","109333","18230","-","**","67727","43551","48542","22944","-","**","55714","20732","63021","18490","24250","16676","56375","16508","41500","7127","69022","33981","55188","24284","54750","121628","64583","5427","39095","23733","38578","23051","37974","25059","81250","82548","48750","76625","17083","57007","-","**","(X)","(X)","(X)","(X)","(X)","(X)"
"1400000US36081086300","Census Tract 863, Queens County, New York","2624","147","10.8","3.3","4.4","2.9","0.8","1.3","74.8","5.1","0.0","1.2","9.3","4.9","0.0","1.2","15.6","4.8","5.6","2.6","5.4","3.6","36.1","6.8","40.9","6.6","17.6","4.6","1713","229","38.1","8.8","61.9","8.8","68.4","9.4","18.8","8.1","12.8","6.8","911","218","68.6","14.6","61.4","15.5","7.2","5.2","31.4","14.6","23.2","14.4","8.2","6.8","33.1","(X)","33.6","(X)","32.1","(X)","29665","5453","42639","12248","12171","67780","-","**","27440","4343","-","**","36801","15140","-","**","40119","10854","51696","28346","11278","23222","36014","6515","28255","10051","17109","17023","33047","5449","30915","6122","36354","9092","36694","7480","23547","5397","26194","7261","16992","16154","15273","14138","13977","11797","41667","57286","24891","14685","24185","15004","33516","147423","(X)","(X)","(X)","(X)","(X)","(X)"
"1400000US36081086400","Census Tract 864, Queens County, New York","777","53","46.5","10.9","8.0","4.5","0.5","0.7","21.2","7.2","0.0","4.1","17.4","7.6","6.4","5.8","34.0","6.8","33.1","8.2","2.1","2.8","39.0","11.3","46.7","10.6","12.2","4.9","580","73","44.3","13.6","55.7","13.6","66.7","10.2","21.6","7.8","11.7","6.1","197","64","60.4","21.6","39.1","21.3","21.3","19.6","39.6","21.6","26.9","18.8","12.7","12.1","54.6","(X)","59.7","(X)","39.6","(X)","68199","14003","60804","18247","98594","53033","-","**","41328","15215","-","**","74148","4836","113264","13153","72833","33438","70208","20196","-","**","68750","20439","62411","25029","69583","37171","79107","15603","68403","27744","86771","13354","77891","18444","87546","63661","85625","31072","41845","12419","40060","16466","40536","26379","32100","21097","56667","17325","55104","45080","61339","5444","(X)","(X)","(X)","(X)","(X)","(X)"
"1400000US36081086500","Census Tract 865, Queens County, New York","1888","128","32.9","5.8","0.0","1.7","1.3","2.1","63.6","6.1","0.0","1.7","0.5","0.8","1.6","2.0","9.7","3.9","23.7","6.2","0.8","1.2","22.6","5.3","45.9","6.0","30.7","4.5","1021","153","15.9","6.9","84.1","6.9","66.5","10.6","18.7","7.6","14.8","9.1","867","160","68.7","9.5","50.3","11.3","18.5","10.2","31.3","9.5","25.1","8.4","6.1","6.2","47.1","(X)","47.1","(X)","43.1","(X)","40156","7833","48938","22549","-","**","-","**","36018","10284","-","**","-","**","-","**","53553","20023","46131","33650","-","**","37500","15488","48750","15703","19201","7153","41556","4328","31250","9777","43255","6118","40268","17720","43203","8390","41096","14848","25673","11055","25776","27976","13875","27681","48026","78668","25590","11486","22250","26270","25938","36169","(X)","(X)","(X)","(X)","(X)","(X)"
"1400000US36081086900","Census Tract 869, Queens County, New York","825","91","1.8","2.3","1.8","3.0","5.8","7.7","74.3","12.5","0.0","3.9","4.6","4.4","11.6","9.5","9.1","6.1","0.0","3.9","2.9","3.4","63.2","11.2","23.5","9.6","10.4","5.9","516","126","36.0","15.9","64.0","15.9","78.9","10.9","11.2","8.3","9.9","7.6","309","91","41.7","15.1","28.5","13.6","13.3","10.8","58.3","15.1","32.0","15.3","26.2","14.6","42.5","(X)","39.7","(X)","41.7","(X)","49886","9591","-","**","-","**","-","**","40662","13075","-","**","77625","92720","68103","24986","49716","43696","-","**","4500","24608","52948","8839","55357","22357","20577","3517","53962","9559","54010","23882","53500","31434","54505","10497","35556","31924","78063","73362","31741","23962","16719","28329","15625","17208","99688","206953","47727","38004","31652","20848","67054","158202","(X)","(X)","(X)","(X)","(X)","(X)"
"1400000US36081087100","Census Tract 871, Queens County, New York","768","80","19.7","8.3","27.1","7.1","0.0","4.1","30.5","8.5","0.0","4.1","22.0","9.6","0.8","1.1","37.9","10.1","4.2","3.5","0.8","1.1","31.4","10.3","43.2","9.5","24.6","8.7","468","92","44.2","14.4","55.8","14.4","33.1","12.4","63.0","11.0","3.8","4.5","300","80","64.3","16.1","48.0","18.7","16.3","15.2","35.7","16.1","33.7","15.4","2.0","3.6","47.9","(X)","56.8","(X)","34.0","(X)","21154","6849","14491","15155","23382","17690","-","**","38929","20370","-","**","15341","14034","-","**","11641","5504","26389","1153","-","**","21563","10898","36429","16255","14201","3419","23261","6857","14917","12542","31058","14786","35774","9280","17321","9570","-","**","14388","11515","13546","10449","12653","5760","250,000+","***","19926","35148","19485","28933","-","**","(X)","(X)","(X)","(X)","(X)","(X)"
"1400000US36081088400","Census Tract 884, Queens County, New York","2751","170","95.1","3.0","0.0","1.2","0.0","1.2","1.6","1.4","0.0","1.2","0.5","0.8","2.8","2.5","11.2","4.2","87.3","4.2","0.0","1.2","24.8","6.0","39.7","5.8","35.6","6.1","1886","228","38.7","7.6","61.3","7.6","72.8","7.2","20.8","6.2","6.4","4.9","865","191","73.1","13.1","65.7","13.0","7.4","7.0","26.9","13.1","24.6","12.2","2.3","3.3","51.3","(X)","50.4","(X)","50.1","(X)","75923","6837","76005","6317","-","**","-","**","16083","29133","-","**","-","**","91386","21060","57482","26228","77138","4243","-","**","87917","39371","90135","20350","39493","10106","79313","9753","79674","33015","78650","12245","88102","16521","57115","41937","76186","22489","37457","10706","35862","3541","34872","5894","126172","52325","80691","13675","80033","10664","-","**","(X)","(X)","(X)","(X)","(X)","(X)"
"1400000US36081088901","Census Tract 889.01, Queens County, New York","4026","276","38.9","6.2","6.5","3.0","0.0","0.8","47.9","6.4","0.0","0.8","6.1","3.2","0.6","1.0","12.2","4.1","33.2","6.4","2.2","2.0","26.2","6.6","44.3","6.7","27.3","4.5","2556","313","31.7","8.4","68.3","8.4","60.4","8.0","31.4","7.3","8.3","5.4","1470","266","67.6","11.0","56.0","11.3","11.6","8.1","32.4","11.0","31.6","11.1","0.7","1.4","34.9","(X)","44.1","(X)","18.8","(X)","41379","7823","41421","8952","25650","19340","-","**","52254","8040","-","**","20092","17468","-","**","21897","2421","41694","10696","31942","32837","50347","13214","52162","7092","25160","3763","47982","10818","44844","19233","48092","10991","50821","6948","40738","11561","42247","46179","26463","5358","25432","4076","23341","4045","83207","126983","37308","35433","36250","33728","-","**","(X)","(X)","(X)","(X)","(X)","(X)"
"1400000US36081089200","Census Tract 892, Queens County, New York","2866","124","99.1","1.3","0.0","1.1","0.0","1.1","0.9","1.2","0.0","1.1","0.0","0.4","0.0","1.1","6.4","3.8","92.7","4.1","0.6","0.9","18.6","5.4","42.4","6.5","38.4","7.0","2416","207","28.1","7.0","71.9","7.0","81.5","6.0","11.8","5.0","6.7","4.5","450","164","55.1","16.7","41.3","17.9","13.8","11.6","44.9","16.7","44.9","16.7","0.0","7.0","47.2","(X)","47.8","(X)","40.9","(X)","90362","16114","90099","16324","-","**","-","**","-","**","-","**","-","**","-","**","107024","61154","85313","15465","-","**","116792","41111","92778","24158","53148","12123","96899","16209","110148","24533","87422","28520","102965","16453","124881","48613","78194","10482","40139","15671","30147","18435","21484","11927","157941","150063","49000","23745","49000","23745","-","**","(X)","(X)","(X)","(X)","(X)","(X)"
"1400000US36081090700","Census Tract 907, Queens County, New York","420","63","62.4","12.8","2.4","3.6","0.0","7.4","18.3","14.0","0.0","7.4","14.0","14.0","2.9","2.9","20.7","15.6","57.9","13.4","0.0","7.4","13.1","7.8","47.6","14.8","39.3","12.8","253","58","43.1","14.2","56.9","14.2","81.0","11.2","19.0","11.2","0.0","12.0","167","67","62.3","29.6","62.3","29.6","0.0","17.6","37.7","29.6","37.7","29.6","0.0","17.6","48.8","(X)","58.1","(X)","34.7","(X)","31689","11767","46500","21521","-","**","-","**","31434","20272","-","**","-","**","61250","47747","22314","81334","38194","21307","-","**","59750","42971","31486","15014","27583","16720","57589","17637","48938","14634","60000","12430","59018","15316","35500","22177","-","**","22139","5120","30074","13785","30074","13785","-","**","21144","607","21144","607","-","**","(X)","(X)","(X)","(X)","(X)","(X)"
"1400000US36081091601","Census Tract 916.01, Queens County, New York","1701","128","99.1","1.3","0.0","1.9","0.0","1.9","0.0","1.9","0.0","1.9","0.0","1.9","0.9","1.3","1.2","1.4","97.9","1.9","0.0","1.9","12.4","3.0","46.4","4.5","41.2","4.2","1173","124","36.1","5.9","63.9","5.9","81.7","6.2","11.9","4.4","6.4","4.3","528","109","72.5","8.9","69.1","8.7","3.4","4.4","27.5","8.9","23.9","8.1","3.6","3.9","31.9","(X)","31.7","(X)","32.2","(X)","87636","8078","87861","7030","-","**","-","**","-","**","-","**","-","**","-","**","-","**","87545","8578","-","**","140893","33227","102000","8125","51667","14658","102724","7685","134107","22266","88962","4550","106250","29742","80795","39832","104306","49067","42500","8455","33375","25417","30536","19074","-","**","44620","11074","43587","8732","-","**","(X)","(X)","(X)","(X)","(X)","(X)"
"1400000US36081091602","Census Tract 916.02, Queens County, New York","0","12","-","**","-","**","-","**","-","**","-","**","-","**","-","**","-","**","-","**","-","**","-","**","-","**","-","**","0","12","-","**","-","**","-","**","-","**","-","**","0","12","-","**","-","**","-","**","-","**","-","**","-","**","-","(X)","-","(X)","-","(X)","-","**","-","**","-","**","-","**","-","**","-","**","-","**","-","**","-","**","-","**","-","**","-","**","-","**","-","**","-","**","-","**","-","**","-","**","-","**","-","**","-","**","-","**","-","**","-","**","-","**","-","**","-","**","(X)","(X)","(X)","(X)","(X)","(X)"
"1400000US36081091800","Census Tract 918, Queens County, New York","12","11","100.0","85.6","0.0","85.6","0.0","85.6","0.0","85.6","0.0","85.6","0.0","85.6","0.0","85.6","0.0","85.6","100.0","85.6","0.0","85.6","0.0","85.6","25.0","62.9","75.0","62.9","3","6","0.0","100.0","100.0","100.0","100.0","100.0","0.0","100.0","0.0","100.0","9","13","100.0","98.9","100.0","98.9","0.0","98.9","0.0","98.9","0.0","98.9","0.0","98.9","25.0","(X)","100.0","(X)","0.0","(X)","-","**","-","**","-","**","-","**","-","**","-","**","-","**","-","**","-","**","-","**","-","**","-","**","-","**","-","**","-","**","-","**","-","**","-","**","-","**","-","**","-","**","-","**","-","**","-","**","-","**","-","**","-","**","(X)","(X)","(X)","(X)","(X)","(X)"
"1400000US36081091900","Census Tract 919, Queens County, New York","1759","105","47.4","7.7","0.5","0.8","0.6","1.0","24.8","6.2","0.0","1.8","24.9","8.2","1.8","1.7","33.8","8.1","38.5","6.9","0.0","1.8","41.6","7.7","39.2","8.2","19.2","5.8","1311","155","43.2","9.4","56.8","9.4","69.9","8.7","21.1","7.1","9.0","5.7","448","129","64.1","18.1","45.8","17.1","18.3","11.5","35.9","18.1","12.7","10.3","23.2","16.4","36.2","(X)","37.7","(X)","29.9","(X)","58875","15054","65882","24297","-","**","-","**","42237","31345","-","**","54600","41660","21635","15377","53400","32181","75313","42853","-","**","61389","38088","64250","37595","46295","22161","61875","23347","45938","15619","88750","30147","64167","23170","90170","75368","36700","22137","39032","12127","34402","8543","29766","7146","67778","56241","65662","49432","32011","37651","89239","48408","(X)","(X)","(X)","(X)","(X)","(X)"
"1400000US36081092200","Census Tract 922, Queens County, New York","779","55","100.0","4.1","0.0","4.1","0.0","4.1","0.0","4.1","0.0","4.1","0.0","4.1","0.0","4.1","0.0","4.1","100.0","4.1","0.0","4.1","16.4","6.2","57.6","10.5","25.9","7.8","595","74","35.6","11.9","64.4","11.9","86.7","9.9","12.4","9.8","0.8","1.4","184","70","59.2","16.9","54.9","16.9","4.3","5.4","40.8","16.9","40.8","16.9","0.0","16.1","46.9","(X)","45.2","(X)","52.2","(X)","114784","27569","114784","27569","-","**","-","**","-","**","-","**","-","**","-","**","-","**","114784","27569","-","**","104545","98202","114181","35137","121818","36510","139632","25044","146759","33092","128750","34374","145833","25977","114655","32752","-","**","24688","24533","24648","22631","24336","14299","-","**","30156","92901","30156","92901","-","**","(X)","(X)","(X)","(X)","(X)","(X)"
"1400000US36081092500","Census Tract 925, Queens County, New York","1144","117","50.5","9.1","3.2","2.7","2.0","3.5","18.7","7.8","0.0","2.8","23.6","9.5","1.9","2.2","40.6","10.2","36.7","7.9","2.5","3.6","43.1","11.0","41.6","10.2","12.8","6.0","792","123","52.8","12.8","47.2","12.8","69.6","10.3","25.9","10.0","4.5","3.4","352","110","63.9","15.6","48.6","18.8","15.3","14.8","36.1","15.6","30.4","14.7","5.7","9.6","32.4","(X)","31.7","(X)","34.1","(X)","49556","9570","49300","15436","21094","52393","-","**","52500","20117","-","**","45341","38634","-","**","46761","13114","48750","20032","-","**","47861","6787","55101","17198","68788","20987","55000","11924","43542","17713","68864","7371","55190","10778","44028","38779","250,000+","***","39000","17387","22028","26821","22159","36454","21985","69033","51397","11114","55298","20818","-","**","(X)","(X)","(X)","(X)","(X)","(X)"
"1400000US36081092800","Census Tract 928, Queens County, New York","1182","78","98.2","2.1","0.0","2.7","0.7","1.1","0.0","2.7","0.0","2.7","0.0","2.7","1.1","1.7","2.8","3.0","95.4","3.7","0.0","2.7","12.7","5.7","60.2","6.7","27.1","4.8","946","89","42.0","7.3","58.0","7.3","90.5","5.6","8.8","5.6","0.7","1.3","236","66","57.2","15.3","53.8","16.8","3.4","5.1","42.8","15.3","42.8","15.3","0.0","12.8","34.3","(X)","37.0","(X)","23.7","(X)","127609","16660","128750","17619","-","**","-","**","-","**","-","**","-","**","-","**","-","**","126765","17127","-","**","144907","18615","150417","25950","57372","4181","142917","15944","150063","28884","121089","9636","143843","9800","120707","42580","-","**","55109","20468","56033","4516","55917","13978","-","**","39962","301198","39962","301973","-","**","(X)","(X)","(X)","(X)","(X)","(X)"
"1400000US36081092900","Census Tract 929, Queens County, New York","2047","197","40.0","8.9","3.1","3.4","1.4","2.2","28.5","7.0","0.0","1.6","26.3","8.6","0.8","1.2","35.6","8.6","28.7","7.5","0.0","1.6","35.8","8.2","49.6","8.5","14.6","5.9","1631","236","38.0","9.6","62.0","9.6","63.8","9.2","23.4","8.8","12.8","8.0","416","178","38.2","20.9","38.2","20.9","0.0","7.5","61.8","20.9","27.9","20.1","33.9","23.2","33.9","(X)","35.3","(X)","25.0","(X)","63242","16788","75343","8805","51188","66094","-","**","69632","18031","-","**","51282","7392","-","**","54104","15079","75270","8498","-","**","58750","33014","68529","14724","41917","21794","65709","12566","54494","10773","72333","17073","70750","14654","53839","16795","66691","115799","42429","19732","75518","51214","75518","51214","-","**","41821","10009","41000","60256","41958","11161","(X)","(X)","(X)","(X)","(X)","(X)"
"1400000US36081093401","Census Tract 934.01, Queens County, New York","1445","128","98.3","1.9","0.0","2.2","0.0","2.2","0.6","0.9","0.0","2.2","1.1","1.7","0.0","2.2","7.8","5.8","91.6","6.1","0.0","2.2","37.5","8.0","33.5","8.6","29.0","8.9","989","144","54.7","11.8","45.3","11.8","82.4","9.6","8.6","6.9","9.0","7.3","456","131","46.9","16.3","46.9","16.3","0.0","6.9","53.1","16.3","47.6","16.6","5.5","6.3","40.3","(X)","36.9","(X)","47.6","(X)","88648","16668","89125","18201","-","**","-","**","-","**","-","**","-","**","-","**","32700","72325","90100","20321","-","**","79100","21799","143043","41838","65481","33163","112656","17116","157902","64095","76481","10406","122011","39009","85469","49273","24770","32292","55294","34049","61719","28935","61719","28935","-","**","38611","36223","38935","39808","-","**","(X)","(X)","(X)","(X)","(X)","(X)"
"1400000US36081093402","Census Tract 934.02, Queens County, New York","1639","157","87.0","7.7","6.6","5.4","0.0","2.0","3.2","3.0","0.0","2.0","1.5","2.6","1.6","2.7","9.3","5.6","79.2","7.1","0.0","2.0","42.8","9.2","41.5","8.7","15.6","5.3","906","172","44.3","14.0","55.7","14.0","88.6","5.9","10.8","5.8","0.6","1.1","733","146","44.3","14.0","37.0","14.1","7.4","7.1","55.7","14.0","44.2","14.4","11.5","10.4","51.6","(X)","55.0","(X)","47.3","(X)","80907","8660","79635","9248","41375","121360","-","**","192546","232747","-","**","-","**","-","**","85938","49860","79740","7975","-","**","91400","24988","79967","5916","34531","10007","101250","27732","111518","24626","92639","24802","110208","26289","57763","61517","-","**","49201","20629","64539","32342","48487","52084","145962","61801","44375","16812","43125","15133","131111","179106","(X)","(X)","(X)","(X)","(X)","(X)"
"1400000US36081093800","Census Tract 938, Queens County, New York","2301","180","82.1","7.4","12.1","6.2","0.0","1.4","0.0","1.4","0.0","1.4","5.8","4.3","0.0","1.4","10.3","5.2","78.4","7.6","0.6","1.0","29.8","7.2","38.6","7.2","31.0","6.0","1210","197","46.4","11.8","53.6","11.8","74.5","9.5","13.4","8.8","12.1","6.4","1091","204","62.5","11.3","60.6","11.5","1.9","2.5","37.5","11.3","35.9","11.2","1.6","2.2","41.2","(X)","50.8","(X)","30.5","(X)","47161","17620","44265","18872","60927","43296","-","**","-","**","-","**","50938","18389","-","**","46016","9408","46094","25341","-","**","51484","21830","66649","10951","24350","10511","71015","5302","61855","29200","74615","9642","72454","8521","35714","19256","71201","13594","24750","6805","19054","5504","18699","4636","-","**","29097","44082","27917","30828","-","**","(X)","(X)","(X)","(X)","(X)","(X)"
"1400000US36081093900","Census Tract 939, Queens County, New York","1666","96","52.9","6.1","0.5","0.7","0.0","1.9","34.7","6.5","0.0","1.9","10.8","3.1","1.1","1.7","19.4","5.5","44.4","6.6","0.0","1.9","45.3","7.2","31.2","7.4","23.5","5.6","1143","139","48.6","10.1","51.4","10.1","64.0","7.8","23.3","7.6","12.8","5.9","523","122","69.2","12.7","67.5","12.7","1.7","3.2","30.8","12.7","23.7","11.7","7.1","7.4","35.8","(X)","40.6","(X)","20.8","(X)","68929","13640","55074","22660","-","**","-","**","88214","16730","-","**","81000","41157","-","**","74598","26739","46490","17050","-","**","74598","19905","80023","21679","35714","55363","88386","12980","66019","30091","97188","17357","95625","19765","39919","24443","95417","14730","41648","16842","29286","38174","28964","33876","-","**","42716","6404","44310","10834","40398","13432","(X)","(X)","(X)","(X)","(X)","(X)"
"1400000US36081094201","Census Tract 942.01, Queens County, New York","1258","79","47.4","8.6","34.6","7.8","0.0","2.5","5.8","5.0","0.0","2.5","11.8","5.8","0.5","0.8","34.9","9.2","28.4","7.7","1.4","2.3","51.4","8.7","40.5","9.7","6.8","4.9","882","129","55.0","9.7","45.0","9.7","34.8","9.9","47.3","11.2","17.9","10.8","376","112","57.4","17.5","44.1","17.3","13.3","12.8","42.6","17.5","30.1","15.5","12.5","9.6","57.2","(X)","61.2","(X)","47.9","(X)","56912","10545","71531","17902","55819","9453","-","**","54844","75881","-","**","18571","49117","-","**","50474","30591","78274","36746","-","**","63259","10345","52500","29007","47750","18945","58618","12282","56164","9234","63781","33770","76283","18617","34727","11086","101042","37725","51990","13171","33958","34669","21985","15006","102596","102630","64286","18582","51767","20206","-","**","(X)","(X)","(X)","(X)","(X)","(X)"
"1400000US36081094202","Census Tract 942.02, Queens County, New York","1685","109","40.8","7.8","42.7","8.3","0.0","1.9","8.7","4.1","0.0","1.9","4.7","3.6","3.0","2.9","28.5","7.9","25.5","6.8","1.5","2.0","54.0","8.7","40.1","8.4","4.5","3.5","1269","137","55.1","9.4","44.9","9.4","38.0","8.8","56.9","9.6","5.1","4.3","416","111","43.8","14.8","32.5","15.5","11.3","11.5","56.3","14.8","51.4","15.4","4.8","5.3","44.6","(X)","48.2","(X)","28.4","(X)","50602","15500","66042","26977","29561","12906","-","**","120966","49148","-","**","51111","34076","21477","89876","30921","12608","84583","30222","-","**","44076","17006","62917","25911","11477","76207","39205","14049","30694","18668","55658","29241","120128","49601","22241","7513","57039","45360","70625","34170","60909","40155","32434","29477","167650","182184","72375","51230","72250","55200","-","**","(X)","(X)","(X)","(X)","(X)","(X)"
"1400000US36081094203","Census Tract 942.03, Queens County, New York","2563","100","67.5","6.5","22.9","5.3","0.0","1.3","2.9","2.6","0.0","1.3","4.5","3.0","2.1","1.4","14.7","3.5","60.8","6.6","0.0","1.3","25.6","5.4","45.2","6.3","29.1","5.0","1417","208","37.8","9.2","62.2","9.2","49.9","9.6","39.2","8.6","10.9","7.5","1146","189","56.5","9.8","50.7","9.8","5.8","5.2","43.5","9.8","41.6","9.4","1.8","2.0","45.0","(X)","56.6","(X)","30.6","(X)","46178","3995","44455","4981","51525","11236","-","**","65054","87268","-","**","46295","17221","53523","77413","56744","18801","43896","6018","-","**","52132","16620","51782","10791","34313","16899","58413","11834","55217","24447","62839","13677","55142","16696","58413","18641","68170","1886","29127","6002","28220","4511","27299","2783","100573","71620","33333","15094","30625","12852","-","**","(X)","(X)","(X)","(X)","(X)","(X)"
"1400000US36081094500","Census Tract 945, Queens County, New York","1336","101","71.8","7.8","3.8","4.1","0.0","2.4","16.4","5.0","0.0","2.4","6.7","4.6","1.3","2.0","18.0","7.3","63.8","8.7","0.0","2.4","25.7","6.7","48.1","8.4","26.3","6.3","931","127","36.5","9.5","63.5","9.5","86.3","7.2","13.7","7.2","0.0","3.4","405","117","29.4","13.1","27.2","12.9","2.2","3.5","70.6","13.1","54.3","16.1","16.3","11.5","35.9","(X)","42.0","(X)","21.7","(X)","64688","16000","63906","15637","-","**","-","**","54792","14717","-","**","111250","144607","-","**","74557","27510","61250","15037","-","**","60163","20803","108750","36578","47969","16282","72888","25563","54924","43199","73836","18406","78378","20360","53900","12625","-","**","61359","17678","34625","53407","53250","63760","-","**","67583","17875","56176","39585","73426","22090","(X)","(X)","(X)","(X)","(X)","(X)"
"1400000US36081094700","Census Tract 947, Queens County, New York","760","80","56.6","8.6","2.4","2.0","0.0","4.2","17.0","6.5","0.0","4.2","23.6","8.8","0.5","0.9","33.3","8.4","49.2","8.0","5.0","5.1","49.1","10.3","23.3","7.1","22.6","7.5","513","84","56.7","11.5","43.3","11.5","73.9","10.2","21.2","9.2","4.9","5.7","247","61","59.1","17.2","39.7","16.0","19.4","14.3","40.9","17.2","18.6","12.6","22.3","16.5","49.9","(X)","39.0","(X)","64.0","(X)","61983","12827","61447","16341","42500","67983","-","**","75461","23490","-","**","54464","25824","-","**","61696","17492","59318","17070","4583","27028","71325","3174","67750","40280","47833","19771","61382","17409","62232","19205","59545","22965","71510","11005","52679","21995","-","**","51438","17747","37000","29320","35500","28536","51364","74804","70614","6963","51389","19001","-","**","(X)","(X)","(X)","(X)","(X)","(X)"
"1400000US36081095400","Census Tract 954, Queens County, New York","1546","130","26.5","7.0","58.0","7.5","1.0","1.6","5.1","3.4","0.0","2.1","9.4","3.8","0.0","2.1","18.5","5.1","18.7","6.0","2.3","2.5","40.7","7.6","43.5","9.0","13.6","5.7","1213","146","52.8","11.5","47.2","11.5","47.8","10.2","43.4","10.0","8.8","5.3","333","118","49.5","19.2","46.8","18.1","2.7","4.3","50.5","19.2","34.5","20.0","15.9","13.2","62.9","(X)","63.2","(X)","58.3","(X)","62772","10827","64127","6598","65050","22911","-","**","48625","125489","-","**","32021","51376","-","**","61286","16264","64886","33128","16989","49260","39013","20657","72206","33263","71136","20003","63202","9387","49875","28417","67609","12150","90000","37214","34670","17172","48646","49434","27228","38032","35795","57568","24896","63378","-","**","26848","43889","23967","9744","86563","75184","(X)","(X)","(X)","(X)","(X)","(X)"
"1400000US36081096400","Census Tract 964, Queens County, New York","1188","87","11.1","5.4","74.0","7.5","1.6","2.6","1.8","2.0","0.0","2.7","9.3","5.9","2.2","2.4","19.9","6.9","1.9","1.8","0.8","1.4","52.6","8.6","33.0","7.8","13.6","5.1","979","105","54.1","10.5","45.9","10.5","52.7","9.0","39.7","9.4","7.6","5.9","209","76","37.3","19.9","37.3","19.9","0.0","14.4","62.7","19.9","62.7","19.9","0.0","14.4","55.1","(X)","56.1","(X)","31.6","(X)","71685","11685","46818","51141","74508","9562","-","**","-","**","-","**","55114","22415","121667","137955","68947","23281","-","**","-","**","70304","19639","81694","15722","40781","38152","63313","19290","36154","40314","75795","17171","88947","19901","31464","14841","76528","153649","80524","6930","72727","19391","72727","19391","-","**","82137","14399","82137","14399","-","**","(X)","(X)","(X)","(X)","(X)","(X)"
"1400000US36081097202","Census Tract 972.02, Queens County, New York","837","91","26.4","6.6","68.5","7.5","0.0","3.8","0.0","3.8","0.0","3.8","5.1","4.2","0.0","3.8","26.8","6.6","6.9","4.4","9.3","6.9","33.8","8.3","44.7","8.9","12.2","4.5","561","92","62.7","9.9","37.3","9.9","27.8","10.0","66.0","10.7","6.2","5.0","276","80","69.9","14.8","67.0","15.4","2.9","4.5","30.1","14.8","30.1","14.8","0.0","11.1","49.0","(X)","50.6","(X)","45.7","(X)","22366","7894","16339","10244","25767","4885","-","**","-","**","-","**","8352","6362","-","**","10800","4431","58438","62741","2,500-","***","16518","9263","34265","9201","20000","8555","27318","4739","23333","7278","41806","13474","82778","94540","23750","11039","41250","36316","9184","3769","8750","6935","8494","5414","-","**","10380","5772","10380","5772","-","**","(X)","(X)","(X)","(X)","(X)","(X)"
"1400000US36081097203","Census Tract 972.03, Queens County, New York","2286","163","14.3","7.0","67.3","9.0","0.0","1.4","4.8","2.6","0.0","1.4","13.6","7.4","0.0","1.4","31.1","9.6","2.1","2.5","2.0","2.2","43.3","8.6","36.7","8.0","18.1","6.3","1586","217","64.8","10.0","35.2","10.0","19.6","8.1","68.3","9.5","12.0","7.6","700","191","70.1","15.1","70.1","15.1","0.0","4.5","29.9","15.1","27.1","13.8","2.7","4.3","47.4","(X)","51.0","(X)","33.0","(X)","17763","7586","12263","12134","20168","9062","-","**","9356","11608","-","**","29049","19739","-","**","20187","14309","-","**","6875","12346","20747","14877","22442","11906","15486","4018","22130","8015","14821","13833","30091","8333","51417","49699","20619","11037","28288","17310","12857","5576","9732","6231","9732","6231","-","**","15069","24641","14318","11002","-","**","(X)","(X)","(X)","(X)","(X)","(X)"
"1400000US36081097204","Census Tract 972.04, Queens County, New York","1059","78","5.9","5.1","78.4","6.2","0.0","3.0","0.9","1.6","0.0","3.0","9.6","4.4","5.1","4.5","19.4","6.3","2.5","2.7","1.5","2.3","28.5","9.7","51.8","9.1","18.1","7.7","627","121","41.6","14.7","58.4","14.7","29.8","14.1","68.3","14.2","1.9","3.0","432","116","62.0","18.3","55.8","16.5","6.3","8.9","38.0","18.3","31.7","16.4","6.3","8.0","45.3","(X)","52.8","(X)","25.9","(X)","44821","17614","32083","22581","46296","17065","-","**","-","**","-","**","34143","27924","56944","31853","34023","24806","-","**","-","**","54191","14374","38194","29451","46019","18724","44821","24406","34950","13744","68071","28294","62375","23216","34795","14819","-","**","42500","22141","46019","22505","39375","40642","-","**","36125","53337","34679","85414","-","**","(X)","(X)","(X)","(X)","(X)","(X)"
"1400000US36081097300","Census Tract 973, Queens County, New York","756","35","85.2","6.1","0.0","4.2","0.0","4.2","9.5","4.6","0.0","4.2","5.3","3.9","0.0","4.2","20.2","10.1","70.2","10.0","0.0","4.2","16.1","7.8","44.3","10.4","39.6","9.3","563","76","36.4","11.3","63.6","11.3","87.4","8.2","10.8","7.7","1.8","2.0","193","75","67.4","23.9","67.4","23.9","0.0","15.4","32.6","23.9","32.6","23.9","0.0","15.4","33.1","(X)","29.5","(X)","43.5","(X)","93533","22513","103333","24020","-","**","-","**","51429","58833","-","**","37969","37612","-","**","39922","126393","112750","22973","-","**","129063","24888","110703","70287","39856","25389","108365","22711","113523","24784","78750","47434","111094","18813","34083","87406","-","**","29327","15539","25417","15799","25417","15799","-","**","157250","334448","157250","345209","-","**","(X)","(X)","(X)","(X)","(X)","(X)"
"1400000US36081098100","Census Tract 981, Queens County, New York","801","46","71.4","9.4","0.0","4.0","0.0","4.0","20.1","7.7","0.0","4.0","8.5","7.6","0.0","4.0","12.9","7.6","67.0","9.5","0.0","4.0","27.7","7.7","48.4","9.4","23.8","6.2","627","76","39.6","9.7","60.4","9.7","83.6","7.9","12.3","6.5","4.1","4.7","174","62","55.7","20.2","53.4","19.9","2.3","4.2","44.3","20.2","41.4","20.2","2.9","4.7","28.3","(X)","27.0","(X)","30.5","(X)","73839","9943","71786","16479","-","**","-","**","95750","80241","-","**","77870","56610","-","**","78346","45069","71339","20550","-","**","111538","51497","72353","10379","32462","4122","79782","9989","110192","63056","73661","13015","82917","15020","71625","56421","-","**","30345","6464","17031","20780","16823","17583","-","**","38458","4829","38250","7174","-","**","(X)","(X)","(X)","(X)","(X)","(X)"
"1400000US36081098700","Census Tract 987, Queens County, New York","966","51","88.3","6.3","0.0","3.3","0.0","3.3","9.6","5.7","0.0","3.3","2.1","3.2","0.0","3.3","11.1","6.0","79.3","8.0","0.5","0.8","32.0","7.6","40.7","8.2","26.8","6.0","737","75","48.6","10.0","51.4","10.0","77.1","9.0","15.6","8.2","7.3","6.6","229","77","49.3","21.2","45.4","20.0","3.9","6.4","50.7","21.2","49.8","20.8","0.9","3.1","29.8","(X)","33.0","(X)","19.7","(X)","85678","5458","86081","4302","-","**","-","**","95313","124966","-","**","-","**","-","**","46813","34752","86483","3972","-","**","89081","22525","86420","14225","55250","36145","89519","15332","98750","24617","86417","17921","95625","18087","85170","57592","154375","170438","46336","14860","32083","14563","30833","11140","-","**","60577","38141","60385","37810","-","**","(X)","(X)","(X)","(X)","(X)","(X)"
"1400000US36081099100","Census Tract 991, Queens County, New York","2926","131","85.3","4.7","0.0","1.1","0.0","1.1","7.8","3.2","0.0","1.1","1.2","1.5","5.7","3.9","14.0","5.5","73.2","6.5","0.0","1.1","24.5","6.1","40.9","6.7","34.6","5.3","1912","212","34.2","7.3","65.8","7.3","72.8","9.2","20.6","8.0","6.6","5.2","1014","198","78.8","9.7","74.8","10.8","4.0","4.4","21.2","9.7","21.2","9.7","0.0","3.2","24.9","(X)","27.1","(X)","20.7","(X)","90656","14191","91373","15045","-","**","-","**","58661","60958","-","**","-","**","74524","88988","102599","22801","83333","20726","-","**","101739","32495","108343","13204","44250","21426","104145","12973","117045","32570","98561","21335","99600","26127","108383","9507","94460","74496","52100","21213","53750","35547","43542","35402","-","**","51775","19979","51775","19979","-","**","(X)","(X)","(X)","(X)","(X)","(X)"
"1400000US36081099200","Census Tract 992, Queens County, New York","1102","86","26.2","7.3","59.8","7.9","0.0","2.9","0.0","2.9","0.0","2.9","9.4","7.6","4.5","4.4","26.4","6.8","12.5","5.8","8.9","5.7","35.9","8.3","43.9","9.0","11.3","4.7","774","113","64.6","11.7","35.4","11.7","43.7","9.9","42.4","11.2","14.0","9.1","328","105","62.8","18.1","46.6","16.2","16.2","12.8","37.2","18.1","37.2","18.1","0.0","9.4","51.2","(X)","48.4","(X)","50.9","(X)","46250","9517","20169","13276","50341","10604","-","**","-","**","-","**","62500","46313","51121","20906","55298","14169","11304","5230","52311","17672","46905","19854","35962","10045","38750","33362","51316","6448","46793","7903","62262","23024","84773","24341","23421","19468","54600","29715","21818","17451","20227","8660","18274","11714","50885","22619","36842","55294","36842","55294","-","**","(X)","(X)","(X)","(X)","(X)","(X)"
"1400000US36081099701","Census Tract 997.01, Queens County, New York","1195","69","86.7","5.2","0.0","2.7","0.0","2.7","13.3","5.2","0.0","2.7","0.0","2.7","0.0","2.7","3.9","2.6","82.8","5.5","0.0","2.7","25.4","7.4","35.1","7.2","39.4","7.1","647","83","38.8","9.8","61.2","9.8","83.0","9.1","14.4","9.2","2.6","2.8","548","90","65.5","12.1","63.9","12.0","1.6","2.5","34.5","12.1","32.8","12.2","1.6","2.6","23.6","(X)","18.5","(X)","26.5","(X)","60035","10640","55000","12801","-","**","-","**","85972","26652","-","**","-","**","-","**","50875","81847","56806","13654","-","**","110214","58846","72813","36747","34141","18428","91989","25397","128092","32582","76538","14503","111464","20152","42321","44532","-","**","31250","14806","22821","7237","22500","7705","-","**","39875","8439","39500","7463","-","**","(X)","(X)","(X)","(X)","(X)","(X)"
"1400000US36081099703","Census Tract 997.03, Queens County, New York","1925","97","82.3","9.7","0.0","1.7","0.0","1.7","8.5","4.5","0.0","1.7","7.0","8.8","2.3","3.7","10.4","8.5","78.2","9.4","0.0","1.7","16.4","7.6","42.2","10.9","41.4","9.8","1124","164","19.0","9.8","81.0","9.8","83.5","8.4","13.2","7.7","3.4","2.8","801","154","62.0","15.1","58.9","14.9","3.1","4.2","38.0","15.1","34.7","15.4","3.2","3.7","28.8","(X)","19.9","(X)","41.2","(X)","90694","11769","92973","22748","-","**","-","**","95325","76540","-","**","-","**","-","**","66691","26340","92669","21820","-","**","97418","97893","107837","45307","71731","26683","112794","38965","96516","8808","122727","43396","96762","63734","113963","55612","117500","62765","85195","13946","86544","12351","84500","13644","-","**","58000","59192","85833","64041","-","**","(X)","(X)","(X)","(X)","(X)","(X)"
"1400000US36081099704","Census Tract 997.04, Queens County, New York","3646","150","78.5","5.9","1.8","1.6","0.0","0.9","16.5","5.3","0.0","0.9","3.2","3.3","0.0","0.9","6.2","3.6","75.5","6.0","1.5","2.3","23.3","6.3","30.9","5.4","44.3","5.6","1813","216","37.0","10.3","63.0","10.3","80.5","7.5","12.4","6.8","7.2","5.5","1833","233","69.4","8.3","63.7","8.5","5.7","5.5","30.6","8.3","28.3","8.2","2.2","2.4","27.2","(X)","28.9","(X)","25.6","(X)","66944","9622","63996","9964","62578","75439","-","**","67857","69308","-","**","105283","6061","-","**","101722","14211","63500","10656","-","**","87578","25676","80851","9968","42948","9020","91250","22415","88281","40209","97917","31846","100313","22125","75652","43442","64079","49714","45145","10343","44432","13173","43561","14243","105024","160122","52083","24920","44344","23545","76250","99636","(X)","(X)","(X)","(X)","(X)","(X)"
"1400000US36081099705","Census Tract 997.05, Queens County, New York","1021","77","71.7","12.5","1.7","2.5","0.9","1.6","24.8","12.1","0.0","3.1","0.0","3.1","1.0","1.6","5.7","7.1","66.0","13.2","0.0","3.1","36.0","12.1","43.9","11.9","20.1","9.2","735","146","38.4","15.2","61.6","15.2","77.7","11.7","21.1","11.5","1.2","2.0","286","140","44.1","23.8","44.1","23.8","0.0","10.7","55.9","23.8","55.9","23.8","0.0","10.7","34.6","(X)","24.9","(X)","59.4","(X)","52170","36665","102621","75914","-","**","-","**","50680","13956","-","**","-","**","-","**","-","**","103790","44509","-","**","104574","58344","51829","95523","32083","9967","94229","28139","103191","16332","51799","74426","103649","26205","72125","68102","-","**","38385","20888","18893","6512","18893","6512","-","**","50417","44194","50417","44194","-","**","(X)","(X)","(X)","(X)","(X)","(X)"
"1400000US36081099801","Census Tract 998.01, Queens County, New York","2136","204","18.6","8.3","73.1","8.1","1.1","1.8","2.4","2.2","0.0","1.5","4.4","3.4","0.4","0.7","20.3","7.1","5.4","2.9","4.6","4.6","34.8","8.9","47.2","8.9","13.3","4.5","1371","197","48.9","12.1","51.1","12.1","45.5","10.5","44.6","10.9","9.9","7.9","765","195","49.7","17.2","38.2","15.6","11.5","12.7","50.3","17.2","29.2","14.2","21.2","14.1","61.4","(X)","69.5","(X)","46.8","(X)","53152","4055","31944","41900","52848","4723","-","**","81776","109261","-","**","56159","1269","-","**","30694","43646","70729","10132","53417","202349","52536","26583","56710","6438","35234","26603","53621","5550","52647","14517","55974","6938","73750","21980","43977","13127","50833","27712","33782","10703","31976","19913","32137","18191","-","**","34349","23062","34205","24731","34535","40763","(X)","(X)","(X)","(X)","(X)","(X)"
"1400000US36081099802","Census Tract 998.02, Queens County, New York","2436","196","40.7","6.3","51.4","5.9","0.0","1.3","3.8","3.6","0.0","1.3","1.7","2.7","2.3","2.6","11.5","5.2","34.5","6.5","4.4","4.2","28.9","7.6","24.2","6.4","42.4","6.2","987","221","35.3","13.9","64.7","13.9","62.6","11.6","24.4","11.4","13.0","10.4","1449","231","78.3","8.6","75.0","10.4","3.2","4.8","21.7","8.6","15.0","6.4","6.8","5.9","45.4","(X)","53.4","(X)","40.0","(X)","22288","8414","12357","3497","43280","8786","-","**","16515","51905","-","**","-","**","-","**","67946","31605","10804","2929","22150","103428","56402","27296","54047","14480","10612","2686","43588","21660","54490","21029","22488","37766","60000","31240","33750","55421","-","**","15406","9177","11603","8855","10849","6037","-","**","24036","52686","12734","51097","212550","426718","(X)","(X)","(X)","(X)","(X)","(X)"
"1400000US36081099900","Census Tract 999, Queens County, New York","0","12","-","**","-","**","-","**","-","**","-","**","-","**","-","**","-","**","-","**","-","**","-","**","-","**","-","**","0","12","-","**","-","**","-","**","-","**","-","**","0","12","-","**","-","**","-","**","-","**","-","**","-","**","-","(X)","-","(X)","-","(X)","-","**","-","**","-","**","-","**","-","**","-","**","-","**","-","**","-","**","-","**","-","**","-","**","-","**","-","**","-","**","-","**","-","**","-","**","-","**","-","**","-","**","-","**","-","**","-","**","-","**","-","**","-","**","(X)","(X)","(X)","(X)","(X)","(X)"
"1400000US36081100801","Census Tract 1008.01, Queens County, New York","673","52","35.7","13.6","50.5","16.0","0.0","4.7","2.4","3.7","0.0","4.7","0.0","4.7","11.4","7.6","12.3","9.5","26.0","12.6","0.0","4.7","35.4","13.7","30.5","12.6","34.2","13.5","513","90","49.3","16.0","50.7","16.0","75.0","13.7","17.0","10.8","8.0","10.1","160","74","52.5","30.0","24.4","27.8","28.1","26.7","47.5","30.0","43.8","29.3","3.8","6.3","51.6","(X)","51.9","(X)","50.6","(X)","81821","11452","41750","64285","85811","19050","-","**","-","**","-","**","-","**","69479","103385","82981","143946","50250","74360","-","**","17432","63475","105685","19958","76600","60473","84460","8760","81821","15660","104038","62140","86723","32988","68102","53681","-","**","27222","34308","2,500-","***","-","**","75850","90543","30804","12390","30536","16555","-","**","(X)","(X)","(X)","(X)","(X)","(X)"
"1400000US36081100802","Census Tract 1008.02, Queens County, New York","2440","128","27.1","7.0","57.5","7.3","0.0","1.3","1.1","1.3","0.0","1.3","7.7","4.6","6.6","4.2","23.0","6.5","14.3","4.3","2.2","2.2","37.0","8.0","44.0","7.9","16.8","6.6","1872","174","53.8","8.4","46.2","8.4","53.8","9.3","38.1","8.8","8.0","5.9","568","166","43.3","17.2","40.7","17.3","2.6","4.4","56.7","17.2","46.8","17.9","9.9","7.9","66.8","(X)","63.5","(X)","74.1","(X)","60948","8510","53694","15296","65820","18271","-","**","-","**","-","**","28553","63516","62368","24472","40391","36800","53167","7885","11295","50307","53929","14417","68750","20128","52539","46698","61272","13109","53571","11018","90750","15887","61798","24061","75250","38340","33000","26588","30645","31102","28750","51378","29922","65262","-","**","31290","42921","14167","31028","73438","42978","(X)","(X)","(X)","(X)","(X)","(X)"
"1400000US36081101001","Census Tract 1010.01, Queens County, New York","3022","175","39.1","7.3","42.9","7.0","0.0","1.1","2.4","2.3","0.0","1.1","13.5","5.4","2.0","2.0","35.0","6.5","19.7","5.3","4.6","3.6","34.5","6.4","39.5","6.6","21.4","4.7","1867","244","45.2","9.6","54.8","9.6","47.3","10.5","43.8","10.3","8.8","5.5","1155","222","58.0","12.2","54.8","11.9","3.2","3.0","42.0","12.2","36.1","11.4","5.9","5.9","54.6","(X)","58.2","(X)","48.7","(X)","30526","10293","38068","13854","23497","5160","-","**","39397","455709","-","**","20132","26672","17344","14930","21336","12936","64063","45046","30658","16357","42939","14680","27656","20523","11229","5726","42101","5975","42005","10998","42292","14141","62917","16294","24848","6062","44688","56335","9866","2262","9599","822","9404","677","33375","27521","11607","8914","9447","6368","110139","171096","(X)","(X)","(X)","(X)","(X)","(X)"
"1400000US36081101002","Census Tract 1010.02, Queens County, New York","1577","71","72.7","6.4","24.3","6.2","0.0","2.0","0.0","2.0","0.0","2.0","2.5","3.2","0.5","0.8","11.2","5.2","68.5","6.4","2.6","1.7","31.0","7.0","32.1","7.1","34.2","5.1","858","134","60.8","9.8","39.2","9.8","90.0","6.6","8.6","6.4","1.4","1.6","719","134","70.5","10.4","69.8","10.3","0.7","1.4","29.5","10.4","25.9","9.8","3.6","5.7","46.7","(X)","51.5","(X)","41.0","(X)","22393","8362","47548","12454","10525","2157","-","**","-","**","-","**","-","**","-","**","9899","17648","48702","18141","26875","61044","120202","18335","22796","11805","11806","2036","62813","32143","116827","23590","23500","18723","76389","38445","61324","43117","-","**","10016","2052","10511","2233","10423","2166","-","**","9593","25823","9215","865","-","**","(X)","(X)","(X)","(X)","(X)","(X)"
"1400000US36081101700","Census Tract 1017, Queens County, New York","2366","128","80.1","5.6","0.0","1.4","0.0","1.4","14.2","4.6","0.0","1.4","2.9","2.8","2.7","2.5","7.5","4.7","76.3","6.0","1.2","1.7","21.7","5.4","39.0","7.2","38.1","6.1","1707","158","35.0","7.1","65.0","7.1","82.1","5.8","9.7","4.9","8.3","5.0","659","144","60.4","16.0","58.3","15.7","2.1","3.5","39.6","16.0","39.6","16.0","0.0","4.8","29.2","(X)","32.3","(X)","21.4","(X)","63277","6269","60469","7812","-","**","-","**","65531","15534","-","**","-","**","66319","49366","119968","69108","58568","9505","-","**","108189","14502","65156","22982","50353","10488","78979","14692","112900","14015","65873","7935","83884","15211","77981","54988","39155","10372","35865","9511","33750","10306","33125","5182","-","**","40375","12546","40375","12546","-","**","(X)","(X)","(X)","(X)","(X)","(X)"
"1400000US36081102900","Census Tract 1029, Queens County, New York","1303","74","76.4","9.5","0.0","2.5","0.0","2.5","15.6","8.5","0.0","2.5","4.8","4.8","3.2","4.0","18.2","8.7","65.5","10.7","0.0","2.5","30.9","9.2","45.2","11.1","23.9","7.6","962","139","46.4","10.6","53.6","10.6","69.9","11.1","25.7","10.8","4.5","5.8","341","115","57.5","19.4","57.5","19.4","0.0","9.1","42.5","19.4","24.6","20.2","17.9","18.7","27.8","(X)","33.6","(X)","11.4","(X)","75182","12174","73674","12477","-","**","-","**","62485","31559","-","**","98346","44196","-","**","79549","34057","72727","12443","-","**","87083","37162","79033","16894","32111","4979","79049","11734","86000","18729","75573","17851","85700","21499","75719","14587","-","**","53229","31156","31944","8637","31944","8637","-","**","61691","41644","78269","92337","-","**","(X)","(X)","(X)","(X)","(X)","(X)"
"1400000US36081103201","Census Tract 1032.01, Queens County, New York","1868","116","17.1","5.8","69.9","7.7","0.0","1.7","2.4","2.9","0.0","1.7","9.2","6.3","1.5","1.8","27.9","7.5","2.0","2.2","0.7","1.2","35.2","8.7","46.5","10.1","17.6","6.7","1575","145","41.0","8.8","59.0","8.8","38.3","11.2","55.0","12.7","6.7","5.4","293","117","62.8","23.7","62.8","23.7","0.0","10.5","37.2","23.7","37.2","23.7","0.0","10.5","60.9","(X)","64.8","(X)","39.9","(X)","35391","18138","16445","12903","39894","12707","-","**","-","**","-","**","23514","28416","-","**","23137","25694","8214","10043","-","**","23168","12641","62538","25488","21222","18086","40797","16494","24655","17170","56850","20932","51250","20845","24824","8457","56950","57390","9728","4348","9038","1033","9038","1033","-","**","14129","18248","14129","18248","-","**","(X)","(X)","(X)","(X)","(X)","(X)"
"1400000US36081103202","Census Tract 1032.02, Queens County, New York","1794","91","54.6","6.7","32.3","7.5","2.1","2.7","0.7","0.6","0.0","1.8","9.1","4.6","1.3","1.2","23.7","6.2","42.7","6.3","2.3","1.9","47.6","7.2","29.0","6.9","21.1","5.5","1453","137","60.2","7.7","39.8","7.7","71.4","8.4","22.8","8.7","5.8","3.5","341","132","48.7","18.5","48.7","18.5","0.0","9.1","51.3","18.5","32.0","15.8","19.4","14.3","58.6","(X)","61.8","(X)","44.9","(X)","64444","14409","68902","18794","57109","32529","-","**","-","**","-","**","39856","12529","20938","7467","46006","5318","90893","36269","11848","27621","46713","11227","91371","34684","44722","78552","68079","8088","65504","27451","86190","20677","69634","13366","35288","25572","87500","31883","20046","6546","18194","9660","18194","9660","-","**","24276","31897","14228","29862","38846","44366","(X)","(X)","(X)","(X)","(X)","(X)"
"1400000US36081103300","Census Tract 1033, Queens County, New York","1553","69","73.5","10.0","0.5","0.8","2.4","3.8","18.5","8.0","0.0","2.1","5.0","4.8","0.0","2.1","10.2","5.7","68.3","9.8","0.0","2.1","36.4","7.2","30.7","6.7","32.8","6.4","1185","151","45.0","9.3","55.0","9.3","78.2","8.0","13.9","6.4","7.8","5.5","368","128","67.9","16.5","67.1","15.8","0.8","2.3","32.1","16.5","24.5","13.6","7.6","11.2","30.3","(X)","32.1","(X)","21.5","(X)","77723","19230","70536","21471","-","**","-","**","65571","30219","-","**","82292","98111","-","**","106250","48302","68850","18639","-","**","97016","20986","91583","34684","63113","24588","91750","21962","100321","17874","75625","30921","95524","19828","106063","68548","66220","1105","57174","15774","32000","39983","31625","38868","-","**","79286","39237","103500","62370","-","**","(X)","(X)","(X)","(X)","(X)","(X)"
"1400000US36081103900","Census Tract 1039, Queens County, New York","2092","132","74.6","7.5","0.0","1.5","0.0","1.5","24.8","7.3","0.0","1.5","0.6","0.9","0.0","1.5","7.7","5.3","67.5","7.2","0.0","1.5","30.7","8.0","43.5","8.0","25.9","6.6","1621","209","41.8","9.8","58.2","9.8","72.7","9.4","11.8","6.3","15.5","9.3","471","163","30.6","13.0","30.6","13.0","0.0","6.7","69.4","13.0","57.3","17.9","12.1","15.3","29.0","(X)","30.7","(X)","22.3","(X)","71231","17694","66404","11102","-","**","-","**","101324","41556","-","**","-","**","-","**","105583","58102","65789","6590","-","**","66515","65848","82426","34164","54440","14184","89398","27870","103267","18360","71327","25292","80545","28633","109967","37059","92813","89849","43835","17655","20385","38379","20385","38379","-","**","48229","12731","50500","24631","-","**","(X)","(X)","(X)","(X)","(X)","(X)"
"1400000US36081104700","Census Tract 1047, Queens County, New York","2604","203","56.1","8.1","0.6","1.0","0.0","1.2","35.9","7.9","0.0","1.2","3.1","3.2","4.3","3.1","8.7","5.0","51.0","7.6","0.0","1.2","31.6","7.0","40.9","7.3","27.5","7.2","1889","221","37.2","8.8","62.8","8.8","70.2","9.5","26.0","9.8","3.8","3.3","715","197","64.6","15.0","64.6","15.0","0.0","4.4","35.4","15.0","35.4","15.0","0.0","4.4","24.8","(X)","27.4","(X)","18.2","(X)","61385","12412","53750","23231","-","**","-","**","63910","6725","-","**","76224","27364","95208","116862","76811","20917","51685","22272","-","**","90125","21619","65000","20068","28380","5915","67165","21769","95605","29357","55625","13520","78198","20888","49506","33743","81429","101030","45431","9300","34032","12421","34032","12421","-","**","76199","12212","76199","12212","-","**","(X)","(X)","(X)","(X)","(X)","(X)"
"1400000US36081105900","Census Tract 1059, Queens County, New York","1279","70","71.9","6.4","0.0","2.5","0.0","2.5","23.1","5.7","0.0","2.5","3.0","3.9","1.9","1.8","3.8","4.1","70.5","6.3","0.0","2.5","25.2","6.7","34.9","6.1","40.0","7.4","1009","87","32.7","10.1","67.3","10.1","83.7","7.5","13.2","7.5","3.1","2.7","270","87","47.0","19.5","47.0","19.5","0.0","11.3","53.0","19.5","44.4","19.0","8.5","10.2","46.2","(X)","45.2","(X)","50.0","(X)","86875","23837","79167","11007","-","**","-","**","156184","31364","-","**","-","**","156875","273354","156169","40694","78333","11905","-","**","136389","32956","156786","33370","57344","15310","106705","29989","136389","46700","88854","23528","99940","31280","139625","134862","77344","95017","47837","16055","27292","45656","27292","45656","-","**","70125","53704","44250","55584","-","**","(X)","(X)","(X)","(X)","(X)","(X)"
"1400000US36081107201","Census Tract 1072.01, Queens County, New York","796","93","98.5","1.6","0.0","4.0","0.0","4.0","0.9","1.3","0.0","4.0","0.0","4.0","0.6","0.9","4.5","4.2","94.0","4.7","0.0","4.0","24.4","7.9","52.3","8.4","23.4","7.5","577","90","38.1","11.9","61.9","11.9","89.3","7.2","9.2","6.6","1.6","2.1","219","85","59.8","20.3","54.8","20.9","5.0","7.8","40.2","20.3","36.5","19.6","3.7","6.6","51.0","(X)","51.5","(X)","49.8","(X)","69625","14963","68875","16317","-","**","-","**","-","**","-","**","-","**","-","**","-","**","70900","12729","-","**","61364","95498","71957","13558","41607","31546","83958","18933","90441","27815","78393","21017","90156","14136","32083","21326","-","**","53664","19398","34267","32853","33793","15348","-","**","54914","5946","54569","2431","-","**","(X)","(X)","(X)","(X)","(X)","(X)"
"1400000US36081107202","Census Tract 1072.02, Queens County, New York","0","12","-","**","-","**","-","**","-","**","-","**","-","**","-","**","-","**","-","**","-","**","-","**","-","**","-","**","0","12","-","**","-","**","-","**","-","**","-","**","0","12","-","**","-","**","-","**","-","**","-","**","-","**","-","(X)","-","(X)","-","(X)","-","**","-","**","-","**","-","**","-","**","-","**","-","**","-","**","-","**","-","**","-","**","-","**","-","**","-","**","-","**","-","**","-","**","-","**","-","**","-","**","-","**","-","**","-","**","-","**","-","**","-","**","-","**","(X)","(X)","(X)","(X)","(X)","(X)"
"1400000US36081108500","Census Tract 1085, Queens County, New York","1004","68","58.4","7.6","0.6","0.9","0.0","3.2","36.1","7.3","0.0","3.2","0.7","1.1","4.3","4.8","4.4","3.1","55.3","8.0","2.8","3.6","19.9","7.5","49.4","9.2","27.9","7.1","635","104","32.6","10.3","67.4","10.3","78.1","8.6","15.4","6.6","6.5","4.5","369","109","57.5","14.5","57.5","14.5","0.0","8.4","42.5","14.5","29.8","15.6","12.7","11.0","32.0","(X)","29.9","(X)","35.5","(X)","60370","19323","61944","16778","-","**","-","**","70658","47896","-","**","-","**","-","**","145417","71589","60509","16987","-","**","111087","60128","68000","27334","39167","14609","86298","20323","86172","34811","86500","36244","86923","21411","41818","48056","110391","43101","36646","2613","34545","17841","34545","17841","-","**","36729","33377","36908","86139","36420","50943","(X)","(X)","(X)","(X)","(X)","(X)"
"1400000US36081109300","Census Tract 1093, Queens County, New York","1042","58","69.2","7.2","1.0","1.3","0.0","3.1","21.9","5.0","0.0","3.1","6.7","5.8","1.2","1.3","12.8","7.2","63.1","8.1","0.0","3.1","27.0","6.0","38.8","7.4","34.3","7.3","908","73","34.0","7.4","66.0","7.4","88.8","4.6","8.1","4.0","3.1","3.4","134","55","40.3","19.0","40.3","19.0","0.0","21.3","59.7","19.0","53.0","21.1","6.7","10.7","35.0","(X)","34.5","(X)","29.9","(X)","101276","9075","101513","17843","-","**","-","**","103750","27435","-","**","68400","34604","-","**","68150","39823","106875","26137","-","**","102260","21613","136500","25761","59583","21782","107045","12124","119271","20235","100089","15438","111071","15767","96833","34662","16842","94231","47188","13658","27500","15309","27500","15309","-","**","55313","21202","51875","15846","-","**","(X)","(X)","(X)","(X)","(X)","(X)"
"1400000US36081109700","Census Tract 1097, Queens County, New York","656","43","82.0","8.5","2.4","3.5","0.0","4.8","10.7","4.9","0.0","4.8","4.9","7.3","0.0","4.8","18.6","11.5","68.3","10.4","3.2","5.1","25.6","9.6","39.5","10.3","31.7","8.7","412","69","44.4","14.3","55.6","14.3","71.6","13.7","12.4","8.9","16.0","11.6","244","63","60.2","17.1","44.7","17.0","15.6","13.1","39.8","17.1","34.4","16.1","5.3","8.7","24.1","(X)","17.7","(X)","34.8","(X)","97857","45504","100000","41398","-","**","-","**","107250","23126","-","**","-","**","-","**","61607","97885","97857","39687","-","**","62321","86695","113875","26996","24773","29723","109000","45453","126250","31667","71442","34743","119271","20872","35547","18453","55278","96033","75556","63147","38750","55737","19965","11139","183810","60853","107019","37508","110435","82070","-","**","(X)","(X)","(X)","(X)","(X)","(X)"
"1400000US36081109900","Census Tract 1099, Queens County, New York","1180","60","67.6","9.5","0.8","1.4","0.0","2.7","26.1","9.1","0.0","2.7","3.1","3.6","2.4","2.6","17.5","7.2","55.2","8.3","0.0","2.7","38.5","10.2","37.8","10.9","23.7","6.7","869","109","38.8","10.4","61.2","10.4","82.4","10.1","14.0","9.8","3.6","3.1","311","108","41.8","19.5","41.8","19.5","0.0","9.9","58.2","19.5","44.7","20.3","13.5","12.8","33.6","(X)","30.8","(X)","31.8","(X)","70250","22919","80270","21742","-","**","-","**","40750","42653","-","**","-","**","57143","54719","99350","32116","67153","24417","-","**","70625","36930","85859","12337","56875","18965","80777","19886","69750","40992","80878","14366","85000","15650","65278","66815","70729","112320","48419","21527","46111","39369","46111","39369","-","**","48787","29221","39028","29909","-","**","(X)","(X)","(X)","(X)","(X)","(X)"
"1400000US36081111300","Census Tract 1113, Queens County, New York","907","36","63.3","7.7","0.0","3.5","0.0","3.5","25.5","6.3","0.0","3.5","2.8","3.1","8.5","7.1","10.5","7.8","60.0","7.8","0.0","3.5","24.4","7.9","44.8","10.2","30.9","7.9","694","64","41.2","10.6","58.8","10.6","83.3","9.6","13.7","9.3","3.0","4.7","213","57","61.0","23.2","61.0","23.2","0.0","14.1","39.0","23.2","18.8","19.3","20.2","15.2","35.9","(X)","40.1","(X)","22.5","(X)","77005","12748","76538","29874","-","**","-","**","76307","16095","-","**","-","**","-","**","110179","76541","75096","21500","-","**","108859","25646","75486","20592","49000","45558","98125","25517","112143","35906","82143","27483","120962","24140","66781","10697","-","**","44671","26782","27222","37879","27222","37879","-","**","63125","33297","64091","39117","43882","40208","(X)","(X)","(X)","(X)","(X)","(X)"
"1400000US36081112300","Census Tract 1123, Queens County, New York","777","59","51.6","9.5","1.3","1.4","0.0","4.1","35.1","8.5","1.4","2.2","8.6","6.9","1.9","2.2","22.7","7.8","37.6","8.9","0.0","4.1","49.2","10.3","32.7","9.4","18.1","7.2","556","75","40.6","10.3","59.4","10.3","71.6","10.5","24.1","10.2","4.3","4.7","221","63","67.4","15.4","55.2","18.3","12.2","15.0","32.6","15.4","32.6","15.4","0.0","13.6","24.7","(X)","25.2","(X)","23.5","(X)","78237","5582","77621","11794","-","**","-","**","79250","31422","-","**","108029","90365","-","**","87656","71311","77984","5952","-","**","78438","15073","94500","48313","43403","39802","85357","16574","64545","42002","87614","13556","86607","15879","89583","62147","22750","11077","60547","28165","51513","28382","44444","16680","-","**","68750","40681","68750","40681","-","**","(X)","(X)","(X)","(X)","(X)","(X)"
"1400000US36081112900","Census Tract 1129, Queens County, New York","876","51","75.9","7.3","3.2","3.6","0.0","3.6","20.3","6.9","0.0","3.6","0.0","3.6","0.6","0.8","1.3","1.9","74.7","7.3","1.9","2.3","37.2","7.8","39.4","6.5","21.5","5.3","580","79","32.2","10.7","67.8","10.7","81.7","9.6","13.8","8.7","4.5","3.6","296","75","55.7","14.4","49.7","14.7","6.1","7.1","44.3","14.4","38.2","18.2","6.1","8.5","26.9","(X)","37.9","(X)","5.4","(X)","80417","7917","76773","9801","-","**","-","**","80789","50379","-","**","-","**","-","**","-","**","76453","8048","-","**","82050","11690","86250","28717","58462","40473","81667","15511","80475","13289","101250","44378","82333","36960","46364","30343","173333","170903","62297","26581","61875","38195","60268","40995","-","**","75074","42163","61576","40220","-","**","(X)","(X)","(X)","(X)","(X)","(X)"
"1400000US36081113300","Census Tract 1133, Queens County, New York","606","52","75.4","10.0","0.0","5.2","0.0","5.2","23.4","9.9","0.0","5.2","1.2","1.5","0.0","5.2","4.6","3.2","71.9","10.4","0.0","5.2","36.1","10.0","43.9","10.3","20.0","8.0","412","64","52.2","11.3","47.8","11.3","75.2","10.5","21.4","10.7","3.4","2.9","194","70","59.3","19.0","57.7","19.9","1.5","3.2","40.7","19.0","38.7","18.7","2.1","3.1","34.8","(X)","24.0","(X)","57.7","(X)","87273","17818","86023","25919","-","**","-","**","94063","41577","-","**","-","**","-","**","63500","58758","88750","28582","-","**","99306","16884","93958","28200","43304","22428","108750","13340","109830","41992","99398","22417","109432","26149","99722","23641","113750","212791","42857","26913","28693","22699","28523","31860","-","**","46563","32529","60089","36240","-","**","(X)","(X)","(X)","(X)","(X)","(X)"
"1400000US36081113900","Census Tract 1139, Queens County, New York","1423","87","64.6","7.7","0.7","1.1","0.0","2.3","29.5","8.3","1.1","2.6","3.0","2.4","1.1","1.6","9.2","4.3","59.4","7.6","2.0","1.9","29.7","7.9","44.9","7.6","23.4","4.7","877","130","47.1","10.3","52.9","10.3","77.1","10.9","19.8","10.0","3.1","3.4","546","125","58.2","13.9","44.9","11.9","13.4","9.9","41.8","13.9","33.5","11.2","8.2","8.9","38.0","(X)","33.5","(X)","37.2","(X)","54981","14639","48045","10218","-","**","-","**","77885","15688","-","**","22443","67878","-","**","53854","22572","46488","9501","46125","56339","72500","30093","54925","18028","38229","12965","61929","19515","44063","27069","76563","10595","62065","23167","61630","29878","-","**","42955","11896","45455","23430","30781","20785","73281","73178","40972","22361","45875","16976","-","**","(X)","(X)","(X)","(X)","(X)","(X)"
"1400000US36081114100","Census Tract 1141, Queens County, New York","779","74","68.4","6.5","0.0","4.1","0.0","4.1","30.8","6.3","0.0","4.1","0.8","1.3","0.0","4.1","8.2","6.1","61.0","7.5","2.4","2.8","25.2","7.9","39.0","5.8","33.4","7.2","645","76","26.8","5.9","73.2","5.9","86.7","6.3","9.8","5.4","3.6","4.2","134","53","95.5","7.8","95.5","7.8","0.0","21.3","4.5","7.8","4.5","7.8","0.0","21.3","37.7","(X)","39.7","(X)","28.4","(X)","98162","16618","91653","16824","-","**","-","**","104750","28422","-","**","-","**","-","**","86058","27973","96875","23508","-","**","87071","40799","118261","11132","76500","30390","112569","13020","115208","53105","104750","21679","115724","9949","110208","115905","-","**","32500","19860","32174","20757","32174","20757","-","**","-","**","-","**","-","**","(X)","(X)","(X)","(X)","(X)","(X)"
"1400000US36081114700","Census Tract 1147, Queens County, New York","620","47","66.9","10.0","0.8","1.4","0.0","5.1","30.6","9.9","0.0","5.1","0.0","5.1","1.6","2.4","2.6","2.3","65.2","10.2","0.0","5.1","19.0","7.9","46.5","9.4","34.5","8.5","517","55","31.1","10.5","68.9","10.5","87.6","7.0","9.7","5.8","2.7","3.0","103","48","74.8","18.2","74.8","18.2","0.0","26.5","25.2","18.2","18.4","14.3","6.8","10.9","47.4","(X)","52.2","(X)","17.5","(X)","93750","43639","104375","41527","-","**","-","**","73750","26681","-","**","-","**","-","**","236875","112677","101875","45801","-","**","138558","78721","115313","42726","66087","10491","120089","49643","120777","83665","116875","58429","121696","33369","73750","29483","-","**","24875","46881","24550","34468","24550","34468","-","**","48571","30424","24750","109632","-","**","(X)","(X)","(X)","(X)","(X)","(X)"
"1400000US36081115100","Census Tract 1151, Queens County, New York","349","45","71.1","10.5","0.0","8.9","0.0","8.9","28.9","10.5","0.0","8.9","0.0","8.9","0.0","8.9","2.9","4.3","68.2","10.9","1.7","2.5","20.3","9.3","46.7","11.3","31.2","10.5","286","41","21.7","9.9","78.3","9.9","89.5","5.8","10.5","5.8","0.0","10.7","63","40","42.9","42.9","25.4","27.7","17.5","26.4","57.1","42.9","57.1","42.9","0.0","37.3","29.2","(X)","30.4","(X)","23.8","(X)","89028","20852","86875","36219","-","**","-","**","89306","23347","-","**","-","**","-","**","-","**","91667","36414","-","**","75893","63543","117917","46560","71339","16905","102222","22822","124375","53873","91667","16270","102500","24934","79167","82685","-","**","26914","38728","59688","42369","65278","83649","59063","174097","26406","592","26406","592","-","**","(X)","(X)","(X)","(X)","(X)","(X)"
"1400000US36081115500","Census Tract 1155, Queens County, New York","726","52","38.0","9.7","2.6","4.1","0.8","1.2","47.4","9.1","0.0","4.4","11.2","7.3","0.0","4.4","20.8","8.8","31.0","9.4","0.8","2.3","51.9","10.9","28.5","10.2","18.7","7.7","557","73","43.8","11.8","56.2","11.8","75.4","10.4","14.0","8.2","10.6","8.5","169","68","33.7","20.1","32.5","20.0","1.2","3.2","66.3","20.1","19.5","16.7","46.7","24.5","42.7","(X)","45.8","(X)","32.5","(X)","77167","18513","97857","17334","-","**","-","**","63864","37244","-","**","63036","53109","-","**","64821","61747","86875","34509","-","**","87169","12411","78594","51958","24375","17469","75750","25922","59722","26630","91058","26315","63786","37338","63409","23320","78906","97652","51250","22767","35341","37276","35114","41344","-","**","67788","34900","26250","32215","69375","24684","(X)","(X)","(X)","(X)","(X)","(X)"
"1400000US36081115700","Census Tract 1157, Queens County, New York","1236","66","33.7","7.2","1.0","1.6","0.0","2.6","65.4","7.1","0.0","2.6","0.0","2.6","0.0","2.6","2.3","2.5","32.3","7.7","1.5","1.6","33.1","7.8","40.2","8.4","25.2","5.5","907","91","27.9","8.5","72.1","8.5","81.1","8.5","14.7","8.3","4.2","3.1","329","93","61.4","16.5","52.6","16.5","8.8","10.6","38.6","16.5","26.1","16.3","12.5","15.5","37.1","(X)","42.3","(X)","20.1","(X)","58253","6249","63750","32146","-","**","-","**","58289","10876","-","**","-","**","-","**","-","**","69018","32239","-","**","57872","8660","67939","14944","47000","16604","59322","12691","48480","6579","69615","21085","58137","13581","69489","23193","19500","132214","42574","40715","20833","33720","17240","14402","-","**","61213","49361","80833","154953","-","**","(X)","(X)","(X)","(X)","(X)","(X)"
"1400000US36081115900","Census Tract 1159, Queens County, New York","1389","91","24.5","6.5","8.4","4.7","0.0","2.3","63.0","6.9","0.0","2.3","4.2","3.3","0.0","2.3","16.1","5.5","16.1","4.7","1.8","2.8","35.1","9.2","49.8","9.5","13.2","4.3","1094","120","36.7","8.9","63.3","8.9","68.4","8.9","18.5","7.5","13.2","7.0","295","93","50.5","18.3","47.8","18.3","2.7","4.2","49.5","18.3","32.5","17.8","16.9","15.3","46.2","(X)","47.7","(X)","24.1","(X)","49893","13583","51711","32867","57500","15715","-","**","45281","19180","-","**","47417","126057","-","**","77669","65512","65729","34899","-","**","47179","6955","61333","30163","48571","32383","52250","27766","43893","10781","72171","13797","70234","35994","34423","28812","71000","38780","32788","15765","33814","15777","34071","19599","-","**","22813","27560","11875","21131","45652","52009","(X)","(X)","(X)","(X)","(X)","(X)"
"1400000US36081116100","Census Tract 1161, Queens County, New York","1516","93","18.9","4.6","3.8","2.5","0.5","0.8","67.8","5.4","0.0","2.1","5.8","4.4","3.1","2.8","14.8","5.4","9.9","3.9","1.6","1.5","30.3","6.8","47.6","8.7","20.4","6.1","1131","143","28.6","6.9","71.4","6.9","67.0","9.2","19.8","8.2","13.2","6.4","385","135","62.9","16.7","46.0","17.1","16.9","11.4","37.1","16.7","29.6","17.1","7.5","7.3","46.8","(X)","46.7","(X)","47.3","(X)","54605","11518","73527","29368","89444","31372","-","**","45682","17593","-","**","49048","76849","4280","45345","92723","27591","54167","31463","23958","57243","80270","19429","53500","16190","25750","15257","60519","13006","49958","25715","61364","13045","61692","11530","38289","17948","74028","70283","30924","28771","27500","29839","22563","7515","95038","105737","32125","64189","12016","71532","56250","50043","(X)","(X)","(X)","(X)","(X)","(X)"
"1400000US36081116300","Census Tract 1163, Queens County, New York","2776","138","19.6","5.3","4.6","3.0","0.0","1.2","66.9","5.7","0.0","1.2","6.6","3.5","2.2","1.8","15.5","4.6","11.5","4.0","2.0","1.8","27.3","5.8","53.3","5.8","17.5","4.7","1988","236","27.8","7.7","72.2","7.7","59.5","6.9","27.9","7.6","12.6","5.2","788","185","59.4","13.7","34.3","13.9","25.1","12.8","40.6","13.7","26.6","12.1","14.0","9.2","40.6","(X)","41.8","(X)","37.4","(X)","33554","5433","40134","11984","69483","52458","-","**","31637","4956","-","**","32105","21225","18173","78313","38988","14123","41027","28604","26763","12341","31570","5933","43817","8354","23472","12710","34800","8917","33409","11120","35741","11822","36118","9326","30827","6103","46722","22027","30988","10935","32870","27376","20865","15572","82663","39114","30156","9176","31250","27944","30156","9003","(X)","(X)","(X)","(X)","(X)","(X)"
"1400000US36081116700","Census Tract 1167, Queens County, New York","583","79","18.4","6.9","0.0","5.4","3.6","5.5","57.8","9.8","0.0","5.4","19.4","8.5","0.9","1.3","24.7","8.8","12.2","5.9","5.0","6.0","35.3","10.9","45.5","12.6","14.2","7.7","453","92","43.0","13.2","57.0","13.2","60.9","12.1","27.8","12.2","11.3","7.1","130","56","46.2","24.9","46.2","24.9","0.0","21.9","53.8","24.9","31.5","16.7","22.3","19.4","35.2","(X)","34.2","(X)","38.5","(X)","37227","9313","43068","13377","-","**","-","**","36367","9430","-","**","26250","26625","-","**","31667","29416","40521","26681","-","**","52045","46315","32426","9616","41534","35362","40375","11867","26375","26929","42955","12052","40000","9830","42500","40061","50341","35622","23636","16770","22000","11175","22000","11175","-","**","31364","123451","17875","67754","108750","92172","(X)","(X)","(X)","(X)","(X)","(X)"
"1400000US36081117100","Census Tract 1171, Queens County, New York","990","79","35.5","7.8","0.8","1.1","0.0","3.2","50.7","8.0","0.0","3.2","10.2","7.2","2.8","3.5","16.9","7.6","27.5","6.9","2.3","3.0","35.9","9.1","46.0","9.9","15.9","6.0","740","88","48.5","10.4","51.5","10.4","73.0","9.0","27.0","9.0","0.0","4.3","250","74","54.4","15.6","44.0","16.0","10.4","10.5","45.6","15.6","41.6","15.7","4.0","6.1","37.4","(X)","32.6","(X)","30.4","(X)","49597","10782","49063","18595","-","**","-","**","51538","20035","-","**","35250","35276","-","**","29063","19210","57222","20095","-","**","35750","24490","56484","17771","55938","57608","53707","13592","42962","15528","75370","17710","55357","26547","34375","45741","-","**","21111","9660","22750","35000","14464","19607","117679","92497","20972","7713","21667","13238","-","**","(X)","(X)","(X)","(X)","(X)","(X)"
"1400000US36081117500","Census Tract 1175, Queens County, New York","1980","129","38.9","8.6","2.6","2.5","0.0","1.6","49.7","9.8","0.0","1.6","8.1","6.1","0.7","1.0","10.6","6.3","37.2","8.4","0.0","1.6","42.6","7.3","34.6","8.1","22.8","6.5","1303","171","37.2","11.5","62.8","11.5","73.6","10.6","22.7","10.4","3.7","3.4","677","161","51.1","14.9","42.8","13.8","8.3","7.5","48.9","14.9","32.8","14.2","16.1","11.5","36.0","(X)","42.6","(X)","23.3","(X)","54536","12951","67679","13500","69688","144281","-","**","50820","14741","-","**","19936","55194","-","**","45884","35558","65417","12326","-","**","65833","33889","64973","29843","32852","8263","56528","17831","63059","36056","53389","21684","69107","43217","33750","23374","39000","150609","51914","15248","62333","16745","57500","28372","162742","144328","46250","57791","17083","67948","81806","157307","(X)","(X)","(X)","(X)","(X)","(X)"
"1400000US36081118100","Census Tract 1181, Queens County, New York","605","64","56.0","9.9","1.8","3.0","0.8","1.3","33.2","9.5","0.0","5.2","4.5","7.1","3.6","3.6","10.7","7.9","49.8","10.7","4.8","4.2","32.1","8.8","39.0","10.2","24.1","9.9","435","74","35.9","11.8","64.1","11.8","80.9","10.1","16.8","10.2","2.3","2.6","170","61","47.6","21.2","34.7","18.9","12.9","14.4","52.4","21.2","48.2","20.7","4.1","5.3","52.4","(X)","55.4","(X)","44.7","(X)","58980","9691","69688","29028","-","**","-","**","61181","13801","-","**","-","**","26250","25703","54962","88332","59821","30186","9583","105434","66875","13531","68250","35685","52803","33914","61875","19382","65000","25502","59297","34184","71500","35661","27917","29831","-","**","41667","27651","59034","21272","70446","94940","-","**","38173","14567","37500","25047","-","**","(X)","(X)","(X)","(X)","(X)","(X)"
"1400000US36081118500","Census Tract 1185, Queens County, New York","697","54","35.4","7.8","2.3","2.5","0.0","4.6","46.8","8.4","0.0","4.6","15.5","6.3","0.0","4.6","19.2","6.9","31.7","7.5","2.2","2.1","44.3","10.0","36.2","10.2","17.4","6.3","549","76","39.5","8.3","60.5","8.3","60.5","9.8","24.4","8.3","15.1","7.6","148","62","43.9","21.3","33.1","20.9","10.8","11.7","56.1","21.3","43.9","21.9","12.2","16.6","61.4","(X)","65.9","(X)","37.8","(X)","54556","13511","92689","17080","-","**","-","**","39483","16761","-","**","64167","23422","-","**","63542","31480","92917","12590","52813","54320","55625","39116","62647","27862","39044","27629","54718","13116","59632","42051","53226","15918","58382","29385","39000","29246","54427","20360","48235","44355","22813","23982","12917","14899","-","**","80662","54133","49338","53027","-","**","(X)","(X)","(X)","(X)","(X)","(X)"
"1400000US36081118700","Census Tract 1187, Queens County, New York","760","63","25.0","8.3","2.6","2.9","0.0","4.2","55.1","8.7","0.0","4.2","13.9","7.1","3.3","3.6","23.2","7.2","17.2","6.5","4.9","6.0","37.1","9.1","39.5","10.2","18.6","7.0","596","76","39.8","12.2","60.2","12.2","69.5","11.4","20.1","10.7","10.4","8.7","164","62","37.2","21.5","27.4","20.2","9.8","10.9","62.8","21.5","59.8","22.6","3.0","5.4","49.9","(X)","53.4","(X)","31.7","(X)","56389","6858","64375","17141","-","**","-","**","57933","9195","-","**","32365","21909","-","**","42353","33826","50250","21774","-","**","57083","16274","59519","14174","50625","38752","52571","7912","47639","27379","53292","14899","57222","11277","51375","47008","31216","1203","53594","11742","59750","39246","50750","50177","-","**","53242","12023","53438","15020","-","**","(X)","(X)","(X)","(X)","(X)","(X)"
"1400000US36081118900","Census Tract 1189, Queens County, New York","747","54","19.5","7.0","0.0","4.3","0.0","4.3","75.5","8.2","0.0","4.3","0.0","4.3","5.0","5.3","7.2","4.1","15.3","6.1","1.2","1.4","34.8","10.8","50.3","11.4","13.7","5.6","638","72","36.2","11.4","63.8","11.4","74.1","10.1","15.2","7.5","10.7","6.6","109","48","56.0","24.3","29.4","20.5","26.6","21.4","44.0","24.3","22.0","18.7","22.0","23.9","48.5","(X)","41.7","(X)","56.9","(X)","61776","25031","84000","23847","-","**","-","**","55179","14228","-","**","-","**","104350","62827","74583","39348","86053","39437","-","**","85526","61078","70588","25414","42083","28867","61974","24064","57917","63338","70417","25637","60724","17770","50750","56497","95652","5229","57188","60939","88472","76010","55208","80072","-","**","48611","57236","46000","10429","-","**","(X)","(X)","(X)","(X)","(X)","(X)"
"1400000US36081119100","Census Tract 1191, Queens County, New York","1110","73","31.6","7.8","0.0","2.9","0.0","2.9","58.6","10.3","0.0","2.9","5.6","4.4","4.1","5.3","16.0","6.5","21.2","7.5","4.1","3.9","32.6","8.6","48.3","9.3","15.0","6.5","802","100","31.3","10.7","68.7","10.7","62.2","11.8","21.6","10.2","16.2","8.3","308","106","43.5","19.2","31.2","16.8","12.3","14.8","56.5","19.2","43.8","20.2","12.7","13.3","44.7","(X)","47.8","(X)","33.8","(X)","56179","6894","59375","21409","-","**","-","**","44250","12965","-","**","57386","23592","-","**","63182","10187","54375","27325","96406","95909","56321","6536","60000","19169","34702","13584","56218","9869","57270","14647","49188","19278","57161","11713","35156","8949","82551","64789","34944","36194","34405","62944","27143","12278","-","**","52955","44979","52557","50452","62898","117135","(X)","(X)","(X)","(X)","(X)","(X)"
"1400000US36081119300","Census Tract 1193, Queens County, New York","703","81","43.5","10.0","2.1","2.1","0.0","4.5","50.5","10.0","0.0","4.5","3.8","4.5","0.0","4.5","10.0","6.1","37.4","10.3","4.6","4.4","32.9","11.4","42.4","10.7","20.2","7.0","519","101","42.2","12.5","57.8","12.5","84.4","7.9","7.9","6.0","7.7","5.1","184","77","65.2","20.5","55.4","22.6","9.8","11.0","34.8","20.5","26.6","18.5","8.2","13.1","39.5","(X)","40.3","(X)","37.5","(X)","47847","19928","84000","42466","75625","99273","-","**","36250","26280","-","**","-","**","-","**","40714","102014","80208","47190","2917","31221","42969","38673","61136","26229","35227","14402","61761","26786","58807","50195","66667","26095","62159","35291","44844","21377","88125","21317","16176","13459","16364","18797","14423","18988","-","**","15833","19079","19250","27172","-","**","(X)","(X)","(X)","(X)","(X)","(X)"
"1400000US36081119500","Census Tract 1195, Queens County, New York","444","44","54.3","11.5","6.1","6.9","0.0","7.1","25.7","11.8","0.0","7.1","11.3","7.5","2.7","4.3","19.6","10.4","49.1","13.7","2.7","4.3","22.7","9.3","56.1","12.4","18.5","8.1","389","50","51.4","11.4","48.6","11.4","77.9","11.5","14.1","9.5","8.0","6.1","55","32","70.9","25.3","70.9","25.3","0.0","40.0","29.1","25.3","29.1","25.3","0.0","40.0","40.3","(X)","38.6","(X)","52.7","(X)","86000","18271","91297","10362","-","**","-","**","75833","11333","-","**","103750","23561","-","**","111927","5357","90755","28439","-","**","76583","4468","92015","16736","34853","38327","90873","7850","88750","14637","112266","27967","90842","7393","34191","135211","111705","216758","38512","5049","38631","4832","38631","4832","-","**","24500","99977","24500","99977","-","**","(X)","(X)","(X)","(X)","(X)","(X)"
"1400000US36081119900","Census Tract 1199, Queens County, New York","472","58","43.6","11.9","5.5","7.2","3.0","4.4","37.5","14.2","0.0","6.6","3.8","5.9","6.6","8.8","9.5","7.9","37.9","12.8","0.0","6.6","27.1","12.5","55.1","13.1","17.8","8.8","358","54","55.9","15.2","44.1","15.2","86.6","9.1","10.3","8.6","3.1","2.7","114","56","11.4","12.7","11.4","12.7","0.0","24.4","88.6","12.7","76.3","19.5","12.3","13.8","53.8","(X)","51.4","(X)","61.4","(X)","76667","22060","97368","11869","-","**","-","**","81161","33982","-","**","-","**","-","**","93906","100280","97404","45046","-","**","31917","27466","94643","26899","112647","44578","95395","19467","82321","42663","97308","18686","96447","17722","31161","94180","-","**","31750","20126","-","**","-","**","-","**","32292","32221","31708","11762","-","**","(X)","(X)","(X)","(X)","(X)","(X)"
"1400000US36081120100","Census Tract 1201, Queens County, New York","494","62","24.9","10.5","0.0","6.4","0.0","6.4","74.1","10.6","0.0","6.4","1.0","1.8","0.0","6.4","12.3","9.0","13.6","7.0","0.0","6.4","27.5","9.0","55.1","12.4","17.4","9.7","384","64","37.2","13.4","62.8","13.4","72.9","11.9","17.4","9.7","9.6","7.8","110","61","47.3","27.8","37.3","24.5","10.0","12.3","52.7","27.8","52.7","27.8","0.0","25.2","42.5","(X)","44.8","(X)","34.5","(X)","53000","31148","69013","40389","-","**","-","**","45714","28176","-","**","-","**","-","**","69276","75663","90096","77428","-","**","75357","23550","54500","35721","38393","32570","46786","30441","45804","45460","50982","51122","43478","14402","101146","45446","82788","56440","51250","53686","85682","84664","85568","83976","-","**","7417","109509","7417","109509","-","**","(X)","(X)","(X)","(X)","(X)","(X)"
"1400000US36081120300","Census Tract 1203, Queens County, New York","484","57","31.4","10.1","6.8","10.5","0.0","6.5","58.5","13.2","0.0","6.5","0.0","6.5","3.3","5.2","13.0","11.1","25.2","9.6","0.8","1.5","28.5","12.4","40.1","14.4","30.6","12.6","456","52","32.2","9.9","67.8","9.9","68.4","14.6","20.8","11.1","10.7","11.6","28","23","50.0","40.7","50.0","40.7","0.0","56.0","50.0","40.7","50.0","40.7","0.0","56.0","50.6","(X)","52.9","(X)","0.0","(X)","70851","18621","79412","57162","-","**","-","**","64083","17930","-","**","-","**","-","**","250,000+","***","79265","71185","-","**","79265","72226","83500","72797","70213","31964","71596","17375","78162","26916","71356","32775","70426","12249","52109","49517","250,000+","***","21250","7988","-","**","-","**","-","**","-","**","-","**","-","**","(X)","(X)","(X)","(X)","(X)","(X)"
"1400000US36081120500","Census Tract 1205, Queens County, New York","987","62","19.1","6.4","2.1","2.1","0.0","3.2","72.4","6.8","0.0","3.2","6.3","4.2","0.0","3.2","4.7","3.6","16.3","6.0","1.5","2.4","23.1","7.6","28.9","6.8","46.5","7.9","659","97","23.4","11.5","76.6","11.5","73.9","7.8","7.4","6.5","18.7","7.4","328","80","58.2","18.2","54.6","18.6","3.7","4.4","41.8","18.2","36.6","18.6","5.2","5.9","45.6","(X)","53.1","(X)","30.5","(X)","25072","4913","20972","11197","-","**","-","**","23792","6746","-","**","31528","82277","-","**","31944","25708","16359","11642","-","**","61111","13511","35950","7916","11296","1988","32008","8647","52738","14068","27031","9066","33125","8373","19750","71463","26607","75923","11141","2633","9264","1036","9097","912","-","**","14427","23473","13542","10895","-","**","(X)","(X)","(X)","(X)","(X)","(X)"
"1400000US36081120700","Census Tract 1207, Queens County, New York","886","69","51.2","9.0","0.5","0.8","1.1","1.5","39.4","8.1","0.0","3.6","6.9","6.5","0.9","1.1","13.7","7.2","42.4","9.0","0.5","0.7","28.1","8.3","46.7","9.1","24.7","6.9","662","83","30.2","10.5","69.8","10.5","78.4","9.8","14.5","8.2","7.1","6.7","224","77","40.2","19.6","38.8","19.6","1.3","2.8","59.8","19.6","36.2","22.6","23.7","22.5","40.7","(X)","39.6","(X)","35.7","(X)","84286","17100","101466","8592","-","**","-","**","73250","18982","-","**","83884","30053","-","**","84509","24649","101121","19799","-","**","83884","20765","103370","38377","53438","48724","99167","9585","112895","24622","86477","18929","103697","3704","35000","47820","67026","29947","38750","37026","41389","29354","40972","33374","-","**","36538","80163","24275","4041","-","**","(X)","(X)","(X)","(X)","(X)","(X)"
"1400000US36081121100","Census Tract 1211, Queens County, New York","0","12","-","**","-","**","-","**","-","**","-","**","-","**","-","**","-","**","-","**","-","**","-","**","-","**","-","**","0","12","-","**","-","**","-","**","-","**","-","**","0","12","-","**","-","**","-","**","-","**","-","**","-","**","-","(X)","-","(X)","-","(X)","-","**","-","**","-","**","-","**","-","**","-","**","-","**","-","**","-","**","-","**","-","**","-","**","-","**","-","**","-","**","-","**","-","**","-","**","-","**","-","**","-","**","-","**","-","**","-","**","-","**","-","**","-","**","(X)","(X)","(X)","(X)","(X)","(X)"
"1400000US36081121500","Census Tract 1215, Queens County, New York","1269","86","36.6","8.1","1.2","1.3","0.0","2.5","49.0","6.5","0.0","2.5","11.8","6.1","1.3","1.5","18.8","8.0","29.0","7.6","2.5","1.7","25.6","7.4","51.8","8.8","20.1","6.4","1092","100","40.7","9.4","59.3","9.4","79.8","7.4","10.2","6.2","10.1","5.2","177","69","34.5","20.3","34.5","20.3","0.0","16.7","65.5","20.3","35.6","21.5","29.9","22.1","38.5","(X)","33.4","(X)","50.3","(X)","57925","7268","54863","10070","-","**","-","**","49375","17548","-","**","61957","24014","-","**","58333","10238","62759","9984","2,500-","***","59665","10038","56850","17319","39671","25201","54571","5853","58558","9367","53036","14826","60742","8319","22250","36750","38816","19229","45114","43562","35179","43736","35179","43736","-","**","46591","68912","2,500-","***","96719","360305","(X)","(X)","(X)","(X)","(X)","(X)"
"1400000US36081122300","Census Tract 1223, Queens County, New York","1261","56","51.0","8.9","0.0","2.5","0.0","2.5","33.9","7.6","0.0","2.5","14.0","7.4","1.2","1.8","18.7","7.4","44.3","8.1","0.0","2.5","29.3","8.2","45.0","9.2","25.6","7.0","968","98","34.4","10.7","65.6","10.7","78.1","10.5","13.2","8.7","8.7","8.5","293","85","51.5","19.1","51.5","19.1","0.0","10.5","48.5","19.1","26.6","16.9","21.8","16.1","52.0","(X)","55.8","(X)","36.2","(X)","71513","18063","75402","23266","-","**","-","**","60795","27432","-","**","103026","78531","-","**","99167","30093","68472","26397","-","**","85357","19966","79931","9698","32188","11338","78333","7821","89904","52079","71068","18398","81719","10920","43438","55899","72105","9601","26563","37337","24732","14518","24732","14518","-","**","55078","60064","56719","36026","18125","9667","(X)","(X)","(X)","(X)","(X)","(X)"
"1400000US36081122701","Census Tract 1227.01, Queens County, New York","4122","204","51.8","6.4","7.4","3.3","0.0","0.8","26.6","4.6","0.0","0.8","11.8","6.0","2.5","1.7","20.1","5.3","44.2","6.2","1.8","2.4","26.7","6.8","46.4","6.8","25.1","5.0","2763","325","38.3","8.0","61.7","8.0","72.9","8.0","20.9","7.3","6.2","3.4","1359","298","55.2","13.2","54.4","13.2","0.8","1.5","44.8","13.2","36.5","12.3","8.3","9.8","49.9","(X)","44.7","(X)","55.1","(X)","47986","13509","52097","17230","50611","18613","-","**","37294","30548","-","**","38600","15814","37337","80267","49306","17882","47059","25699","-","**","50229","20955","55586","17171","26526","11104","55294","6936","52283","8267","57201","15245","54754","9375","55192","32134","56932","30837","30829","8391","19684","9548","19509","9003","-","**","57841","41651","59242","38323","39383","32070","(X)","(X)","(X)","(X)","(X)","(X)"
"1400000US36081122702","Census Tract 1227.02, Queens County, New York","2728","99","37.6","6.2","38.1","6.3","1.6","3.0","11.3","4.5","0.0","1.2","8.0","2.5","3.3","2.9","25.8","5.8","25.0","5.7","2.3","3.0","30.7","8.1","36.2","8.0","30.7","7.1","1548","245","42.2","11.3","57.8","11.3","45.5","11.0","42.9","10.7","11.6","7.1","1180","247","63.3","12.0","60.8","12.2","2.5","3.0","36.7","12.0","36.7","12.0","0.0","2.7","44.0","(X)","44.8","(X)","42.8","(X)","16810","7131","22978","8677","9453","7141","-","**","14013","3885","-","**","16708","27042","70133","90938","17167","21820","22299","9609","-","**","18810","10480","25112","15914","14282","8549","27115","14752","19613","19997","35043","21138","50160","20880","13667","12019","29423","57094","12675","3877","12335","3712","11783","3636","-","**","13180","7014","13180","7014","-","**","(X)","(X)","(X)","(X)","(X)","(X)"
"1400000US36081124100","Census Tract 1241, Queens County, New York","1186","117","56.6","7.5","3.9","4.6","0.0","2.7","35.8","7.3","0.0","2.7","1.8","2.0","1.9","3.2","9.9","5.3","48.4","8.1","5.9","4.8","20.8","8.2","42.4","8.7","30.9","7.3","868","121","29.5","7.5","70.5","7.5","86.8","5.8","8.1","4.5","5.2","3.5","318","123","47.5","19.9","28.3","14.2","19.2","16.7","52.5","19.9","40.3","20.4","12.3","18.1","27.3","(X)","26.3","(X)","25.8","(X)","59113","14902","58911","15423","90758","39381","-","**","54712","27714","-","**","-","**","-","**","76500","11782","57823","30191","2,500-","***","67386","33522","74583","24973","51389","18076","75676","7662","79583","27767","75000","12789","77454","15639","76500","47734","45972","30862","15833","16521","16488","11018","17381","44460","2,500-","***","11354","45025","35750","32343","-","**","(X)","(X)","(X)","(X)","(X)","(X)"
"1400000US36081124700","Census Tract 1247, Queens County, New York","1217","24","69.6","6.9","0.9","1.4","0.0","2.6","29.5","6.8","0.0","2.6","0.0","2.6","0.0","2.6","4.8","4.1","64.8","7.4","1.5","1.6","29.7","7.1","39.0","7.4","29.7","7.7","956","76","46.7","8.2","53.3","8.2","90.3","6.0","7.3","5.5","2.4","2.6","261","70","75.5","14.3","72.4","14.0","3.1","4.7","24.5","14.3","16.1","12.6","8.4","8.3","23.2","(X)","24.1","(X)","19.9","(X)","87083","19507","89205","20401","-","**","-","**","81771","39001","-","**","-","**","-","**","115714","52788","82348","27098","-","**","94394","9326","121705","27976","34750","30512","102250","20803","98641","15151","112292","34637","109712","20783","24907","134166","-","**","34688","9836","33313","13430","33813","11066","-","**","60000","55971","45000","121414","-","**","(X)","(X)","(X)","(X)","(X)","(X)"
"1400000US36081125700","Census Tract 1257, Queens County, New York","919","95","22.2","7.9","27.4","7.9","0.0","3.5","41.2","9.3","0.0","3.5","2.5","4.1","6.6","5.1","9.7","5.4","18.0","7.5","2.6","3.9","31.6","9.8","42.3","10.4","23.5","6.8","679","120","42.6","11.2","57.4","11.2","69.4","9.2","20.3","6.4","10.3","6.7","240","100","65.8","17.3","65.8","17.3","0.0","12.6","34.2","17.3","20.4","17.0","13.8","14.2","35.6","(X)","37.0","(X)","25.8","(X)","52853","13844","39457","23485","57115","14175","-","**","53988","70891","-","**","-","**","78750","150539","38967","16449","31563","47823","-","**","52917","19864","56779","21165","43500","34684","54526","21005","62860","17901","48750","29218","63650","20829","44750","39561","39130","29623","24904","38551","44063","27454","44063","27454","-","**","6875","21352","15469","32169","-","**","(X)","(X)","(X)","(X)","(X)","(X)"
"1400000US36081126500","Census Tract 1265, Queens County, New York","572","50","41.3","9.7","6.5","5.9","0.0","5.5","37.1","7.8","0.0","5.5","7.3","5.1","7.9","7.6","14.3","8.5","32.3","10.1","11.4","7.1","23.8","11.2","45.1","12.6","19.8","7.6","374","60","46.0","14.2","54.0","14.2","83.2","9.6","9.1","5.2","7.8","7.3","198","52","70.2","17.1","56.1","19.8","14.1","17.0","29.8","17.1","19.2","13.0","10.6","11.1","22.4","(X)","27.3","(X)","13.1","(X)","46563","20946","58690","23888","19821","370559","-","**","54375","30245","-","**","35455","75306","-","**","145200","218286","58036","15010","14135","74682","44286","67866","53462","32137","56563","48945","81111","29845","44524","67618","84643","39125","94750","42257","29167","44018","24917","116675","19924","9754","25313","13967","19129","7540","-","**","14327","13383","20938","17133","13750","41432","(X)","(X)","(X)","(X)","(X)","(X)"
"1400000US36081126700","Census Tract 1267, Queens County, New York","723","36","39.6","9.6","5.4","3.6","0.7","1.1","45.5","10.4","0.0","4.4","7.7","3.3","1.1","1.7","14.0","6.9","33.2","9.2","8.4","5.1","22.4","7.4","48.5","10.2","20.6","6.9","525","76","52.0","9.9","48.0","9.9","73.1","9.1","22.1","9.2","4.8","4.5","198","71","38.9","19.4","28.3","17.1","10.6","12.3","61.1","19.4","50.5","20.8","10.6","12.4","26.8","(X)","26.9","(X)","26.8","(X)","77094","7192","77143","40135","34875","23154","-","**","77250","15334","-","**","103333","35635","-","**","103264","6013","75500","18644","19732","24772","86364","18091","93466","22086","27083","10298","86080","15324","92583","18815","62727","25701","93523","14588","56750","19246","77250","48979","26833","11670","27083","4878","25333","5006","-","**","19803","101617","75143","104024","-","**","(X)","(X)","(X)","(X)","(X)","(X)"
"1400000US36081127700","Census Tract 1277, Queens County, New York","1128","61","76.7","6.6","4.6","4.5","0.0","2.8","14.1","5.1","0.0","2.8","4.6","4.6","0.0","2.8","5.5","4.8","75.8","6.6","0.5","1.0","30.1","7.3","32.5","8.4","36.8","8.3","928","95","41.9","9.4","58.1","9.4","85.5","10.3","10.8","9.5","3.8","5.1","200","75","57.0","19.7","54.0","19.9","3.0","5.7","43.0","19.7","25.5","18.1","17.5","13.6","37.1","(X)","31.8","(X)","62.0","(X)","105156","10549","106191","19705","123269","30942","-","**","100568","59069","-","**","-","**","-","**","41118","8700","106387","23506","-","**","105086","12698","157422","38565","72202","19772","108750","34712","110795","48311","107338","54697","123510","35702","105208","111696","-","**","30357","26284","18750","19251","20833","20473","-","**","86000","97927","29323","53890","138875","26538","(X)","(X)","(X)","(X)","(X)","(X)"
"1400000US36081128300","Census Tract 1283, Queens County, New York","37","27","86.5","27.3","0.0","48.8","0.0","48.8","13.5","27.3","0.0","48.8","0.0","48.8","0.0","48.8","0.0","48.8","86.5","27.3","0.0","48.8","10.8","19.2","62.2","35.3","27.0","29.4","23","27","0.0","61.8","100.0","61.8","100.0","61.8","0.0","61.8","0.0","61.8","14","11","35.7","49.7","35.7","49.7","0.0","79.3","64.3","49.7","64.3","49.7","0.0","79.3","13.5","(X)","0.0","(X)","35.7","(X)","49688","172794","135278","175154","-","**","-","**","-","**","-","**","-","**","-","**","-","**","135278","175154","-","**","-","**","-","**","-","**","-","**","-","**","-","**","-","**","-","**","-","**","43500","19086","-","**","-","**","-","**","-","**","-","**","-","**","(X)","(X)","(X)","(X)","(X)","(X)"
"1400000US36081129102","Census Tract 1291.02, Queens County, New York","1185","48","75.5","4.0","0.0","2.7","0.0","2.7","23.0","3.9","0.0","2.7","0.0","2.7","1.5","2.4","6.2","4.0","69.4","5.1","2.6","3.8","19.9","5.2","49.6","6.9","27.8","3.8","913","71","36.3","7.6","63.7","7.6","83.9","7.1","12.9","6.1","3.2","3.1","272","66","75.4","12.5","68.0","15.2","7.4","11.5","24.6","12.5","24.6","12.5","0.0","11.2","39.6","(X)","41.5","(X)","33.1","(X)","94464","23786","83906","23207","-","**","-","**","115000","30303","-","**","-","**","-","**","142083","68354","81167","17983","-","**","117000","64405","111094","14824","59559","10024","108625","19026","107625","42424","117763","28317","106786","20753","98750","56247","201771","42267","57794","13627","61750","18845","60083","21353","-","**","42216","26579","42216","26579","-","**","(X)","(X)","(X)","(X)","(X)","(X)"
"1400000US36081129103","Census Tract 1291.03, Queens County, New York","1825","118","74.9","6.7","1.2","1.3","0.0","1.8","23.2","6.7","0.0","1.8","0.0","1.8","0.7","0.8","2.0","1.6","73.6","6.7","0.4","0.7","34.0","6.3","43.3","5.9","22.2","4.8","877","140","34.8","9.8","65.2","9.8","83.9","7.1","13.3","6.7","2.7","2.3","948","155","51.4","11.7","50.1","11.3","1.3","2.1","48.6","11.7","43.5","12.1","5.2","5.0","20.2","(X)","29.9","(X)","11.3","(X)","70125","15319","76533","15211","-","**","-","**","68640","14317","-","**","-","**","-","**","86607","69416","75991","16682","-","**","84412","21454","82083","23321","43300","14394","91676","14036","94583","31460","90608","15963","97500","16928","34844","51422","-","**","55811","19156","42604","17023","41845","15051","-","**","68768","23031","68456","23336","92644","67846","(X)","(X)","(X)","(X)","(X)","(X)"
"1400000US36081129104","Census Tract 1291.04, Queens County, New York","1956","37","64.0","7.5","8.8","5.2","0.0","1.6","24.9","6.9","0.0","1.6","0.5","0.9","1.7","2.2","5.0","2.8","59.0","8.0","0.0","1.6","32.0","6.7","41.9","7.8","26.1","5.8","1131","159","49.9","9.0","50.1","9.0","78.0","9.5","16.0","8.0","6.0","6.8","825","157","60.5","12.0","60.5","12.0","0.0","3.9","39.5","12.0","36.5","11.5","3.0","3.3","25.2","(X)","20.5","(X)","31.6","(X)","85741","15041","75860","7583","102109","28070","-","**","101915","9086","-","**","-","**","-","**","95795","176850","75390","8418","-","**","101488","11680","90238","13558","44732","12388","102261","18225","113622","23174","89531","20182","114796","19080","68417","27099","101011","61939","61528","20142","54063","21025","54063","21025","-","**","70595","29542","61806","31337","-","**","(X)","(X)","(X)","(X)","(X)","(X)"
"1400000US36081130100","Census Tract 1301, Queens County, New York","1529","76","50.4","7.6","14.6","5.8","0.0","2.1","26.6","7.4","0.0","2.1","5.9","5.2","2.6","2.3","15.8","6.6","40.9","7.6","3.2","3.2","31.2","6.8","41.9","6.7","23.7","5.3","1069","113","42.7","11.1","57.3","11.1","72.5","9.4","22.4","8.9","5.1","3.3","460","99","48.9","12.4","47.0","12.1","2.0","2.9","51.1","12.4","43.9","13.9","7.2","11.1","27.1","(X)","31.9","(X)","14.1","(X)","71620","15576","61250","9658","73902","50394","-","**","96389","16215","-","**","41053","32769","17083","106352","63629","11263","61310","15978","40329","58530","72689","16881","92208","21860","49167","28070","95066","14664","75313","38978","101125","19730","105195","14129","61339","15459","107708","37375","41223","7332","36964","11969","35357","11499","-","**","42112","13404","40690","19600","-","**","(X)","(X)","(X)","(X)","(X)","(X)"
"1400000US36081133300","Census Tract 1333, Queens County, New York","1287","76","65.3","7.1","0.0","2.5","0.7","1.1","32.4","6.2","0.0","2.5","1.6","2.4","0.0","2.5","7.7","4.6","59.2","7.2","0.9","1.3","12.0","5.8","55.1","6.7","32.0","5.4","982","105","43.6","8.8","56.4","8.8","85.6","6.1","9.6","5.3","4.8","3.3","305","87","49.8","18.8","36.1","17.8","13.8","9.8","50.2","18.8","47.2","19.3","3.0","4.7","41.4","(X)","45.8","(X)","23.6","(X)","86719","21285","79167","20704","-","**","-","**","93125","44084","-","**","-","**","-","**","140781","120328","76435","12102","-","**","130391","88703","94572","21545","38947","35039","100469","16033","104643","37364","96250","13976","103750","19121","87679","39770","96458","86784","28859","10828","30192","34067","14688","21606","87667","98950","28750","18386","28261","14282","-","**","(X)","(X)","(X)","(X)","(X)","(X)"
"1400000US36081133900","Census Tract 1339, Queens County, New York","432","25","63.2","8.2","0.0","7.2","0.0","7.2","31.3","8.7","0.0","7.2","3.5","3.6","2.1","3.1","5.3","4.4","59.5","8.6","5.3","5.8","20.1","8.3","52.8","11.0","21.8","8.0","350","42","36.6","10.4","63.4","10.4","90.6","6.8","8.6","6.7","0.9","1.6","82","37","56.1","28.0","30.5","23.7","25.6","25.9","43.9","28.0","34.1","27.9","9.8","12.9","30.6","(X)","19.7","(X)","76.8","(X)","89038","34075","77813","31765","-","**","-","**","106094","42636","-","**","-","**","-","**","137604","47754","73250","29833","-","**","67132","79422","118145","22715","60625","12182","105313","30144","99643","29987","117727","58179","117540","34133","30000","143254","-","**","34000","22542","21500","21237","33250","52595","-","**","41765","67191","41176","29931","-","**","(X)","(X)","(X)","(X)","(X)","(X)"
"1400000US36081134100","Census Tract 1341, Queens County, New York","1043","79","43.5","7.1","0.7","1.1","0.0","3.1","48.4","6.9","1.5","2.2","0.9","1.4","5.0","5.1","6.6","5.1","38.4","9.3","0.9","1.4","26.9","7.6","51.1","7.5","21.1","7.2","860","85","44.0","8.2","56.0","8.2","75.3","8.6","12.2","7.0","12.4","7.9","183","78","91.3","11.1","87.4","11.6","3.8","7.1","8.7","11.1","8.7","11.1","0.0","16.2","41.6","(X)","37.6","(X)","56.8","(X)","86250","5359","100250","31530","-","**","-","**","83083","25102","-","**","-","**","85743","23566","85540","33203","106683","15226","-","**","61106","45638","90329","13545","68929","25680","92770","15375","87500","30061","93750","24798","94392","20552","85938","12202","105337","137192","55179","25594","48125","24650","49000","25328","-","**","-","**","-","**","-","**","(X)","(X)","(X)","(X)","(X)","(X)"
"1400000US36081134700","Census Tract 1347, Queens County, New York","3893","134","38.0","5.7","10.2","3.7","0.0","0.8","42.6","4.9","0.0","0.8","6.3","3.5","2.9","1.8","12.8","4.4","33.6","5.0","2.9","2.8","36.7","6.0","41.5","5.7","19.0","5.1","2279","240","50.3","8.5","49.7","8.5","81.5","6.5","10.0","4.7","8.5","5.8","1614","241","57.2","10.6","49.1","10.5","8.2","7.2","42.8","10.6","33.5","10.2","9.3","6.1","33.8","(X)","41.7","(X)","22.6","(X)","45656","6908","52400","18162","42604","21531","-","**","40039","8514","-","**","46620","34324","46458","33280","50845","19670","55250","28633","2,500-","***","63173","34202","44745","7756","31555","7167","51437","15627","60344","15536","41404","27302","55104","19822","47375","50002","25074","57086","34223","11144","29968","7701","33144","5186","25849","36841","52109","17758","60042","32274","47188","80654","(X)","(X)","(X)","(X)","(X)","(X)"
"1400000US36081136700","Census Tract 1367, Queens County, New York","2430","110","53.3","7.2","2.3","2.8","0.0","1.3","39.5","6.7","0.0","1.3","3.0","3.1","1.8","2.5","7.8","4.1","50.3","7.0","0.0","1.3","27.2","7.8","44.3","8.1","28.4","5.5","1654","166","45.1","7.8","54.9","7.8","78.4","6.4","16.6","6.6","5.0","3.5","776","150","55.9","12.3","50.9","12.1","5.0","4.6","44.1","12.3","33.9","13.4","10.2","8.9","31.4","(X)","33.6","(X)","26.7","(X)","65682","11769","70273","17649","-","**","-","**","64773","18350","-","**","17256","160882","-","**","58081","11423","67188","22582","-","**","76000","17157","76181","32193","40583","7415","76393","13124","73393","35498","77308","15657","77125","27362","80625","28258","70917","4086","35100","8380","37885","16682","36563","13200","71250","59322","34261","32532","31250","25191","86506","21901","(X)","(X)","(X)","(X)","(X)","(X)"
"1400000US36081137700","Census Tract 1377, Queens County, New York","2337","100","47.1","7.9","0.6","1.0","0.0","1.4","48.6","7.4","0.0","1.4","1.4","2.2","2.3","2.7","6.2","2.4","40.9","7.5","0.0","1.4","37.5","7.6","39.4","7.4","23.1","7.1","1602","171","47.4","8.6","52.6","8.6","86.1","6.6","9.9","5.7","4.0","3.3","735","168","53.6","15.8","51.8","16.6","1.8","2.8","46.4","15.8","32.9","14.3","13.5","11.5","30.2","(X)","33.3","(X)","23.4","(X)","69485","17523","62692","27302","-","**","-","**","80366","18385","-","**","-","**","16824","33779","29231","50992","73409","31644","-","**","81250","33237","76875","12745","30321","9216","77813","15391","50698","27967","82378","14523","79219","16969","73654","37400","38854","70873","54271","31843","28077","28310","26917","24520","-","**","59967","37891","51250","31600","90156","144950","(X)","(X)","(X)","(X)","(X)","(X)"
"1400000US36081138501","Census Tract 1385.01, Queens County, New York","1427","100","40.6","6.7","0.0","2.2","1.5","2.3","51.4","7.5","0.0","2.2","6.4","5.3","0.0","2.2","12.5","6.6","34.5","7.2","0.0","2.2","30.3","7.7","40.4","8.7","29.3","6.8","1171","110","51.0","8.6","49.0","8.6","88.8","5.5","9.0","5.3","2.2","2.9","256","81","68.0","20.1","68.0","20.1","0.0","11.9","32.0","20.1","32.0","20.1","0.0","11.9","43.7","(X)","48.7","(X)","20.7","(X)","67417","24562","72917","26288","-","**","-","**","58365","27510","-","**","106500","31607","-","**","106438","15163","73021","28510","-","**","104750","20424","64702","42887","40313","19917","80051","32509","87917","32316","62692","30425","81198","25926","48375","57567","-","**","29286","46784","73125","87173","73125","87173","-","**","13250","29706","13250","29706","-","**","(X)","(X)","(X)","(X)","(X)","(X)"
"1400000US36081138502","Census Tract 1385.02, Queens County, New York","0","12","-","**","-","**","-","**","-","**","-","**","-","**","-","**","-","**","-","**","-","**","-","**","-","**","-","**","0","12","-","**","-","**","-","**","-","**","-","**","0","12","-","**","-","**","-","**","-","**","-","**","-","**","-","(X)","-","(X)","-","(X)","-","**","-","**","-","**","-","**","-","**","-","**","-","**","-","**","-","**","-","**","-","**","-","**","-","**","-","**","-","**","-","**","-","**","-","**","-","**","-","**","-","**","-","**","-","**","-","**","-","**","-","**","-","**","(X)","(X)","(X)","(X)","(X)","(X)"
"1400000US36081139900","Census Tract 1399, Queens County, New York","538","41","58.0","8.1","0.0","5.9","0.0","5.9","40.9","7.3","0.0","5.9","0.0","5.9","1.1","1.9","6.7","6.6","52.4","7.5","0.0","5.9","16.5","7.9","60.4","7.8","23.0","7.6","462","50","35.5","9.3","64.5","9.3","74.9","11.5","22.5","11.1","2.6","3.4","76","38","63.2","22.7","30.3","24.2","32.9","25.1","36.8","22.7","32.9","21.6","3.9","7.1","24.5","(X)","22.5","(X)","26.3","(X)","88750","26121","93571","73382","-","**","-","**","83636","23531","-","**","-","**","-","**","24545","196491","108750","64961","-","**","79375","63806","102321","51771","47500","39539","104167","34864","136136","33907","69583","61518","135114","46532","40526","23473","171250","135455","29808","18361","29722","14771","33750","60566","24453","24370","42500","52922","29063","54940","-","**","(X)","(X)","(X)","(X)","(X)","(X)"
"1400000US36081140300","Census Tract 1403, Queens County, New York","826","36","40.1","7.6","0.5","0.9","0.0","3.9","52.4","8.8","0.0","3.9","5.8","5.1","1.2","1.7","14.0","6.1","30.4","7.3","0.0","3.9","18.0","4.8","63.0","7.5","19.0","6.3","693","58","45.6","8.6","54.4","8.6","81.7","6.4","14.7","4.9","3.6","4.6","133","49","91.0","8.8","91.0","8.8","0.0","21.5","9.0","8.8","9.0","8.8","0.0","21.5","32.7","(X)","33.0","(X)","30.8","(X)","72143","12644","83098","17165","-","**","-","**","65907","17459","-","**","76000","23489","-","**","76625","56153","77188","19963","-","**","92188","51447","75208","13814","30655","9922","76745","9947","84688","26337","75580","15002","81429","12833","72083","32840","-","**","19458","20431","19375","18993","19375","18993","-","**","-","**","-","**","-","**","(X)","(X)","(X)","(X)","(X)","(X)"
"1400000US36081140901","Census Tract 1409.01, Queens County, New York","315","13","49.5","13.2","1.3","2.0","0.0","9.8","49.2","13.8","0.0","9.8","0.0","9.8","0.0","9.8","5.7","6.0","45.7","12.1","0.0","9.8","10.5","6.0","55.9","12.4","33.7","11.5","265","31","32.5","8.8","67.5","8.8","92.5","7.1","7.5","7.1","0.0","11.5","50","29","20.0","21.2","20.0","21.2","0.0","41.9","80.0","21.2","80.0","21.2","0.0","41.9","25.1","(X)","26.4","(X)","0.0","(X)","58750","31630","75000","26585","-","**","-","**","51920","30922","-","**","-","**","-","**","12045","24355","80521","23089","-","**","69028","20235","55417","40128","64000","40598","57292","24518","37434","70824","59306","42967","58984","41346","12273","54861","-","**","80500","50021","-","**","-","**","-","**","80500","52329","80500","52329","-","**","(X)","(X)","(X)","(X)","(X)","(X)"
"1400000US36081140902","Census Tract 1409.02, Queens County, New York","838","61","39.4","6.3","2.4","2.8","0.0","3.8","57.5","6.5","0.0","3.8","0.7","1.1","0.0","3.8","7.6","4.4","34.1","6.6","1.9","3.0","25.9","5.5","53.8","5.5","18.4","3.6","757","64","38.7","7.4","61.3","7.4","83.8","7.1","9.6","6.1","6.6","4.4","81","36","80.2","16.7","74.1","18.2","6.2","10.6","19.8","16.7","19.8","16.7","0.0","31.8","43.0","(X)","44.0","(X)","27.2","(X)","94922","10190","71667","17514","-","**","-","**","101912","12259","-","**","-","**","-","**","58750","36181","75056","18646","-","**","93631","29833","108274","13701","48000","33218","97379","8120","94821","15910","101917","8972","100098","9829","94659","37685","86500","210756","52250","26480","53125","22820","54167","39744","-","**","34167","31694","34167","31694","-","**","(X)","(X)","(X)","(X)","(X)","(X)"
"1400000US36081141700","Census Tract 1417, Queens County, New York","1513","82","50.4","6.2","1.8","2.3","0.0","2.1","42.8","6.2","0.0","2.1","3.9","3.9","1.2","1.7","13.0","5.9","44.0","6.0","0.0","2.1","29.1","7.2","43.2","8.0","27.8","5.6","1170","119","38.2","7.9","61.8","7.9","78.8","7.4","17.4","6.4","3.8","3.2","343","87","69.4","13.7","60.9","11.8","8.5","7.8","30.6","13.7","30.6","13.7","0.0","9.0","38.3","(X)","37.7","(X)","40.5","(X)","81308","12285","64000","18226","-","**","-","**","100066","36890","-","**","137695","29123","-","**","126172","58867","60720","16181","-","**","109479","31145","102375","27036","41136","19866","105647","16408","102125","45978","105711","16854","107328","7571","80110","30811","50875","78295","23295","13907","26136","10762","24886","10945","116250","133322","14023","24085","14023","24085","-","**","(X)","(X)","(X)","(X)","(X)","(X)"
"1400000US36081142900","Census Tract 1429, Queens County, New York","1277","78","61.3","7.7","0.0","2.5","0.0","2.5","35.9","6.9","0.0","2.5","2.0","2.8","0.8","1.4","9.7","5.9","53.6","8.3","2.7","4.4","33.8","8.0","33.4","8.3","30.1","7.1","1027","110","35.2","9.3","64.8","9.3","79.6","8.6","15.8","8.2","4.6","3.3","250","104","57.6","22.1","52.0","22.3","5.6","7.2","42.4","22.1","42.4","22.1","0.0","12.2","39.5","(X)","36.5","(X)","51.6","(X)","61250","5483","60043","12010","-","**","-","**","61012","11121","-","**","-","**","-","**","90389","45792","54718","11447","-","**","75833","26209","77955","32243","44405","10503","66607","13768","78500","31135","65250","10937","79881","25623","28618","9724","68906","80311","37949","12276","39487","6762","39038","5064","-","**","6250","28320","6250","28320","-","**","(X)","(X)","(X)","(X)","(X)","(X)"
"1400000US36081143500","Census Tract 1435, Queens County, New York","726","52","51.2","9.0","0.0","4.4","0.0","4.4","48.3","8.8","0.0","4.4","0.0","4.4","0.4","0.9","6.9","4.2","44.4","10.0","0.0","4.4","26.9","8.6","47.7","9.9","25.5","7.3","537","75","33.3","8.7","66.7","8.7","86.8","5.9","11.4","5.7","1.9","2.4","189","66","65.6","23.1","52.9","24.4","12.7","15.9","34.4","23.1","23.3","19.4","11.1","12.1","41.3","(X)","45.1","(X)","30.7","(X)","75966","13563","98145","38623","-","**","-","**","75199","25060","-","**","-","**","-","**","121923","244452","71944","57569","-","**","98750","44646","60385","30532","58958","27419","81534","23933","90208","27921","77917","44103","90833","29331","69375","30338","-","**","61458","34425","75789","17691","73750","41988","-","**","33438","31415","17857","43898","-","**","(X)","(X)","(X)","(X)","(X)","(X)"
"1400000US36081144100","Census Tract 1441, Queens County, New York","1214","31","56.2","8.7","0.0","2.6","0.0","2.6","37.7","7.6","0.0","2.6","6.1","5.1","0.0","2.6","8.1","5.2","54.2","8.8","0.0","2.6","27.9","7.6","50.2","8.4","21.9","7.0","871","106","43.3","9.7","56.7","9.7","80.6","8.1","11.6","6.4","7.8","5.1","343","106","40.5","17.0","36.4","16.6","4.1","3.4","59.5","17.0","41.7","18.9","17.8","16.8","22.0","(X)","23.8","(X)","17.5","(X)","77500","18109","91944","20679","-","**","-","**","70250","21131","-","**","67391","104602","-","**","66087","51300","95221","15748","-","**","95699","44096","98007","19581","24394","6818","79583","26502","64028","29684","91875","24200","90938","28044","60268","24295","30500","42299","66523","26640","24489","6678","23693","5660","-","**","95515","29639","95551","21494","67446","115296","(X)","(X)","(X)","(X)","(X)","(X)"
"1400000US36081144700","Census Tract 1447, Queens County, New York","948","68","26.8","7.0","18.0","7.7","3.1","4.5","43.7","9.3","0.0","3.4","6.1","6.0","2.3","3.0","9.1","6.2","23.5","6.3","6.0","5.6","30.9","10.5","41.6","10.1","21.5","8.4","695","101","44.5","13.4","55.5","13.4","79.6","10.4","18.6","9.8","1.9","3.5","253","95","63.2","23.9","38.3","23.1","24.9","20.3","36.8","23.9","24.5","20.5","12.3","18.0","30.2","(X)","36.0","(X)","11.1","(X)","68021","17630","68209","9895","86681","52089","-","**","51250","12143","-","**","54500","94277","-","**","53500","51828","68575","11563","-","**","53059","17125","93056","25262","41959","15301","68417","23811","53520","9165","94907","18744","72578","33497","61576","33004","-","**","51161","38288","69211","13717","85733","62672","-","**","37212","6730","31833","23575","-","**","(X)","(X)","(X)","(X)","(X)","(X)"
"1400000US36081145101","Census Tract 1451.01, Queens County, New York","540","16","60.2","11.8","0.0","5.8","0.0","5.8","35.2","11.5","0.0","5.8","0.0","5.8","4.6","4.4","7.8","6.3","53.3","10.3","0.0","5.8","25.0","6.6","44.1","10.4","30.9","9.5","455","47","40.7","12.4","59.3","12.4","84.6","11.9","13.0","11.6","2.4","2.8","85","44","81.2","17.7","69.4","24.3","11.8","17.8","18.8","17.7","18.8","17.7","0.0","30.7","53.9","(X)","55.4","(X)","45.9","(X)","71071","11663","62303","21327","-","**","-","**","83790","39726","-","**","-","**","-","**","175500","245700","61842","24596","-","**","67688","17469","84634","85836","23533","9460","78750","10260","69313","21474","83250","37427","75438","13320","83347","5067","-","**","17375","12924","16708","6917","16292","4918","-","**","-","**","-","**","-","**","(X)","(X)","(X)","(X)","(X)","(X)"
"1400000US36081145102","Census Tract 1451.02, Queens County, New York","822","59","40.3","8.3","1.6","1.8","0.0","3.9","46.4","8.4","0.0","3.9","5.6","3.7","6.2","5.7","11.7","6.8","33.2","8.2","0.0","3.9","38.6","8.9","36.7","8.8","24.7","6.2","583","83","48.4","10.4","51.6","10.4","83.5","9.3","13.4","8.8","3.1","3.5","239","82","53.6","21.3","51.5","21.2","2.1","3.4","46.4","21.3","32.2","19.7","14.2","17.9","33.8","(X)","38.1","(X)","23.4","(X)","81875","26289","66250","19522","-","**","-","**","88365","12534","-","**","96538","36430","34861","35905","107823","23278","59821","13784","-","**","87614","42572","88036","20030","58750","21740","91250","12902","95000","20806","89777","14050","89968","15323","107188","32785","-","**","40438","20493","31694","14878","31492","11642","-","**","55625","62976","33750","18258","-","**","(X)","(X)","(X)","(X)","(X)","(X)"
"1400000US36081145900","Census Tract 1459, Queens County, New York","1006","48","63.5","7.3","0.5","0.7","0.0","3.2","31.8","8.8","0.0","3.2","0.8","1.4","3.4","3.9","5.1","3.4","59.2","7.8","0.5","0.8","31.9","9.3","42.3","7.4","25.2","6.3","762","83","31.5","8.4","68.5","8.4","72.0","10.3","16.7","7.0","11.3","6.1","244","76","53.3","19.6","50.8","18.5","2.5","3.9","46.7","19.6","36.1","20.4","10.7","11.1","35.7","(X)","34.6","(X)","30.7","(X)","84107","19324","85878","12856","-","**","-","**","66065","7996","-","**","-","**","-","**","80938","62287","86223","13369","-","**","85489","33633","88750","23896","50682","32066","93750","14818","66330","9365","103125","15940","97361","26364","103906","87118","88021","40350","38110","7270","23750","21538","18500","21648","-","**","43182","36496","39390","17417","-","**","(X)","(X)","(X)","(X)","(X)","(X)"
"1400000US36081146300","Census Tract 1463, Queens County, New York","897","72","55.0","10.3","1.1","1.8","0.0","3.6","39.7","10.2","0.0","3.6","4.2","5.2","0.0","3.6","11.9","6.5","46.0","11.4","2.1","3.3","33.1","11.4","40.6","12.1","24.2","8.9","673","100","49.5","13.2","50.5","13.2","66.6","15.1","28.8","13.8","4.6","4.2","224","94","28.6","14.4","26.8","15.5","1.8","3.9","71.4","14.4","54.0","17.6","17.4","14.7","36.5","(X)","42.8","(X)","17.4","(X)","71292","19452","81917","35932","-","**","-","**","70917","37149","-","**","-","**","-","**","97739","137596","76641","29158","-","**","57708","35877","80814","19382","25694","63788","76016","17597","71375","46658","78056","18578","78333","19781","66818","45782","76094","132660","47000","53969","7391","5595","7174","3078","-","**","54688","47001","47125","55458","106118","72653","(X)","(X)","(X)","(X)","(X)","(X)"
"1400000US36085000300","Census Tract 3, Richmond County, New York","842","88","70.2","11.1","12.7","7.5","0.0","3.8","11.2","6.6","0.0","3.8","2.1","3.3","3.8","3.5","11.5","5.4","63.9","10.8","1.4","2.0","40.0","9.0","42.3","9.2","16.3","6.0","281","80","48.4","16.0","51.6","16.0","84.0","16.4","12.8","15.6","3.2","5.2","561","89","36.7","10.0","30.1","10.2","6.6","7.1","63.3","10.0","59.5","10.4","3.7","3.3","33.0","(X)","51.2","(X)","23.9","(X)","55909","15371","51875","19704","71058","21443","-","**","43750","39928","-","**","-","**","51538","181511","70288","18354","49500","18062","-","**","51125","23258","67500","20697","51042","13356","60750","25673","66019","9068","45647","16352","51500","24638","66204","17990","-","**","54792","16873","50833","26528","43875","15059","-","**","56750","27122","53750","21549","177614","228678","(X)","(X)","(X)","(X)","(X)","(X)"
"1400000US36085000600","Census Tract 6, Richmond County, New York","1155","85","85.2","5.4","5.8","3.7","0.0","2.8","5.0","3.0","0.0","2.8","3.2","3.2","0.8","1.2","13.8","7.0","74.6","8.1","0.0","2.8","31.4","6.4","26.7","5.3","41.9","5.5","587","97","42.6","11.6","57.4","11.6","69.3","11.2","16.9","9.2","13.8","8.9","568","102","49.6","12.8","45.4","11.9","4.2","4.9","50.4","12.8","41.4","12.1","9.0","7.0","25.0","(X)","30.0","(X)","19.9","(X)","37781","12721","37500","16976","47096","45288","-","**","14583","41234","-","**","11736","155074","-","**","92629","125457","26389","23819","-","**","61726","43640","83125","44838","17744","2694","58029","37669","75625","67343","57740","38980","91250","38351","22468","46338","45772","12644","22328","4626","18864","3270","17955","3367","-","**","28750","14671","23807","14668","83125","156203","(X)","(X)","(X)","(X)","(X)","(X)"
"1400000US36085000700","Census Tract 7, Richmond County, New York","2189","172","36.8","8.4","44.5","8.6","0.0","1.5","5.8","5.6","0.0","1.5","11.4","7.0","1.5","1.7","24.3","9.0","27.2","7.2","6.3","4.5","43.2","9.1","34.8","8.7","15.8","5.6","1335","235","46.8","12.0","53.2","12.0","38.4","12.5","35.7","12.5","25.9","12.4","854","224","51.4","13.8","51.4","13.8","0.0","3.7","48.6","13.8","44.4","13.4","4.2","4.6","41.3","(X)","36.9","(X)","42.2","(X)","40134","14210","54313","24765","30987","20427","-","**","27795","39192","-","**","41176","6679","-","**","41360","14087","65179","35829","9846","47982","28159","14555","47796","14431","33393","34302","42823","14053","17314","22519","52500","26840","81659","39950","21324","27680","40331","55186","29222","5827","24458","9325","24458","9325","-","**","32102","13752","32102","14593","-","**","(X)","(X)","(X)","(X)","(X)","(X)"
"1400000US36085000800","Census Tract 8, Richmond County, New York","2048","88","78.6","7.0","6.0","5.4","0.0","1.6","9.5","2.3","0.0","1.6","6.0","5.1","0.0","1.6","27.5","8.1","60.1","7.6","2.0","2.4","35.1","7.4","41.7","6.3","21.2","5.3","1600","149","46.8","8.8","53.2","8.8","58.6","11.0","30.4","11.2","10.9","6.0","448","123","27.9","13.0","27.9","13.0","0.0","7.0","72.1","13.0","67.4","14.3","4.7","5.6","33.3","(X)","29.3","(X)","41.5","(X)","75545","11922","75376","11241","105813","56775","-","**","80000","62668","-","**","12625","93241","-","**","78088","28200","68611","15089","-","**","70982","24867","93750","15349","47788","19487","77455","12524","85066","26055","76487","17079","98750","16380","40884","47188","76205","25734","46364","15212","26050","9712","26050","9712","-","**","48750","22786","48632","28482","-","**","(X)","(X)","(X)","(X)","(X)","(X)"
"1400000US36085000900","Census Tract 9, Richmond County, New York","697","82","34.3","9.5","41.2","11.9","0.0","4.6","3.9","4.6","0.0","4.6","11.3","8.2","9.3","7.6","22.1","8.6","27.3","6.7","5.0","5.4","39.6","9.4","41.8","10.4","13.6","8.8","489","85","56.9","11.9","43.1","11.9","63.2","16.2","22.7","11.4","14.1","11.2","208","79","27.9","18.4","26.0","17.3","1.9","3.9","72.1","18.4","62.5","22.0","9.6","9.3","53.5","(X)","65.4","(X)","25.5","(X)","60817","21649","67361","70437","61490","18960","-","**","218224","173949","-","**","34050","28268","2,500-","***","34796","50765","95000","36208","-","**","66944","46607","70938","51664","39659","46045","86850","36695","57976","51188","101118","17105","97455","9947","33750","56179","39115","26235","35000","40729","43333","33805","37500","34812","-","**","9667","72571","8000","51072","-","**","(X)","(X)","(X)","(X)","(X)","(X)"
"1400000US36085001100","Census Tract 11, Richmond County, New York","1126","139","44.0","9.1","46.4","9.0","0.0","2.8","0.0","2.8","0.0","2.8","5.8","4.6","3.8","2.9","24.2","9.2","28.2","6.4","6.6","5.8","39.9","9.2","42.7","9.5","10.8","5.9","780","146","59.7","11.6","40.3","11.6","41.7","12.9","45.9","12.2","12.4","9.6","346","99","53.5","17.4","53.5","17.4","0.0","9.0","46.5","17.4","23.4","14.9","23.1","17.9","64.7","(X)","66.4","(X)","55.5","(X)","41149","6598","42262","13083","41364","14280","-","**","-","**","-","**","25329","19521","80375","124806","27917","21212","52898","14589","32589","37831","44141","27505","37656","29123","42273","15867","41731","15827","23261","13093","83913","44598","89840","16009","10245","4603","54830","110428","40164","12529","32708","11210","32708","11210","-","**","41699","13285","42009","19763","40909","40992","(X)","(X)","(X)","(X)","(X)","(X)"
"1400000US36085001700","Census Tract 17, Richmond County, New York","561","73","49.9","11.0","20.5","7.9","0.0","5.6","17.3","10.0","0.0","5.6","7.3","7.2","5.0","6.2","18.9","9.7","40.5","10.5","3.9","6.0","30.7","11.4","49.6","10.7","15.9","5.5","342","80","51.5","16.4","48.5","16.4","71.6","12.4","19.0","11.7","9.4","10.7","219","69","38.8","14.7","37.4","14.2","1.4","2.9","61.2","14.7","43.4","18.2","17.8","12.1","49.7","(X)","43.6","(X)","57.1","(X)","64107","19958","59470","16737","69107","34133","-","**","111875","50524","-","**","24375","39071","-","**","44583","39187","59205","34264","-","**","49375","34330","76196","37420","100750","65993","75978","13987","49688","56313","110000","54565","81793","42934","16181","17320","73750","1050","57792","37598","69107","76471","69643","72577","-","**","54808","35112","53942","43624","151875","172965","(X)","(X)","(X)","(X)","(X)","(X)"
"1400000US36085001800","Census Tract 18, Richmond County, New York","238","42","83.2","13.5","7.6","8.9","8.0","11.4","0.0","12.7","0.0","12.7","0.0","12.7","1.3","2.6","10.5","10.8","80.7","13.1","18.5","11.0","52.1","14.0","29.4","9.5","0.0","12.7","207","40","67.1","15.0","32.9","15.0","88.4","13.4","6.3","8.6","5.3","9.4","31","24","48.4","38.4","38.7","32.3","9.7","23.2","51.6","38.4","29.0","34.6","22.6","30.6","60.1","(X)","62.3","(X)","45.2","(X)","57069","10871","56000","10096","67045","27877","-","**","-","**","-","**","-","**","-","**","-","**","55250","9618","25833","28312","55000","12103","81250","26161","-","**","56648","9889","57639","27253","56447","16957","55284","6577","-","**","-","**","74583","32774","85625","34410","81250","14456","-","**","55714","51647","-","**","-","**","(X)","(X)","(X)","(X)","(X)","(X)"
"1400000US36085002001","Census Tract 20.01, Richmond County, New York","1041","61","84.0","7.3","3.7","3.1","0.0","3.1","5.8","3.8","0.0","3.1","4.4","5.1","2.1","2.5","14.5","7.9","73.9","9.6","0.0","3.1","37.1","6.6","42.7","6.9","20.2","4.8","606","92","44.1","8.8","55.9","8.8","65.7","10.4","30.0","10.7","4.3","4.6","435","92","49.7","13.5","49.7","13.5","0.0","7.2","50.3","13.5","46.0","12.8","4.4","7.1","26.1","(X)","27.2","(X)","24.6","(X)","75050","17087","78750","19281","42917","5547","-","**","93409","27427","-","**","-","**","-","**","81823","62671","74963","20814","-","**","80521","32399","89006","18848","56250","16266","89000","23085","88750","22770","89453","41133","97045","21992","76293","53212","66364","17008","41477","16329","58750","20485","58750","20485","-","**","38641","15507","37609","22728","-","**","(X)","(X)","(X)","(X)","(X)","(X)"
"1400000US36085002002","Census Tract 20.02, Richmond County, New York","1223","86","81.6","7.5","3.0","4.6","0.0","2.6","14.1","5.6","0.0","2.6","0.7","1.2","0.6","1.3","7.4","5.8","75.5","8.3","1.3","1.8","33.8","7.4","44.2","6.7","20.7","5.6","857","99","41.9","9.5","58.1","9.5","84.7","7.6","9.5","6.2","5.8","6.1","366","109","77.0","14.1","64.2","15.6","12.8","10.1","23.0","14.1","12.6","8.0","10.4","10.1","37.4","(X)","39.3","(X)","33.1","(X)","86125","8566","87571","8967","-","**","-","**","116027","61856","-","**","-","**","-","**","50556","67241","88618","12514","-","**","100766","29582","89531","24831","71125","13438","94375","19772","101734","31855","87685","35111","101071","28801","38393","29716","101855","167515","73981","19516","73519","32444","46875","53836","147650","126637","83462","45165","71250","117410","83462","70516","(X)","(X)","(X)","(X)","(X)","(X)"
"1400000US36085002100","Census Tract 21, Richmond County, New York","1426","143","54.4","8.9","26.2","7.7","1.1","1.8","4.5","3.5","0.0","2.3","12.3","7.4","1.5","1.4","39.9","8.3","28.8","7.4","0.0","2.3","48.8","8.0","37.4","8.5","13.7","5.9","998","186","54.5","11.0","45.5","11.0","61.4","13.0","21.2","10.5","17.3","11.2","428","129","45.3","16.4","43.0","16.1","2.3","3.7","54.7","16.4","46.7","18.7","7.9","12.1","40.6","(X)","42.6","(X)","25.0","(X)","51268","15246","51746","19961","41346","31670","-","**","26364","43947","-","**","77820","73005","177969","129385","50933","15688","75724","28645","-","**","51150","23219","44821","36897","52105","60460","50550","23925","45156","30321","77045","58202","76289","37292","54773","22777","11076","5335","41757","32283","34583","27064","34063","23673","-","**","51711","40983","42230","31023","-","**","(X)","(X)","(X)","(X)","(X)","(X)"
"1400000US36085002700","Census Tract 27, Richmond County, New York","499","70","27.5","11.5","33.1","12.3","0.0","6.3","7.4","9.0","0.0","6.3","30.1","15.5","2.0","2.2","43.3","15.5","16.4","6.9","2.2","3.2","34.1","15.1","56.3","13.3","7.4","4.5","349","80","48.1","16.2","51.9","16.2","65.6","14.4","26.1","15.2","8.3","9.9","150","67","42.7","28.3","42.7","28.3","0.0","19.3","57.3","28.3","56.7","28.8","0.7","5.0","57.1","(X)","60.7","(X)","38.0","(X)","27396","18924","18375","23109","37768","64049","-","**","57202","15623","-","**","26111","13663","-","**","25764","10593","57000","74305","-","**","19293","20721","38304","47210","55750","64746","38450","34606","33750","46017","39250","60291","62750","31424","18875","24165","-","**","15500","6315","17963","4190","17963","4190","-","**","13929","13181","13869","10557","-","**","(X)","(X)","(X)","(X)","(X)","(X)"
"1400000US36085002900","Census Tract 29, Richmond County, New York","1808","123","25.6","7.2","53.6","7.6","0.0","1.8","4.3","3.5","0.0","1.8","13.3","5.8","3.3","2.6","34.2","7.8","6.8","3.5","1.1","1.3","45.0","7.8","46.6","7.8","7.4","3.4","1294","154","60.4","8.3","39.6","8.3","45.7","9.2","47.7","10.1","6.6","5.2","514","136","50.8","15.9","36.6","14.3","14.2","10.2","49.2","15.9","40.5","15.3","8.8","10.9","48.1","(X)","52.9","(X)","34.2","(X)","34510","10015","25625","9441","29234","14324","-","**","95609","11876","-","**","41898","13157","63393","74127","34531","21029","23281","19361","-","**","32623","13553","38851","21509","45806","29225","43750","13179","40833","15077","47917","27759","62813","25707","22607","4841","47460","24319","17174","10252","21619","8579","16071","8925","64563","39778","11750","9040","12917","20078","-","**","(X)","(X)","(X)","(X)","(X)","(X)"
"1400000US36085003300","Census Tract 33, Richmond County, New York","1510","76","54.0","7.3","29.9","6.8","0.0","2.1","9.5","4.1","0.0","2.1","3.7","3.5","2.8","2.5","16.6","6.1","42.6","6.7","4.8","4.0","33.0","7.4","44.6","7.1","17.6","5.8","912","124","44.3","9.7","55.7","9.7","67.0","9.2","31.7","9.7","1.3","2.2","598","113","46.8","14.8","42.6","14.0","4.2","4.1","53.2","14.8","35.3","12.3","17.9","11.3","39.5","(X)","38.5","(X)","41.0","(X)","68672","13821","89769","13787","44531","20641","-","**","85227","67625","-","**","45577","55612","22422","94461","47396","24358","93854","8780","7250","26350","81222","19000","69844","26392","52105","28608","74722","27832","57358","23825","88148","20564","94650","28352","45673","22655","-","**","63750","13850","68864","18591","66597","15287","92679","30140","50500","22776","45398","7270","81602","37407","(X)","(X)","(X)","(X)","(X)","(X)"
"1400000US36085003600","Census Tract 36, Richmond County, New York","786","58","65.6","8.2","3.7","4.0","1.0","1.5","15.4","3.6","0.0","4.0","11.7","7.9","2.5","1.9","27.6","8.2","51.5","7.9","3.6","5.3","35.5","8.5","47.6","10.2","13.4","4.7","622","73","49.0","10.1","51.0","10.1","79.3","9.8","11.1","6.5","9.6","8.2","164","55","36.0","14.8","36.0","14.8","0.0","17.9","64.0","14.8","54.9","19.1","9.1","13.8","44.5","(X)","39.7","(X)","57.9","(X)","82574","20005","85500","21156","-","**","-","**","107639","75768","-","**","55238","39574","82500","69406","62153","30562","86188","26770","-","**","70804","30828","89773","12675","32188","28512","86429","21727","83188","43504","95144","20964","85536","30661","84464","29670","106667","121248","70800","18923","32188","82698","32188","82698","-","**","71518","17221","70179","20155","-","**","(X)","(X)","(X)","(X)","(X)","(X)"
"1400000US36085003900","Census Tract 39, Richmond County, New York","1010","61","75.0","9.2","13.4","6.7","0.0","3.2","7.1","5.6","0.0","3.2","3.9","3.8","0.7","1.1","22.0","10.1","57.2","10.3","2.6","2.9","47.9","8.7","31.6","8.1","17.9","6.5","399","94","63.7","13.3","36.3","13.3","77.9","12.6","17.0","11.6","5.0","5.5","611","100","47.8","13.9","42.2","13.4","5.6","6.3","52.2","13.9","32.9","12.5","19.3","10.3","42.3","(X)","43.1","(X)","41.7","(X)","70208","16515","72344","11402","57750","31866","-","**","52778","11157","-","**","120380","63955","-","**","97444","23089","54667","15760","-","**","84375","38910","71797","17718","41250","17522","92292","29146","90000","50245","92292","18036","108431","12309","58500","20044","83077","37056","49417","12940","41429","12934","40214","12045","-","**","61691","24187","45583","18388","96300","17969","(X)","(X)","(X)","(X)","(X)","(X)"
"1400000US36085004000","Census Tract 40, Richmond County, New York","4329","239","26.2","5.7","53.1","5.4","1.2","1.4","10.4","2.7","0.0","0.7","5.9","3.8","3.1","2.1","28.3","5.3","9.1","2.8","1.2","1.4","46.1","6.3","38.8","6.5","14.0","3.7","3326","306","56.4","6.2","43.6","6.2","48.6","8.8","45.6","8.2","5.7","3.2","1003","242","52.2","13.6","48.0","14.4","4.3","4.8","47.8","13.6","26.7","14.2","21.0","12.4","27.7","(X)","27.5","(X)","28.6","(X)","42729","4581","53701","19517","39392","5723","-","**","35605","10076","-","**","42735","22554","78321","54062","43714","8304","86875","34639","-","**","42590","6447","44514","16770","27450","36455","43911","4126","43503","4110","44667","19539","64722","16383","36351","17355","24554","90656","33510","7760","16250","15544","9824","18215","-","**","60359","13624","43750","31463","61363","1254","(X)","(X)","(X)","(X)","(X)","(X)"
"1400000US36085004700","Census Tract 47, Richmond County, New York","1050","81","77.2","9.6","15.0","10.1","1.0","1.7","5.3","4.8","0.0","3.0","0.0","3.0","1.4","1.8","11.0","6.4","66.2","10.4","3.0","4.7","29.3","10.0","39.4","10.4","28.3","8.5","510","99","37.3","12.9","62.7","12.9","80.4","11.0","18.4","10.9","1.2","2.1","540","114","39.3","13.7","37.4","13.6","1.9","2.9","60.7","13.7","48.3","15.5","12.4","11.6","45.4","(X)","51.2","(X)","40.0","(X)","71574","15167","63156","15614","122679","176700","-","**","90104","20469","-","**","-","**","-","**","61000","38636","63906","20232","-","**","89408","24227","75714","20335","44583","27844","95833","36527","62375","64064","114000","39375","114500","37241","63000","8338","-","**","60357","28601","44444","59758","43056","64018","-","**","61429","28504","71280","25609","43281","31712","(X)","(X)","(X)","(X)","(X)","(X)"
"1400000US36085005000","Census Tract 50, Richmond County, New York","1373","88","83.0","4.3","3.5","3.2","0.0","2.3","10.3","2.0","0.0","2.3","2.4","2.4","0.8","1.3","17.1","6.0","68.2","6.0","1.8","2.7","23.8","6.3","46.8","6.8","27.5","5.7","956","117","42.1","7.1","57.9","7.1","72.0","9.2","21.2","7.8","6.8","5.0","417","100","62.1","13.2","58.8","14.2","3.4","4.7","37.9","13.2","28.8","13.3","9.1","9.4","29.2","(X)","31.5","(X)","24.0","(X)","60563","29089","54797","20271","22143","141897","-","**","108750","28806","-","**","-","**","-","**","35972","20306","61438","28518","-","**","84940","14605","79464","41257","37000","10182","81638","31360","82738","34975","80833","45629","86579","23364","35163","18581","55156","90614","36713","20470","22656","32810","18375","27383","-","**","52955","29114","39643","22036","86548","58718","(X)","(X)","(X)","(X)","(X)","(X)"
"1400000US36085005900","Census Tract 59, Richmond County, New York","1154","80","88.6","5.2","3.1","2.8","0.0","2.8","2.9","2.8","0.0","2.8","2.8","3.1","2.5","2.7","12.1","7.5","79.3","7.7","1.4","2.2","34.3","5.6","43.3","6.9","21.0","4.4","626","71","56.4","8.2","43.6","8.2","74.4","10.3","25.6","10.3","0.0","5.1","528","93","58.3","12.1","53.2","12.3","5.1","5.9","41.7","12.1","36.2","11.9","5.5","5.7","34.2","(X)","44.4","(X)","22.2","(X)","81275","9132","81414","15149","116250","181898","-","**","80385","67988","-","**","-","**","-","**","49681","24856","90444","12718","-","**","81250","14959","89625","14242","44500","25254","108000","30014","115938","40369","92153","38492","121000","16685","75481","44784","-","**","58400","12165","52813","21494","50288","39323","-","**","63269","23063","62981","23348","-","**","(X)","(X)","(X)","(X)","(X)","(X)"
"1400000US36085006400","Census Tract 64, Richmond County, New York","1144","102","70.2","8.1","21.3","8.0","0.0","2.8","6.7","2.3","0.0","2.8","1.0","1.6","0.8","1.3","14.4","6.7","64.2","7.6","0.0","2.8","40.2","7.2","38.8","6.3","21.0","5.8","860","126","45.1","9.3","54.9","9.3","59.7","9.8","31.0","9.0","9.3","7.7","284","93","64.4","19.6","64.4","19.6","0.0","10.8","35.6","19.6","29.2","17.3","6.3","7.6","29.6","(X)","30.8","(X)","20.8","(X)","51961","10698","65195","10808","28289","30758","-","**","61250","63335","-","**","-","**","-","**","50202","38015","65586","8762","-","**","54500","30782","50897","20996","52813","21764","65313","6661","51000","23443","71042","11843","85841","7549","29507","18500","51210","18911","18600","11847","17344","15319","17344","15319","-","**","19191","37243","17868","19845","-","**","(X)","(X)","(X)","(X)","(X)","(X)"
"1400000US36085006700","Census Tract 67, Richmond County, New York","1019","122","82.6","11.1","9.3","7.7","0.0","3.1","3.0","3.5","0.0","3.1","4.2","5.9","0.8","1.2","9.4","7.7","78.7","11.9","0.0","3.1","23.9","7.5","54.7","7.7","21.4","4.4","686","95","37.3","8.6","62.7","8.6","86.7","9.4","4.7","6.4","8.6","7.9","333","102","36.0","14.7","33.0","13.9","3.0","4.7","64.0","14.7","40.5","18.8","23.4","18.1","43.3","(X)","46.4","(X)","36.9","(X)","92392","21905","105735","26379","92150","112462","-","**","26938","79359","-","**","-","**","-","**","60962","225489","99464","23430","-","**","121944","33589","99241","25038","54592","6369","141471","16666","142188","66502","140833","29024","142132","13865","-","**","250,000+","***","55987","26487","52778","33179","54167","25648","-","**","61490","37960","90022","63504","36218","26768","(X)","(X)","(X)","(X)","(X)","(X)"
"1400000US36085007000","Census Tract 70, Richmond County, New York","2796","143","86.3","5.3","1.7","2.7","3.3","3.8","6.6","3.2","0.0","1.2","0.5","0.9","1.6","1.5","9.0","2.8","80.3","5.2","0.0","1.2","31.8","7.1","51.4","7.3","16.8","4.7","2072","233","46.4","7.6","53.6","7.6","83.0","6.3","10.0","5.6","7.0","5.3","724","192","49.6","15.7","49.6","15.7","0.0","4.4","50.4","15.7","29.0","12.7","21.4","15.2","47.7","(X)","46.0","(X)","48.1","(X)","71322","9123","72406","9427","-","**","-","**","116797","46890","-","**","-","**","64423","67569","64265","45910","71321","10563","-","**","92279","33478","70291","22773","42750","18548","83782","17486","72422","44058","84420","18257","93835","6328","30638","8914","75430","58354","36471","13832","23211","9956","23211","9956","-","**","68449","11131","53438","22069","86172","184298","(X)","(X)","(X)","(X)","(X)","(X)"
"1400000US36085007400","Census Tract 74, Richmond County, New York","1517","112","83.7","5.5","1.1","1.7","0.0","2.1","12.9","4.8","0.0","2.1","2.3","3.0","0.0","2.1","13.1","5.1","72.9","6.8","0.0","2.1","28.9","7.2","49.7","7.2","21.4","6.2","1153","124","35.5","10.0","64.5","10.0","73.7","8.7","17.2","7.3","9.1","6.3","364","111","68.7","12.1","58.5","12.8","10.2","8.1","31.3","12.1","28.3","11.9","3.0","4.6","40.5","(X)","42.8","(X)","29.9","(X)","82366","17964","83625","19734","-","**","-","**","72155","67541","-","**","-","**","-","**","82500","76102","86389","25129","-","**","120943","16645","85000","23523","22792","6553","105014","21569","118203","42342","90200","25054","105899","12705","90500","57683","56799","180114","21477","7184","21136","13404","21705","14166","16806","126103","21818","29482","35368","33163","-","**","(X)","(X)","(X)","(X)","(X)","(X)"
"1400000US36085007500","Census Tract 75, Richmond County, New York","1157","119","66.9","9.2","17.4","6.8","0.0","2.8","5.3","4.1","0.0","2.8","5.4","5.0","5.1","4.6","37.9","9.1","35.5","7.4","3.8","4.3","52.6","10.4","37.8","9.4","5.8","3.6","919","135","59.4","10.9","40.6","10.9","64.7","11.1","21.1","9.1","14.1","8.5","238","103","22.3","13.6","22.3","13.6","0.0","12.7","77.7","13.6","52.9","22.8","24.8","23.6","51.1","(X)","56.5","(X)","30.3","(X)","48578","5294","52800","11108","34508","10599","-","**","22250","222462","-","**","21613","63440","50347","35690","48599","27634","61080","11597","-","**","32270","10522","61307","12342","50134","4063","49453","4188","43365","25170","60170","21365","63194","22268","27292","17283","48922","2757","32803","24054","35893","31114","35893","31114","-","**","32614","24200","22083","23629","-","**","(X)","(X)","(X)","(X)","(X)","(X)"
"1400000US36085007700","Census Tract 77, Richmond County, New York","447","79","32.2","11.9","46.1","11.6","0.0","7.0","5.8","5.8","0.0","7.0","13.2","10.3","2.7","4.1","35.6","12.6","13.2","7.9","13.2","12.9","32.7","13.3","43.8","12.0","10.3","6.8","390","84","46.7","15.3","53.3","15.3","33.3","11.5","57.7","14.2","9.0","9.9","57","35","38.6","30.6","28.1","27.5","10.5","17.3","61.4","30.6","47.4","33.2","14.0","21.0","47.9","(X)","50.0","(X)","33.3","(X)","48413","13712","43750","40791","43750","65513","-","**","49211","34550","-","**","40804","11461","-","**","40268","13852","60865","40483","-","**","49474","26322","47857","21981","106500","72524","48365","14550","30500","39446","50000","22170","133750","52326","30729","25876","36750","16571","50208","65807","15417","27450","-","**","-","**","77841","37673","60938","29536","-","**","(X)","(X)","(X)","(X)","(X)","(X)"
"1400000US36085008100","Census Tract 81, Richmond County, New York","1468","130","58.5","7.3","22.0","6.1","0.0","2.2","5.6","3.3","0.0","2.2","3.3","2.6","10.6","5.7","15.6","5.3","48.4","6.8","0.0","2.2","26.7","5.8","38.1","6.1","35.1","5.2","715","104","40.0","9.7","60.0","9.7","53.3","10.9","41.1","11.0","5.6","4.7","753","141","46.1","8.5","44.9","8.4","1.2","1.8","53.9","8.5","45.2","8.7","8.8","8.4","43.5","(X)","49.2","(X)","38.0","(X)","30417","12733","50236","27067","16932","11374","-","**","9000","12372","-","**","21300","12503","45833","80712","21750","8468","54866","24575","-","**","53333","24599","63750","31243","13681","4022","66865","16007","65469","27702","80341","26478","77061","17653","34615","47620","2,500-","***","12734","2085","16205","5800","15804","6060","-","**","11279","3090","11047","2576","12770","8270","(X)","(X)","(X)","(X)","(X)","(X)"
"1400000US36085009601","Census Tract 96.01, Richmond County, New York","1486","57","91.0","4.8","0.0","2.2","0.0","2.2","5.4","2.8","0.0","2.2","3.6","4.0","0.0","2.2","16.4","6.1","79.6","6.3","1.3","1.4","32.2","7.5","35.1","5.7","31.4","6.4","943","114","36.9","8.0","63.1","8.0","71.9","10.3","24.3","9.5","3.8","4.4","543","119","50.1","13.4","46.4","12.8","3.7","4.0","49.9","13.4","48.6","13.6","1.3","2.2","31.2","(X)","32.9","(X)","28.2","(X)","58021","13969","53281","14846","-","**","-","**","74063","204702","-","**","21893","139308","-","**","70125","62557","53594","21768","-","**","70143","14423","69087","7167","28125","13468","69813","5675","70083","33950","69771","2788","70509","5990","70284","50416","-","**","35083","15430","23056","22709","21447","17878","-","**","41080","22916","41477","23888","-","**","(X)","(X)","(X)","(X)","(X)","(X)"
"1400000US36085009602","Census Tract 96.02, Richmond County, New York","1296","95","88.7","6.7","0.0","2.5","0.0","2.5","8.6","5.4","0.0","2.5","2.7","3.5","0.0","2.5","10.4","6.5","81.0","8.0","8.3","6.0","28.2","7.5","34.1","6.3","29.3","4.9","876","128","35.3","8.7","64.7","8.7","73.3","9.4","19.6","7.6","7.1","5.4","420","103","43.6","13.8","39.5","13.8","4.0","5.1","56.4","13.8","56.4","13.8","0.0","7.4","25.4","(X)","25.6","(X)","25.0","(X)","70227","8011","72273","7106","-","**","-","**","69886","41265","-","**","-","**","-","**","79554","105262","69375","9048","19615","47668","74098","7794","94559","18213","33750","17330","88269","20976","74139","4046","100598","16031","100000","17670","60250","36559","103417","29828","19514","11976","17875","17172","16935","4818","-","**","22788","15982","22788","15982","-","**","(X)","(X)","(X)","(X)","(X)","(X)"
"1400000US36085009700","Census Tract 97, Richmond County, New York","1373","96","53.4","8.3","34.5","8.9","0.0","2.3","1.4","1.6","0.0","2.3","8.7","5.8","2.1","2.5","26.8","6.6","38.6","7.6","3.1","4.2","42.4","8.4","42.0","8.2","12.5","3.7","952","120","57.2","8.9","42.8","8.9","62.1","9.0","31.5","8.5","6.4","6.5","421","115","59.6","14.7","48.2","15.3","11.4","9.8","40.4","14.7","30.6","13.5","9.7","9.2","32.0","(X)","33.4","(X)","28.7","(X)","72813","9018","77014","10047","69427","81720","-","**","-","**","-","**","17159","39448","-","**","43929","40050","80648","16518","-","**","72273","23501","96250","35853","62917","38775","94167","27374","69625","28870","118594","32013","128264","34038","51111","29884","143045","139024","45875","20307","20347","16166","16356","9320","105833","113624","68646","4776","66250","13518","76319","14736","(X)","(X)","(X)","(X)","(X)","(X)"
"1400000US36085010500","Census Tract 105, Richmond County, New York","1745","108","61.6","9.5","23.0","8.3","0.0","1.8","7.4","2.7","0.0","1.8","7.6","4.5","0.3","0.5","24.9","5.6","46.2","8.4","1.1","1.8","32.0","7.1","51.6","7.8","15.2","5.9","1197","146","52.1","10.3","47.9","10.3","63.7","10.5","22.1","9.2","14.3","7.8","548","133","72.1","12.3","64.1","12.9","8.0","6.6","27.9","12.3","22.3","12.1","5.7","5.4","41.7","(X)","45.9","(X)","30.5","(X)","58083","20595","58250","36964","65463","26713","-","**","44444","26974","-","**","90549","68744","-","**","74107","40921","59000","44003","-","**","56289","30179","79716","15786","22841","10128","80282","19891","56875","44537","86458","15432","103750","29479","33261","7533","89263","2276","46204","27692","27807","14948","27712","14426","75625","154285","53750","20659","53049","7818","169896","114836","(X)","(X)","(X)","(X)","(X)","(X)"
"1400000US36085011201","Census Tract 112.01, Richmond County, New York","1907","147","84.0","5.8","0.0","1.7","0.0","1.7","7.3","3.0","0.0","1.7","7.9","5.6","0.8","1.5","13.3","5.9","78.6","6.3","0.0","1.7","29.3","8.1","37.9","10.8","32.8","7.5","1292","199","46.1","8.4","53.9","8.4","85.8","8.7","12.2","8.5","2.0","2.6","615","170","56.7","15.7","54.1","15.8","2.6","4.4","43.3","15.7","40.0","15.2","3.3","5.1","39.1","(X)","38.6","(X)","40.0","(X)","75536","25166","85036","18460","-","**","-","**","54152","49615","-","**","36032","14037","-","**","45909","48191","77045","19596","-","**","87039","27131","75859","35596","47566","37394","100556","16915","98125","29954","108750","29369","100910","15867","108438","137675","-","**","27386","15468","26477","21006","27824","19202","-","**","38611","51347","23333","52661","-","**","(X)","(X)","(X)","(X)","(X)","(X)"
"1400000US36085011202","Census Tract 112.02, Richmond County, New York","2187","166","83.1","7.5","0.7","1.1","0.0","1.5","10.8","5.6","0.0","1.5","5.4","4.7","0.0","1.5","17.0","6.1","71.5","7.0","0.0","1.5","25.7","5.9","57.1","7.3","17.2","5.6","1691","201","50.3","8.3","49.7","8.3","81.6","7.9","14.8","7.9","3.5","2.6","496","147","55.8","15.2","44.0","14.5","11.9","8.8","44.2","15.2","30.4","13.6","13.7","12.8","49.6","(X)","53.3","(X)","37.1","(X)","77601","12903","82909","15991","-","**","-","**","36745","56434","-","**","73031","97687","-","**","73136","36796","84914","19528","-","**","94750","29133","92523","24371","31667","7669","84978","21100","88281","23082","84813","25102","94829","11495","22411","86516","74833","22339","50800","37225","30824","4125","30532","3758","146250","170101","74281","45973","98917","73376","73750","53056","(X)","(X)","(X)","(X)","(X)","(X)"
"1400000US36085011401","Census Tract 114.01, Richmond County, New York","1316","83","66.0","9.6","20.6","8.2","0.0","2.4","6.5","2.9","0.0","2.4","2.6","3.6","4.3","3.6","17.0","6.9","55.6","9.0","5.2","5.4","31.3","6.8","43.2","7.4","20.4","4.2","825","111","49.6","8.2","50.4","8.2","49.1","11.1","46.5","10.5","4.4","5.6","491","103","60.7","13.4","57.2","13.7","3.5","5.4","39.3","13.4","34.2","12.3","5.1","5.7","40.4","(X)","55.3","(X)","15.5","(X)","38843","15304","50469","16367","11875","12530","-","**","143152","27266","-","**","-","**","9458","9945","18913","8042","56020","10085","-","**","39074","15660","36538","28688","48929","42996","55880","23297","37758","13266","76188","17636","97610","18616","21667","16448","-","**","18848","3419","16250","6474","15365","5265","-","**","19851","7343","19881","5077","-","**","(X)","(X)","(X)","(X)","(X)","(X)"
"1400000US36085011402","Census Tract 114.02, Richmond County, New York","1276","88","84.2","6.7","2.4","2.4","0.0","2.5","8.2","4.3","0.0","2.5","3.1","3.6","2.1","2.7","9.9","4.9","77.9","7.0","0.0","2.5","33.3","6.5","41.5","6.8","25.2","5.7","871","101","47.8","11.0","52.2","11.0","80.8","8.6","14.7","7.5","4.5","4.3","405","100","71.4","13.9","71.4","13.9","0.0","7.7","28.6","13.9","21.7","10.6","6.9","8.1","40.0","(X)","40.2","(X)","39.5","(X)","67115","18170","70179","31207","88194","183805","-","**","23750","82793","-","**","-","**","-","**","140000","205564","72500","27863","-","**","100750","81564","79853","25842","38977","8748","81319","27866","113750","60013","67462","28251","112045","36994","25000","36455","34236","25795","45542","17395","35602","13583","35602","13583","-","**","80556","77644","65000","49289","-","**","(X)","(X)","(X)","(X)","(X)","(X)"
"1400000US36085012100","Census Tract 121, Richmond County, New York","1169","26","95.2","4.2","0.0","2.7","0.0","2.7","3.5","3.9","0.0","2.7","0.0","2.7","1.3","1.5","6.2","5.8","89.0","6.6","1.9","2.1","33.5","5.9","41.7","5.6","22.9","3.9","906","83","46.8","9.0","53.2","9.0","89.2","6.3","7.2","5.6","3.6","3.1","263","81","58.9","21.4","58.9","21.4","0.0","11.6","41.1","21.4","36.1","22.0","4.9","7.8","36.8","(X)","39.4","(X)","27.8","(X)","87361","20383","89205","23035","-","**","-","**","24635","61489","-","**","-","**","-","**","32340","87626","92500","26469","-","**","73750","44874","119875","29557","42727","20404","106583","12951","96429","41522","107083","18258","113750","27996","29625","94303","31125","20537","26151","4435","24208","6465","24208","6465","-","**","26776","26148","26349","17060","-","**","(X)","(X)","(X)","(X)","(X)","(X)"
"1400000US36085012200","Census Tract 122, Richmond County, New York","1395","96","94.8","3.6","0.8","1.3","0.0","2.3","3.9","3.3","0.0","2.3","0.4","0.7","0.0","2.3","10.0","5.5","84.8","6.7","4.1","3.0","29.3","6.5","39.4","6.2","27.2","5.5","936","132","40.4","7.9","59.6","7.9","83.9","6.5","10.7","5.0","5.4","3.3","459","129","55.6","16.1","51.6","15.9","3.9","5.1","44.4","16.1","42.0","15.5","2.4","3.8","47.0","(X)","54.9","(X)","30.7","(X)","82563","17315","83063","18097","-","**","-","**","66726","47564","-","**","-","**","-","**","59375","56152","89321","23619","-","**","84688","43532","108281","16306","47837","20986","106017","7764","109746","25109","89821","27327","107736","5201","38636","25861","95972","24825","38875","12417","35139","25831","24612","28622","-","**","40357","11330","39625","17903","-","**","(X)","(X)","(X)","(X)","(X)","(X)"
"1400000US36085012500","Census Tract 125, Richmond County, New York","934","88","59.9","8.1","26.4","7.6","0.0","3.4","2.7","2.6","0.0","3.4","10.0","6.9","1.1","1.4","27.9","7.7","43.8","7.7","3.2","3.5","33.0","8.1","48.6","8.6","15.2","4.0","758","95","52.9","8.9","47.1","8.9","61.1","10.9","30.3","10.4","8.6","6.0","176","55","67.6","18.3","67.6","18.3","0.0","16.8","32.4","18.3","29.0","18.3","3.4","4.9","36.8","(X)","42.1","(X)","14.2","(X)","55000","26409","76350","10998","48702","67014","-","**","60469","110125","-","**","22460","3882","-","**","30536","11448","77350","10004","-","**","81176","43777","61563","23308","38833","16573","58026","32731","41750","33392","76917","21280","84583","28765","31563","34900","26458","21425","38500","14946","48365","28722","48365","28722","-","**","37750","15055","36750","23720","-","**","(X)","(X)","(X)","(X)","(X)","(X)"
"1400000US36085012804","Census Tract 128.04, Richmond County, New York","1456","114","83.5","7.3","1.4","1.6","0.0","2.2","7.7","4.3","0.0","2.2","7.4","5.4","0.0","2.2","17.0","6.3","74.0","7.9","1.9","2.7","38.3","7.9","37.4","7.3","22.4","4.1","1125","133","46.0","7.6","54.0","7.6","78.0","7.7","15.6","6.6","6.4","5.5","331","111","64.7","14.1","64.7","14.1","0.0","9.3","35.3","14.1","35.3","14.1","0.0","9.3","46.4","(X)","43.1","(X)","57.7","(X)","63563","10581","67571","11917","-","**","-","**","86227","1158","-","**","38700","23560","-","**","36133","4654","68911","5576","-","**","68750","15563","84013","17948","38077","13468","74612","11540","69805","16885","81250","18762","83882","15494","37143","27020","90658","74455","29886","17167","17885","9293","17885","9293","-","**","46850","4811","46850","4811","-","**","(X)","(X)","(X)","(X)","(X)","(X)"
"1400000US36085012805","Census Tract 128.05, Richmond County, New York","1045","86","96.8","3.9","0.0","3.1","0.0","3.1","2.2","3.7","0.0","3.1","0.0","3.1","1.0","1.5","5.1","4.8","91.8","6.4","0.0","3.1","30.7","11.9","45.6","12.5","23.6","4.9","876","94","43.6","10.2","56.4","10.2","80.9","9.2","17.8","9.0","1.3","2.2","169","56","47.3","21.9","47.3","21.9","0.0","17.4","52.7","21.9","52.7","21.9","0.0","17.4","41.7","(X)","41.2","(X)","44.4","(X)","69264","9678","69083","8283","-","**","-","**","-","**","-","**","-","**","-","**","59183","68552","69319","10676","-","**","81458","49821","59471","16258","37625","59420","76071","16822","80655","18778","67361","54395","86705","50377","50449","9113","-","**","25274","9212","19375","7480","19375","7480","-","**","26875","22174","26875","22174","-","**","(X)","(X)","(X)","(X)","(X)","(X)"
"1400000US36085012806","Census Tract 128.06, Richmond County, New York","2575","140","80.4","6.1","10.9","5.9","0.5","0.8","2.4","1.4","0.0","1.3","3.8","4.7","2.0","2.1","19.0","6.0","67.0","6.4","1.0","1.2","30.3","6.7","38.8","6.2","29.9","5.5","1628","193","49.0","8.4","51.0","8.4","70.3","10.1","15.8","7.0","13.9","9.2","947","167","58.8","11.7","57.0","12.4","1.8","2.9","41.2","11.7","36.5","12.7","4.6","4.7","40.8","(X)","41.1","(X)","40.2","(X)","60731","7253","54708","10942","71327","22257","-","**","30741","18683","-","**","-","**","145972","41923","61138","27933","54125","15334","-","**","62155","49288","78583","23269","33495","6713","89310","18147","58750","48551","108482","23853","96031","17581","44301","43310","89009","90417","32637","12320","23669","12050","22984","11489","-","**","70538","17029","69000","37121","80603","1519","(X)","(X)","(X)","(X)","(X)","(X)"
"1400000US36085013201","Census Tract 132.01, Richmond County, New York","565","35","92.4","6.2","0.0","5.6","0.0","5.6","7.6","6.2","0.0","5.6","0.0","5.6","0.0","5.6","2.1","2.9","90.3","6.6","0.0","5.6","24.2","8.5","42.5","7.2","33.3","6.4","412","46","38.3","9.9","61.7","9.9","83.5","8.1","6.8","5.2","9.7","7.2","153","48","100.0","19.0","88.2","18.1","11.8","18.1","0.0","19.0","0.0","19.0","0.0","19.0","32.4","(X)","25.0","(X)","45.8","(X)","95536","29007","90789","31101","-","**","-","**","132750","211206","-","**","-","**","-","**","-","**","83750","30216","-","**","102321","55027","115385","79417","58750","54056","116731","30702","125795","26302","101667","55266","115769","31513","120357","124917","150556","100442","46949","10794","46949","10794","46287","11639","-","**","-","**","-","**","-","**","(X)","(X)","(X)","(X)","(X)","(X)"
"1400000US36085013203","Census Tract 132.03, Richmond County, New York","2019","110","97.3","1.9","0.0","1.6","0.0","1.6","2.1","2.1","0.0","1.6","0.0","1.6","0.6","1.2","6.3","4.9","91.0","5.0","0.3","0.6","19.3","4.2","50.3","6.6","30.1","5.9","1605","134","33.6","5.8","66.4","5.8","81.9","7.2","13.8","6.3","4.3","3.1","414","126","66.9","16.3","66.9","16.3","0.0","7.5","33.1","16.3","28.7","16.5","4.3","5.9","45.3","(X)","46.3","(X)","41.5","(X)","72378","16341","73906","17060","-","**","-","**","71429","72897","-","**","-","**","-","**","79228","174474","71694","22689","-","**","110450","13993","98009","22450","47128","7238","98040","11551","111912","39704","77917","24312","102336","18730","68064","40062","87125","96638","46786","19929","50074","24935","50074","24935","-","**","36696","52937","58162","43723","-","**","(X)","(X)","(X)","(X)","(X)","(X)"
"1400000US36085013204","Census Tract 132.04, Richmond County, New York","1778","94","93.4","3.9","0.8","1.3","0.0","1.8","3.4","1.9","0.0","1.8","1.6","2.7","0.7","1.2","7.8","5.1","87.2","6.1","0.0","1.8","29.8","5.4","37.9","5.0","32.3","5.4","1305","128","34.3","6.7","65.7","6.7","83.3","6.6","11.4","5.4","5.3","4.1","473","125","78.0","10.9","74.0","12.0","4.0","4.9","22.0","10.9","14.8","9.8","7.2","7.6","44.4","(X)","47.7","(X)","35.3","(X)","86964","12869","86250","15046","-","**","-","**","110729","73919","-","**","-","**","-","**","90905","41608","86964","15462","-","**","91466","18902","115441","17609","46216","19448","103924","11530","110208","26618","100469","14121","109663","14528","47132","84546","106406","105233","53009","15971","50859","24571","47024","29073","-","**","77935","38236","37250","62440","-","**","(X)","(X)","(X)","(X)","(X)","(X)"
"1400000US36085013301","Census Tract 133.01, Richmond County, New York","586","59","25.9","7.5","62.3","9.2","0.0","5.4","1.5","2.1","0.0","5.4","8.0","7.8","2.2","2.4","22.2","9.9","14.0","5.8","1.0","1.6","42.5","10.9","37.2","10.8","19.3","7.9","424","61","72.2","11.2","27.8","11.2","23.1","11.3","67.0","14.0","9.9","10.1","162","58","71.6","19.8","71.6","19.8","0.0","18.1","28.4","19.8","28.4","19.8","0.0","18.1","35.8","(X)","29.7","(X)","51.9","(X)","14710","3491","15288","2512","12944","5629","-","**","-","**","-","**","25402","14514","-","**","18777","2446","13618","1147","-","**","25045","12875","12083","2748","12958","3333","17333","3289","16722","8397","18359","3873","19900","61417","16900","5888","-","**","11293","2699","11466","2608","11466","2608","-","**","9583","9140","9583","9140","-","**","(X)","(X)","(X)","(X)","(X)","(X)"
"1400000US36085013302","Census Tract 133.02, Richmond County, New York","1010","138","30.7","11.5","43.1","13.6","0.0","3.2","12.3","7.3","0.0","3.2","11.6","8.0","2.4","2.5","29.3","10.4","16.7","8.8","5.4","4.1","40.3","11.2","39.3","11.7","15.0","6.4","801","142","66.2","12.0","33.8","12.0","42.9","12.1","25.8","13.2","31.2","14.6","209","94","25.4","18.1","15.8","13.2","9.6","10.8","74.6","18.1","61.2","25.6","13.4","19.3","46.3","(X)","48.7","(X)","37.3","(X)","51923","14980","38269","17117","63220","21668","-","**","80167","17468","-","**","24156","17633","-","**","26106","3841","40729","35575","-","**","38301","21268","74671","43755","34135","32955","54625","21200","51010","12171","73882","58492","52750","15600","37981","31748","73571","41491","27212","20535","34904","51121","43750","77470","-","**","26282","22798","25385","20584","-","**","(X)","(X)","(X)","(X)","(X)","(X)"
"1400000US36085013400","Census Tract 134, Richmond County, New York","1615","61","90.2","6.1","0.0","2.0","0.0","2.0","2.5","2.0","0.0","2.0","7.4","6.1","0.0","2.0","17.4","7.1","80.1","7.1","0.0","2.0","32.9","6.3","42.2","6.2","25.0","4.8","1173","133","44.6","7.9","55.4","7.9","76.3","8.2","21.0","8.0","2.7","2.6","442","120","44.6","12.6","35.3","11.6","9.3","9.0","55.4","12.6","33.3","14.8","22.2","14.8","39.7","(X)","39.9","(X)","39.1","(X)","74922","10241","83750","19687","-","**","-","**","50714","16702","-","**","26321","44772","-","**","34519","22837","87625","19223","-","**","88021","36930","87656","20647","46458","22980","83375","24505","75083","41719","94500","59712","94803","20654","35606","31994","138571","104939","71154","32565","27292","25051","19091","13337","74007","19749","86250","35742","51094","22955","101545","47256","(X)","(X)","(X)","(X)","(X)","(X)"
"1400000US36085013800","Census Tract 138, Richmond County, New York","2220","121","99.5","1.0","0.5","1.0","0.0","1.5","0.0","1.5","0.0","1.5","0.0","1.5","0.0","1.5","3.6","3.2","96.4","3.2","0.0","1.5","19.5","5.6","39.5","7.3","40.9","6.5","1750","154","39.1","6.9","60.9","6.9","81.7","7.1","15.4","6.5","3.0","2.7","470","150","82.3","10.5","77.7","10.9","4.7","5.3","17.7","10.5","14.7","10.3","3.0","4.6","32.5","(X)","31.3","(X)","37.2","(X)","83750","21994","83068","21741","-","**","-","**","-","**","-","**","-","**","-","**","144563","36145","77460","23594","-","**","110923","23264","126167","27329","34816","7207","110326","8421","130083","33011","92439","29923","111427","15609","104702","27665","58750","32366","25385","5223","24495","4548","23910","6079","-","**","75739","24016","67361","58416","-","**","(X)","(X)","(X)","(X)","(X)","(X)"
"1400000US36085014100","Census Tract 141, Richmond County, New York","939","78","69.1","8.0","16.7","7.7","0.0","3.4","6.6","4.3","0.0","3.4","6.0","7.3","1.6","1.6","37.5","10.9","42.5","9.1","0.0","3.4","46.3","9.1","36.3","7.2","17.4","5.9","668","89","68.0","11.3","32.0","11.3","68.4","12.7","21.1","10.6","10.5","7.1","271","64","71.2","14.2","68.3","14.7","3.0","4.4","28.8","14.2","26.9","13.1","1.8","5.1","37.3","(X)","42.4","(X)","24.7","(X)","55163","18125","45273","13449","77695","56806","-","**","145109","176856","-","**","86400","632","28438","43321","59868","37206","43533","18040","-","**","63375","47695","61375","26697","36458","12536","63500","25038","70278","50809","59079","23155","85691","34759","27070","43358","55682","50426","38068","21350","32031","24392","30781","24797","-","**","62000","60096","60750","73669","-","**","(X)","(X)","(X)","(X)","(X)","(X)"
"1400000US36085014604","Census Tract 146.04, Richmond County, New York","2710","90","97.5","2.3","0.0","1.2","0.0","1.2","1.7","1.9","0.0","1.2","0.8","1.2","0.0","1.2","11.1","5.4","87.2","5.4","0.0","1.2","32.3","6.5","44.4","6.8","23.4","3.9","2095","166","39.1","7.3","60.9","7.3","76.5","7.0","19.1","6.6","4.4","2.6","615","167","64.4","16.2","61.8","16.4","2.6","4.2","35.6","16.2","31.7","16.0","3.9","4.3","43.3","(X)","45.1","(X)","37.4","(X)","86283","8143","86234","8142","-","**","-","**","146364","118650","-","**","-","**","-","**","44500","170923","86349","6789","-","**","87096","35381","93652","12364","55568","25387","93061","7017","93547","11220","92675","18596","94369","29917","78603","28603","79464","71028","37108","21201","36194","12079","35896","13521","-","**","69432","54593","66953","70479","-","**","(X)","(X)","(X)","(X)","(X)","(X)"
"1400000US36085014605","Census Tract 146.05, Richmond County, New York","1335","65","95.7","3.2","0.0","2.4","0.8","1.3","2.8","2.9","0.0","2.4","0.7","1.1","0.0","2.4","1.0","1.3","95.3","3.3","0.0","2.4","17.2","5.9","47.9","6.1","34.9","6.1","973","106","36.3","7.9","63.7","7.9","80.5","7.0","13.3","6.6","6.3","4.7","362","88","68.0","14.4","65.5","14.8","2.5","4.1","32.0","14.4","32.0","14.4","0.0","8.6","37.7","(X)","36.8","(X)","40.1","(X)","79471","10445","81277","15283","-","**","-","**","38100","34796","-","**","-","**","-","**","-","**","81413","15659","-","**","77201","33474","112188","16173","45119","17845","90972","18672","112382","8207","79615","14855","109583","15000","54821","24339","65924","21243","33688","14059","33000","17814","32719","21089","-","**","54167","159074","54167","159074","-","**","(X)","(X)","(X)","(X)","(X)","(X)"
"1400000US36085014606","Census Tract 146.06, Richmond County, New York","2420","39","94.9","3.6","0.7","1.1","0.0","1.3","3.3","3.5","0.0","1.3","0.0","1.3","1.1","1.2","8.4","4.4","86.5","6.0","0.0","1.3","33.2","6.6","49.2","7.6","17.6","5.2","1940","146","45.4","6.7","54.6","6.7","81.3","5.9","15.1","5.6","3.7","3.7","480","149","76.9","17.8","58.1","19.5","18.8","15.6","23.1","17.8","23.1","17.8","0.0","6.5","37.5","(X)","39.5","(X)","29.4","(X)","103311","15559","103176","15742","-","**","-","**","92109","111293","-","**","-","**","-","**","113966","14890","97194","14998","-","**","121250","17793","97794","16619","56150","15794","108651","13689","121346","38680","103558","12260","115982","21009","84706","26921","217936","277897","85300","20816","65375","47934","33646","38755","92344","168088","113125","28930","113125","28930","-","**","(X)","(X)","(X)","(X)","(X)","(X)"
"1400000US36085014607","Census Tract 146.07, Richmond County, New York","1702","37","92.1","4.4","0.0","1.9","0.0","1.9","4.3","3.7","0.0","1.9","1.6","2.4","1.9","2.3","5.3","3.9","88.4","5.2","0.4","0.7","32.7","6.6","40.0","6.2","26.9","4.9","1366","99","38.3","8.0","61.7","8.0","74.5","6.9","13.9","4.9","11.6","5.8","336","95","55.4","17.7","45.5","18.6","9.8","11.4","44.6","17.7","42.0","17.8","2.7","4.4","38.0","(X)","34.0","(X)","47.6","(X)","87992","9853","93000","16149","-","**","-","**","88350","13862","-","**","-","**","-","**","54455","147059","89205","16323","-","**","96711","13035","96198","25823","68558","7945","96467","6837","96310","29183","97212","15856","105000","42211","71087","24166","88198","22645","39435","5947","38468","1893","37802","29902","-","**","57600","26012","48542","23732","-","**","(X)","(X)","(X)","(X)","(X)","(X)"
"1400000US36085014608","Census Tract 146.08, Richmond County, New York","1224","55","94.9","3.6","0.0","2.6","0.0","2.6","5.1","3.6","0.0","2.6","0.0","2.6","0.0","2.6","8.0","7.3","86.9","8.6","0.0","2.6","32.6","7.7","48.3","10.3","19.1","6.9","950","122","38.1","10.2","61.9","10.2","91.4","5.2","6.9","5.2","1.7","1.9","274","106","80.7","15.3","71.5","19.5","9.1","13.9","19.3","15.3","7.3","9.1","12.0","12.2","29.6","(X)","24.9","(X)","45.6","(X)","90714","26128","92097","25653","-","**","-","**","48409","30715","-","**","-","**","-","**","68884","6122","94911","19826","-","**","91050","44415","94420","23310","54375","39967","100577","24160","93750","38173","110000","36251","103021","23533","53611","34082","-","**","31776","23203","30888","19314","30066","7898","-","**","106250","119919","-","**","107083","120525","(X)","(X)","(X)","(X)","(X)","(X)"
"1400000US36085014700","Census Tract 147, Richmond County, New York","1362","90","96.3","3.2","0.0","2.4","0.0","2.4","2.1","2.6","0.0","2.4","0.0","2.4","1.6","1.7","8.1","5.5","88.3","6.1","0.4","0.6","35.5","6.5","41.8","6.4","22.4","5.4","910","123","48.9","8.8","51.1","8.8","79.8","8.9","9.1","5.9","11.1","7.8","452","113","56.4","14.7","53.5","14.6","2.9","4.0","43.6","14.7","40.7","15.0","2.9","4.5","33.1","(X)","29.5","(X)","40.5","(X)","93519","10631","93704","10630","-","**","-","**","-","**","-","**","-","**","-","**","182813","209930","93333","10929","-","**","107656","37137","82188","36771","89844","29845","108696","11281","137284","34643","83973","16599","131500","28470","83616","12111","81652","84802","62900","6214","55560","17815","55000","17216","-","**","64455","11666","64038","10023","-","**","(X)","(X)","(X)","(X)","(X)","(X)"
"1400000US36085015100","Census Tract 151, Richmond County, New York","2035","83","92.1","4.9","0.7","1.3","0.0","1.6","5.2","4.3","0.0","1.6","0.7","1.3","1.2","1.9","6.6","3.5","86.2","5.5","1.2","1.6","29.8","7.1","38.5","5.5","30.5","5.4","1304","180","59.4","7.7","40.6","7.7","89.4","5.7","7.1","4.6","3.5","3.0","731","161","73.1","12.0","69.8","11.8","3.3","4.1","26.9","12.0","23.9","11.8","3.0","3.9","30.3","(X)","31.7","(X)","27.8","(X)","88866","17654","89564","17192","-","**","-","**","128750","181104","-","**","-","**","-","**","105450","36150","88343","17778","-","**","127880","27375","106689","12078","52308","23992","126579","16424","137563","20457","91071","36738","129142","18621","72411","60921","87768","46280","37250","18281","31912","19521","30147","21650","-","**","68906","13856","68906","13849","-","**","(X)","(X)","(X)","(X)","(X)","(X)"
"1400000US36085015400","Census Tract 154, Richmond County, New York","0","12","-","**","-","**","-","**","-","**","-","**","-","**","-","**","-","**","-","**","-","**","-","**","-","**","-","**","0","12","-","**","-","**","-","**","-","**","-","**","0","12","-","**","-","**","-","**","-","**","-","**","-","**","-","(X)","-","(X)","-","(X)","-","**","-","**","-","**","-","**","-","**","-","**","-","**","-","**","-","**","-","**","-","**","-","**","-","**","-","**","-","**","-","**","-","**","-","**","-","**","-","**","-","**","-","**","-","**","-","**","-","**","-","**","-","**","(X)","(X)","(X)","(X)","(X)","(X)"
"1400000US36085015601","Census Tract 156.01, Richmond County, New York","2353","134","95.3","3.5","0.0","1.4","0.9","1.6","3.7","2.9","0.0","1.4","0.1","0.9","0.0","1.4","6.6","4.3","89.8","5.0","0.0","1.4","26.0","5.8","41.4","4.7","32.6","5.2","1638","170","29.5","6.4","70.5","6.4","82.7","5.9","15.0","5.1","2.4","2.5","715","171","55.5","13.1","55.5","13.1","0.0","4.4","44.5","13.1","36.4","14.6","8.1","8.6","39.6","(X)","33.9","(X)","47.7","(X)","85443","15428","87344","19272","-","**","-","**","58816","42287","-","**","-","**","-","**","102153","23687","85000","13510","-","**","102910","12139","114688","44979","45294","17381","103632","5002","104819","65642","100611","20504","113403","16399","44453","18419","36750","265498","33059","20753","29212","11505","29212","11505","-","**","45341","64371","31618","26022","-","**","(X)","(X)","(X)","(X)","(X)","(X)"
"1400000US36085015602","Census Tract 156.02, Richmond County, New York","1143","61","98.9","1.8","0.0","2.8","0.0","2.8","1.1","1.8","0.0","2.8","0.0","2.8","0.0","2.8","4.6","4.4","94.2","4.8","0.0","2.8","19.8","5.0","40.7","4.9","39.5","6.3","963","74","30.5","6.3","69.5","6.3","82.2","7.3","13.1","6.7","4.7","3.3","180","67","68.3","17.2","63.9","17.2","4.4","7.3","31.7","17.2","31.7","17.2","0.0","16.5","30.4","(X)","30.7","(X)","23.3","(X)","76755","10178","76442","8716","-","**","-","**","-","**","-","**","-","**","-","**","72208","80708","76611","8734","-","**","93571","60728","104653","16017","50682","11249","87011","11156","98167","32543","82656","9142","86413","16013","89861","27112","69514","28843","21563","9843","20781","13795","14886","14412","-","**","25893","36924","25893","36924","-","**","(X)","(X)","(X)","(X)","(X)","(X)"
"1400000US36085015603","Census Tract 156.03, Richmond County, New York","1705","100","96.0","3.0","0.0","1.9","0.0","1.9","4.0","3.0","0.0","1.9","0.0","1.9","0.0","1.9","4.9","4.2","91.0","5.2","0.6","1.0","28.9","7.0","55.5","7.7","15.0","4.8","1275","125","38.1","9.8","61.9","9.8","81.5","8.4","14.4","8.0","4.2","4.3","430","103","46.5","15.8","37.9","16.3","8.6","8.0","53.5","15.8","33.7","16.9","19.8","13.1","43.3","(X)","45.6","(X)","35.1","(X)","102399","7616","103023","8551","-","**","-","**","50893","98714","-","**","-","**","-","**","181020","1104","101613","8145","-","**","113095","12645","106250","19693","36071","38037","100649","13270","81190","27649","107460","20784","103536","10848","62159","61345","82008","126483","89712","29751","47000","47671","38977","30688","161645","46768","112941","29243","88894","63963","127179","2104","(X)","(X)","(X)","(X)","(X)","(X)"
"1400000US36085016901","Census Tract 169.01, Richmond County, New York","1178","64","87.1","6.2","4.2","4.0","0.0","2.7","4.8","3.5","0.0","2.7","2.1","2.4","1.7","1.9","25.9","10.0","64.2","9.7","4.5","7.2","29.8","8.4","44.0","8.8","21.7","5.4","794","111","44.2","8.3","55.8","8.3","74.4","9.4","15.0","6.8","10.6","7.3","384","113","70.6","18.1","54.4","20.8","16.1","19.6","29.4","18.1","27.3","17.7","2.1","3.6","39.3","(X)","33.6","(X)","51.0","(X)","65956","13458","63816","16832","66389","75786","-","**","131691","221048","-","**","-","**","-","**","51155","7174","73725","6367","-","**","73935","23597","73438","15255","36827","22271","79688","10147","79609","12492","79844","36074","81384","31684","87688","24676","76250","63398","40833","10386","34083","17618","27933","11764","-","**","49844","12461","48594","15436","-","**","(X)","(X)","(X)","(X)","(X)","(X)"
"1400000US36085017005","Census Tract 170.05, Richmond County, New York","1571","79","96.0","2.3","0.0","2.0","0.0","2.0","4.0","2.3","0.0","2.0","0.0","2.0","0.0","2.0","3.2","3.4","92.7","4.0","0.0","2.0","32.7","6.2","51.8","6.7","15.6","3.5","1273","93","43.6","7.4","56.4","7.4","81.2","6.9","12.4","4.7","6.4","5.3","298","98","47.0","20.0","44.6","20.1","2.3","3.7","53.0","20.0","45.6","19.8","7.4","8.2","52.4","(X)","51.1","(X)","48.7","(X)","82950","16354","80938","14020","-","**","-","**","140536","33864","-","**","-","**","-","**","115302","87201","80664","14872","-","**","94904","46491","91908","28752","43594","32142","99115","18173","91250","22071","106731","22466","98229","20004","80750","106697","136442","28539","40978","19016","58519","39513","58194","39170","-","**","39643","5743","40326","11985","25000","25873","(X)","(X)","(X)","(X)","(X)","(X)"
"1400000US36085017007","Census Tract 170.07, Richmond County, New York","1755","54","79.8","5.0","4.2","3.1","0.0","1.8","14.4","3.1","0.0","1.8","1.7","1.6","0.0","1.8","12.5","4.6","69.1","4.9","1.2","1.9","43.8","6.6","45.0","6.6","10.0","4.5","1322","121","50.5","8.0","49.5","8.0","87.5","6.4","10.7","6.3","1.8","2.0","433","110","53.6","15.8","51.0","16.0","2.5","3.9","46.4","15.8","38.1","16.3","8.3","7.7","35.0","(X)","34.7","(X)","36.0","(X)","82240","9339","82667","9860","143472","161735","-","**","44583","49490","-","**","67083","74939","-","**","70821","14762","84944","10183","-","**","100240","26394","82750","12562","70263","65177","96250","24016","95417","44533","100238","30342","113594","27420","62386","22913","-","**","30571","12234","30924","9350","31223","8594","-","**","28523","38583","11715","39438","38542","20525","(X)","(X)","(X)","(X)","(X)","(X)"
"1400000US36085017008","Census Tract 170.08, Richmond County, New York","2623","82","92.2","4.3","0.6","0.9","0.0","1.2","5.1","3.4","0.0","1.2","2.1","3.3","0.0","1.2","13.1","6.1","81.2","6.8","0.7","1.1","33.2","6.1","42.2","6.3","23.9","5.7","2007","163","32.8","6.4","67.2","6.4","90.8","4.9","7.2","4.5","2.0","2.2","616","160","37.5","16.1","37.5","16.1","0.0","5.1","62.5","16.1","51.9","17.8","10.6","11.7","36.0","(X)","37.5","(X)","31.0","(X)","92218","9231","95357","11342","-","**","-","**","75313","75317","-","**","-","**","-","**","91158","15032","96920","15214","-","**","106122","20684","106167","21385","38274","19231","103250","16065","96496","17558","106371","19433","110691","16697","42143","67483","-","**","46346","43178","37604","32217","37604","32217","-","**","70313","91303","32813","61787","-","**","(X)","(X)","(X)","(X)","(X)","(X)"
"1400000US36085017009","Census Tract 170.09, Richmond County, New York","1524","93","97.4","1.8","0.7","1.0","0.0","2.1","1.2","1.3","0.0","2.1","0.0","2.1","0.7","1.0","6.8","4.9","90.7","5.2","1.7","2.7","28.9","7.7","46.7","8.5","22.6","6.6","1224","118","41.8","7.3","58.2","7.3","83.4","6.8","10.5","5.8","6.0","3.5","300","113","39.0","20.9","35.3","20.4","3.7","5.5","61.0","20.9","57.3","21.2","3.7","5.7","35.8","(X)","34.5","(X)","38.0","(X)","78269","17410","78301","17716","-","**","-","**","-","**","-","**","-","**","-","**","108040","8606","70857","15517","-","**","94271","25064","78590","16976","60208","21280","86250","16574","104545","20866","67381","12812","91250","18949","71683","21628","61750","65390","37337","36904","70972","109316","29444","117958","-","**","37147","28876","36848","21069","-","**","(X)","(X)","(X)","(X)","(X)","(X)"
"1400000US36085017010","Census Tract 170.10, Richmond County, New York","2927","111","92.6","2.0","1.1","1.3","0.5","0.8","5.8","1.3","0.0","1.1","0.0","1.1","0.0","1.1","9.0","4.4","84.2","4.5","1.0","1.2","30.2","6.3","50.1","6.5","18.7","4.7","2281","160","41.1","6.5","58.9","6.5","82.2","7.1","13.1","6.1","4.6","3.7","646","160","56.5","16.3","54.0","16.2","2.5","3.7","43.5","16.3","33.0","16.5","10.5","12.6","41.9","(X)","42.3","(X)","38.5","(X)","95287","9938","96875","12451","-","**","-","**","56979","37028","-","**","-","**","-","**","116719","28509","95709","9221","-","**","99408","28389","108333","17462","63869","19531","112346","11656","99671","26218","118476","6359","119098","7146","59271","65082","9746","56532","64167","7774","63380","18249","62639","19812","-","**","64609","19233","63255","25809","81300","28988","(X)","(X)","(X)","(X)","(X)","(X)"
"1400000US36085017011","Census Tract 170.11, Richmond County, New York","1774","38","96.4","3.2","1.0","1.5","0.0","1.8","1.0","1.3","0.0","1.8","1.6","2.5","0.0","1.8","8.8","4.9","89.2","4.7","1.3","1.6","22.3","6.5","49.0","7.2","27.4","6.8","1385","123","39.1","8.3","60.9","8.3","67.6","8.5","26.4","7.8","6.1","3.7","389","127","71.7","14.1","61.4","15.9","10.3","10.1","28.3","14.1","16.5","10.2","11.8","11.3","48.0","(X)","46.9","(X)","51.9","(X)","73425","7827","74229","8207","-","**","-","**","-","**","-","**","-","**","-","**","55893","40296","75670","10971","-","**","64750","21022","91875","33300","57391","16270","84360","9406","86184","23310","82250","14868","86474","9287","73599","10326","57083","105200","45551","31409","28365","37330","28173","36524","130167","251455","68750","36134","31333","38127","77054","140744","(X)","(X)","(X)","(X)","(X)","(X)"
"1400000US36085017012","Census Tract 170.12, Richmond County, New York","1668","93","93.0","4.7","2.1","3.2","0.0","1.9","2.2","2.3","0.0","1.9","0.0","1.9","2.6","3.0","6.3","3.2","86.8","5.6","1.6","2.6","32.1","6.7","29.0","7.2","37.3","7.6","1159","142","38.3","8.3","61.7","8.3","81.8","8.1","12.2","7.3","6.0","4.6","509","141","50.5","15.3","47.9","14.8","2.6","4.1","49.5","15.3","41.1","16.6","8.4","8.9","42.4","(X)","42.0","(X)","43.2","(X)","67917","14910","68250","15563","-","**","-","**","132396","342546","-","**","-","**","-","**","96382","56343","66615","13725","-","**","72500","30152","117888","22636","46354","14638","84076","23736","103214","48084","64844","23028","96316","19228","29449","58548","37130","46975","40205","5737","38295","30273","37803","37061","-","**","41436","43149","40293","19783","82240","211447","(X)","(X)","(X)","(X)","(X)","(X)"
"1400000US36085017300","Census Tract 173, Richmond County, New York","902","70","55.3","6.7","27.5","6.1","0.0","3.5","13.1","3.8","0.0","3.5","2.5","3.0","1.6","2.0","20.2","6.7","40.0","7.2","0.0","3.5","29.0","6.0","37.5","5.8","33.5","5.8","630","70","42.2","7.9","57.8","7.9","57.0","7.7","38.4","7.7","4.6","3.5","272","75","64.7","15.4","64.7","15.4","0.0","11.2","35.3","15.4","30.5","14.7","4.8","4.3","53.8","(X)","52.7","(X)","56.3","(X)","37766","4366","39861","13700","22083","21842","-","**","60500","25549","-","**","-","**","-","**","37685","18800","49583","17619","-","**","39013","19746","38611","13341","35208","8719","54792","18818","39276","27319","58235","10088","66250","34233","25556","16376","84875","92640","14028","5780","12500","6608","12500","6608","-","**","15682","30263","13906","35361","-","**","(X)","(X)","(X)","(X)","(X)","(X)"
"1400000US36085017600","Census Tract 176, Richmond County, New York","1578","77","96.3","2.7","0.0","2.0","0.0","2.0","2.9","2.3","0.0","2.0","0.8","1.3","0.0","2.0","6.7","4.2","90.5","4.7","1.2","1.8","22.5","5.3","55.6","5.9","20.7","5.0","1313","104","38.5","5.8","61.5","5.8","88.1","5.2","7.9","4.2","4.0","3.6","265","87","45.3","18.1","35.8","18.4","9.4","8.6","54.7","18.1","54.7","18.1","0.0","11.5","52.7","(X)","55.1","(X)","37.4","(X)","99444","17456","97241","20202","-","**","-","**","116406","33025","-","**","-","**","-","**","45341","61628","100278","17434","-","**","100966","38601","107074","14765","48194","7488","105703","15201","125385","34809","103534","19596","120250","23526","57019","12979","48333","50261","48447","15655","29239","24353","29728","28365","3594","263353","54583","24660","54583","24660","-","**","(X)","(X)","(X)","(X)","(X)","(X)"
"1400000US36085017700","Census Tract 177, Richmond County, New York","2438","96","82.7","4.8","1.8","2.2","0.0","1.3","12.7","4.3","0.0","1.3","0.1","0.2","2.6","2.4","5.3","3.1","78.6","5.9","2.0","3.2","22.8","5.7","41.6","6.3","33.7","5.8","1990","176","40.3","6.9","59.7","6.9","88.1","5.9","8.6","5.5","3.3","3.0","448","145","63.6","21.4","52.7","21.6","10.9","11.5","36.4","21.4","35.3","21.5","1.1","2.0","45.5","(X)","47.8","(X)","35.3","(X)","100227","14491","101364","18273","-","**","-","**","85086","26673","-","**","-","**","103125","139577","110665","20245","100606","20241","-","**","101417","37471","111250","10595","62344","24554","112273","12625","110159","13844","127056","28049","111614","12216","157778","175837","170208","186559","49020","9606","43531","22044","44875","13225","23147","5389","90865","53622","90385","58314","-","**","(X)","(X)","(X)","(X)","(X)","(X)"
"1400000US36085018100","Census Tract 181, Richmond County, New York","987","76","90.7","4.8","0.6","0.9","0.0","3.2","8.4","4.6","0.0","3.2","0.0","3.2","0.3","0.5","6.9","6.0","83.8","7.3","0.0","3.2","24.9","8.3","40.7","7.2","34.3","8.0","760","92","45.0","8.2","55.0","8.2","89.1","7.5","6.7","5.8","4.2","5.4","227","64","65.2","13.6","65.2","13.6","0.0","13.3","34.8","13.6","34.8","13.6","0.0","13.3","35.4","(X)","33.7","(X)","41.0","(X)","99583","11046","98565","11099","-","**","-","**","250,000+","***","-","**","-","**","-","**","41524","25956","101597","10825","-","**","109891","52570","127750","14136","53854","37370","124531","24116","125909","50552","123906","22969","129323","17171","17452","55140","-","**","16979","10567","13750","9317","13750","9317","-","**","25990","9817","25990","9817","-","**","(X)","(X)","(X)","(X)","(X)","(X)"
"1400000US36085018701","Census Tract 187.01, Richmond County, New York","623","46","81.5","8.3","4.7","4.4","0.0","5.1","10.0","6.0","0.0","5.1","1.3","1.5","2.6","3.0","9.8","6.0","75.1","8.5","0.0","5.1","26.2","6.3","56.0","7.7","17.8","5.8","434","49","43.1","7.9","56.9","7.9","75.1","8.4","24.0","8.5","0.9","1.5","189","48","56.6","17.6","52.4","17.9","4.2","5.4","43.4","17.6","34.9","15.6","8.5","13.2","36.0","(X)","40.1","(X)","26.5","(X)","81480","7947","86667","11596","57132","52781","-","**","63056","48138","-","**","-","**","-","**","70250","18150","90556","14976","-","**","74297","31941","85417","9563","76827","15035","86700","11737","86583","14669","86875","21111","90192","15089","42250","79656","-","**","77404","6742","80644","2607","80341","6677","-","**","74063","13271","75385","40424","-","**","(X)","(X)","(X)","(X)","(X)","(X)"
"1400000US36085018702","Census Tract 187.02, Richmond County, New York","2269","136","65.6","7.0","7.5","6.0","0.0","1.4","24.1","5.1","0.0","1.4","2.8","3.3","0.0","1.4","17.6","8.8","50.8","10.4","0.0","1.4","22.8","7.3","52.1","7.6","25.0","6.1","1798","179","41.1","10.7","58.9","10.7","77.3","8.1","10.2","6.0","12.5","8.7","471","142","64.5","18.1","57.1","17.5","7.4","7.2","35.5","18.1","35.5","18.1","0.0","6.7","45.8","(X)","48.3","(X)","36.1","(X)","74263","13361","63478","20541","71140","66975","-","**","132750","33241","-","**","-","**","-","**","37256","38414","74006","20135","-","**","87917","32373","76563","22757","49861","25072","85380","18824","79572","33394","86060","23343","99491","16126","21892","26710","36494","24352","45139","23940","25435","9566","24250","3889","96417","103028","97828","73646","97828","73646","-","**","(X)","(X)","(X)","(X)","(X)","(X)"
"1400000US36085018901","Census Tract 189.01, Richmond County, New York","2041","60","85.8","5.6","2.8","2.9","1.2","1.9","7.0","3.2","0.0","1.6","3.1","3.8","0.0","1.6","7.9","3.9","78.8","6.3","0.0","1.6","27.3","6.6","36.7","7.5","36.0","6.5","1418","175","40.8","7.6","59.2","7.6","71.8","8.3","20.4","7.8","7.8","3.8","623","170","58.7","15.2","52.8","15.9","5.9","8.8","41.3","15.2","32.9","15.3","8.3","8.3","42.1","(X)","41.7","(X)","43.0","(X)","71528","9542","71263","7264","-","**","-","**","59696","45609","-","**","-","**","-","**","101053","49105","70958","10310","-","**","102903","14013","71484","25591","38090","19751","98245","13875","84485","43995","98803","11224","106639","18332","26862","17637","95391","21525","28086","17628","19118","6389","17313","4674","-","**","51193","11425","51042","23911","51667","84275","(X)","(X)","(X)","(X)","(X)","(X)"
"1400000US36085018902","Census Tract 189.02, Richmond County, New York","1779","66","67.6","6.1","5.1","3.0","0.0","1.8","20.3","4.7","0.0","1.8","6.9","3.8","0.0","1.8","10.7","4.5","63.9","6.2","0.5","0.8","29.6","6.3","44.0","6.5","26.0","4.7","1491","107","39.0","8.5","61.0","8.5","88.5","6.4","8.9","6.0","2.6","2.2","288","88","70.1","14.4","70.1","14.4","0.0","10.7","29.9","14.4","29.9","14.4","0.0","10.7","38.1","(X)","41.7","(X)","15.3","(X)","76414","12367","76283","15672","80568","65706","-","**","80893","34989","-","**","74018","104771","-","**","34783","83698","77632","19500","-","**","44695","24984","101689","11391","51000","24641","90050","23379","89219","40780","90625","24025","100709","17980","34977","1987","100625","42590","30750","17283","27500","14148","27500","14148","-","**","42143","36927","42143","36927","-","**","(X)","(X)","(X)","(X)","(X)","(X)"
"1400000US36085019700","Census Tract 197, Richmond County, New York","704","30","90.3","5.7","0.0","4.5","0.0","4.5","6.5","4.8","0.0","4.5","2.3","2.4","0.9","1.3","5.1","3.6","87.5","6.3","5.3","7.4","28.8","6.1","40.9","6.1","25.0","5.2","468","49","45.7","8.5","54.3","8.5","82.3","7.2","13.0","6.9","4.7","4.3","236","43","56.8","20.3","53.0","20.8","3.8","3.9","43.2","20.3","20.3","13.1","22.9","21.1","36.5","(X)","36.3","(X)","36.9","(X)","100250","13828","105000","13109","-","**","-","**","95455","8212","-","**","-","**","-","**","110357","88892","102727","17622","-","**","127813","22162","108824","18872","53333","34851","118214","14500","133462","41397","106250","18592","122266","22657","110893","1887","58438","73152","66000","36999","36833","15275","36083","13383","-","**","86419","3635","54615","46165","86824","55611","(X)","(X)","(X)","(X)","(X)","(X)"
"1400000US36085019800","Census Tract 198, Richmond County, New York","2132","125","96.2","2.8","0.0","1.5","0.0","1.5","2.2","2.0","0.0","1.5","0.0","1.5","1.6","1.7","4.0","3.9","93.2","4.6","0.6","1.0","31.1","7.4","53.1","6.9","15.2","3.8","1755","174","47.7","7.5","52.3","7.5","82.7","7.6","15.0","7.2","2.3","2.2","377","139","29.4","17.5","24.9","15.8","4.5","7.6","70.6","17.5","52.8","20.3","17.8","13.8","40.8","(X)","41.8","(X)","32.1","(X)","89335","12208","89495","13315","-","**","-","**","189333","195217","-","**","-","**","-","**","78777","136043","89840","13960","-","**","87904","48045","98526","13661","80171","23859","92201","27870","115600","38198","89429","19239","111250","30216","56875","30365","36607","118079","74018","33161","97952","66067","86250","83989","-","**","57440","31722","56518","18713","137537","141003","(X)","(X)","(X)","(X)","(X)","(X)"
"1400000US36085020100","Census Tract 201, Richmond County, New York","1231","88","82.7","6.9","6.1","5.1","0.0","2.6","7.0","4.9","0.0","2.6","2.3","2.4","1.9","1.7","18.4","6.5","68.5","7.7","0.0","2.6","32.3","7.3","48.3","7.6","19.4","4.2","976","111","42.2","9.1","57.8","9.1","85.1","6.6","10.7","5.9","4.2","3.1","255","92","44.7","19.0","42.4","19.2","2.4","4.0","55.3","19.0","41.2","19.0","14.1","16.9","39.5","(X)","38.0","(X)","45.1","(X)","82625","10503","87593","11559","10972","61096","-","**","69545","32247","-","**","-","**","138056","147242","135375","83425","81467","11567","-","**","94892","26034","82266","18133","49632","21403","92665","6133","93061","10650","91964","10689","93729","3527","36048","13750","41830","30502","32679","29701","26250","16129","25313","16240","-","**","50402","42965","25469","60132","-","**","(X)","(X)","(X)","(X)","(X)","(X)"
"1400000US36085020700","Census Tract 207, Richmond County, New York","1590","167","45.8","8.4","35.8","7.4","0.0","2.0","2.1","2.7","0.0","2.0","14.1","6.1","2.1","2.3","48.9","7.6","15.7","5.0","2.1","2.3","33.2","8.3","41.9","8.0","22.8","6.4","1151","171","58.3","9.8","41.7","9.8","48.0","11.0","40.8","11.4","11.1","7.0","439","134","62.6","14.7","58.1","14.1","4.6","4.9","37.4","14.7","29.2","13.9","8.2","9.1","41.1","(X)","42.0","(X)","31.2","(X)","38060","5770","37225","10588","52587","34109","-","**","-","**","-","**","27287","29139","29412","11430","35699","16329","42604","13143","11477","44926","30313","12123","54474","10202","35179","19566","51116","10589","39784","9220","64079","19175","68250","36020","26042","11174","57692","29206","17802","6060","19957","10603","19095","10090","-","**","13438","6765","15250","6193","-","**","(X)","(X)","(X)","(X)","(X)","(X)"
"1400000US36085020801","Census Tract 208.01, Richmond County, New York","3125","111","93.3","3.3","2.6","2.8","0.0","1.0","4.1","1.6","0.0","1.0","0.0","1.0","0.0","1.0","5.7","3.4","88.6","4.2","0.2","0.3","38.3","6.7","46.3","6.8","15.2","5.1","2427","192","48.5","6.5","51.5","6.5","82.7","6.3","14.9","5.9","2.4","1.7","698","183","59.9","14.9","58.3","14.7","1.6","2.6","40.1","14.9","36.7","15.1","3.4","4.0","45.6","(X)","43.6","(X)","49.9","(X)","72155","7822","71941","11292","53750","30746","-","**","74464","59638","-","**","-","**","-","**","51232","44648","72695","10612","-","**","103750","51586","73019","8607","33447","19049","99740","33313","72083","41503","106350","17118","107695","12307","50362","18422","34659","178206","51716","4213","53105","2781","52883","2896","-","**","37885","32505","29500","28398","-","**","(X)","(X)","(X)","(X)","(X)","(X)"
"1400000US36085020803","Census Tract 208.03, Richmond County, New York","2147","132","97.1","2.4","0.6","0.9","0.0","1.5","2.3","2.2","0.0","1.5","0.0","1.5","0.0","1.5","9.5","6.5","88.2","6.9","0.0","1.5","36.6","7.7","50.3","8.1","13.0","5.1","1807","179","48.2","9.2","51.8","9.2","77.3","8.6","12.3","6.5","10.3","7.5","340","174","71.8","22.2","71.8","22.2","0.0","9.1","28.2","22.2","23.5","22.1","4.7","8.2","34.8","(X)","41.3","(X)","0.0","(X)","89800","5467","89557","6246","-","**","-","**","123500","69515","-","**","-","**","-","**","73125","113708","90906","9459","-","**","75585","18906","122755","37330","40938","19008","93657","27573","79099","20067","123472","24826","114732","21449","42868","23096","88822","75436","50240","30619","32679","47925","32679","47925","-","**","51538","49681","51923","85991","-","**","(X)","(X)","(X)","(X)","(X)","(X)"
"1400000US36085020804","Census Tract 208.04, Richmond County, New York","1875","63","92.3","4.2","0.0","1.7","0.0","1.7","6.2","3.8","0.0","1.7","0.0","1.7","1.5","1.6","2.8","2.3","89.5","4.8","0.0","1.7","24.0","5.3","49.7","5.7","26.3","3.8","1615","89","32.0","5.1","68.0","5.1","82.5","5.4","15.4","5.3","2.1","2.8","260","79","55.4","14.8","55.4","14.8","0.0","11.7","44.6","14.8","41.2","14.6","3.5","5.9","47.3","(X)","48.3","(X)","41.2","(X)","93036","19019","93393","17225","-","**","-","**","71250","61421","-","**","-","**","-","**","170707","117016","92000","18043","-","**","98021","22928","106806","42103","60625","22877","105361","16214","99583","70593","105986","15078","110776","37661","56125","38269","-","**","32375","19647","15938","17149","15938","17149","-","**","73571","17788","69464","19297","-","**","(X)","(X)","(X)","(X)","(X)","(X)"
"1400000US36085021300","Census Tract 213, Richmond County, New York","1637","128","62.6","9.4","15.7","6.9","0.0","2.0","7.1","4.0","0.0","2.0","10.7","6.5","4.0","4.1","32.7","8.9","41.4","9.5","0.0","2.0","39.1","9.3","44.5","8.7","16.4","4.6","1082","182","60.5","10.3","39.5","10.3","59.9","12.3","24.7","11.7","15.4","11.0","555","154","40.9","16.5","34.2","13.9","6.7","6.3","59.1","16.5","42.7","16.7","16.4","10.1","45.6","(X)","51.3","(X)","32.6","(X)","52607","14926","54615","23711","58365","76554","-","**","52132","29112","-","**","25709","23942","168242","126037","57961","23679","44018","25883","-","**","32143","54925","67946","10970","19265","4830","60652","12157","58418","13449","86250","28159","71927","21362","42788","39141","59260","61158","23438","12789","25707","10904","22500","9109","152596","178227","21100","31271","11023","35187","34659","35983","(X)","(X)","(X)","(X)","(X)","(X)"
"1400000US36085022300","Census Tract 223, Richmond County, New York","762","97","49.9","9.7","32.5","9.9","0.0","4.2","2.2","2.2","0.0","4.2","10.4","8.8","5.0","3.9","35.2","9.1","28.9","8.8","3.8","3.8","43.3","10.8","37.7","8.8","15.2","5.1","663","101","65.6","9.4","34.4","9.4","37.1","9.5","52.2","10.3","10.7","8.7","99","41","66.7","20.6","62.6","21.1","4.0","8.4","33.3","20.6","27.3","19.0","6.1","9.8","52.0","(X)","55.2","(X)","30.3","(X)","71250","21827","67045","14920","108690","75297","-","**","87188","38654","-","**","14909","53805","99500","103103","66094","37058","61250","38817","11375","33441","80000","43280","89390","15643","36548","15711","76034","19825","67109","38762","98750","27467","85625","22887","66094","43587","75352","67460","47917","20001","43750","25781","48056","26571","-","**","50313","19699","46250","31374","-","**","(X)","(X)","(X)","(X)","(X)","(X)"
"1400000US36085022600","Census Tract 226, Richmond County, New York","2644","148","90.7","5.0","2.7","3.7","0.0","1.2","3.3","2.1","0.0","1.2","2.5","3.2","0.8","1.1","11.3","5.5","82.5","5.7","1.6","2.6","39.3","6.5","44.6","6.1","14.5","3.8","2015","189","56.7","7.4","43.3","7.4","83.4","7.1","12.7","5.5","3.9","4.7","629","160","53.9","16.8","53.9","16.8","0.0","5.0","46.1","16.8","43.9","17.0","2.2","3.7","44.0","(X)","47.5","(X)","31.3","(X)","85352","6345","86158","6751","-","**","-","**","114615","339055","-","**","-","**","-","**","71094","51161","86208","6671","-","**","85256","18079","101536","16374","26056","4484","91691","15782","86869","16378","98571","29028","98689","14182","51250","50485","-","**","58015","23991","25694","12983","25694","12983","-","**","86042","33068","85677","34895","-","**","(X)","(X)","(X)","(X)","(X)","(X)"
"1400000US36085022800","Census Tract 228, Richmond County, New York","72","82","100.0","34.4","0.0","34.4","0.0","34.4","0.0","34.4","0.0","34.4","0.0","34.4","0.0","34.4","72.2","45.9","27.8","45.9","20.8","41.2","6.9","15.4","72.2","45.9","0.0","34.4","72","82","79.2","41.2","20.8","41.2","100.0","34.4","0.0","34.4","0.0","34.4","0","12","-","**","-","**","-","**","-","**","-","**","-","**","93.1","(X)","93.1","(X)","-","(X)","250,000+","***","250,000+","***","-","**","-","**","-","**","-","**","-","**","-","**","-","**","-","**","-","**","-","**","-","**","-","**","250,000+","***","-","**","-","**","250,000+","***","-","**","-","**","-","**","-","**","-","**","-","**","-","**","-","**","-","**","(X)","(X)","(X)","(X)","(X)","(X)"
"1400000US36085023100","Census Tract 231, Richmond County, New York","1316","116","50.4","8.6","30.9","7.2","0.0","2.4","11.9","4.1","0.0","2.4","6.8","4.4","0.0","2.4","30.1","8.0","28.2","7.0","5.5","5.1","38.2","7.9","41.0","8.7","15.3","4.4","1017","118","48.0","9.5","52.0","9.5","71.7","8.8","20.4","8.4","8.0","4.7","299","89","72.6","18.0","70.9","17.7","1.7","3.1","27.4","18.0","27.4","18.0","0.0","10.3","55.4","(X)","51.8","(X)","59.5","(X)","61827","9081","48472","32169","81678","21380","-","**","48854","20820","-","**","59219","42601","-","**","62250","16610","30583","22027","29397","66965","71172","15904","61938","22086","29028","14669","75203","12384","68450","13261","78750","15108","77006","10478","58281","38874","68606","67722","17471","12089","21359","17382","21087","15780","-","**","15952","21595","15952","21595","-","**","(X)","(X)","(X)","(X)","(X)","(X)"
"1400000US36085023900","Census Tract 239, Richmond County, New York","1000","112","52.8","9.7","16.8","5.8","0.0","3.2","4.6","1.5","0.0","3.2","22.5","8.8","3.3","3.2","51.5","8.2","24.9","7.6","2.6","3.9","44.7","10.0","42.3","8.6","10.4","6.2","754","146","56.6","11.8","43.4","11.8","54.5","12.8","33.2","12.0","12.3","9.6","246","94","43.9","19.4","43.9","19.4","0.0","12.4","56.1","19.4","23.2","15.0","32.9","18.1","59.2","(X)","60.2","(X)","56.1","(X)","54886","12424","37109","18651","108456","28334","-","**","98750","71884","-","**","54290","48436","51477","66325","36836","22158","61146","15173","-","**","36367","18160","114129","32200","33500","26533","71705","27566","53153","16793","105729","38001","84495","26331","37266","39569","24007","97858","33085","6118","33750","39509","33750","39509","-","**","32949","6018","50469","58369","32853","6106","(X)","(X)","(X)","(X)","(X)","(X)"
"1400000US36085024401","Census Tract 244.01, Richmond County, New York","2000","97","98.0","2.0","0.0","1.6","0.0","1.6","1.4","1.7","0.0","1.6","0.0","1.6","0.6","1.0","6.7","4.9","91.9","5.1","0.0","1.6","33.5","6.9","45.5","8.3","21.0","6.7","1681","138","48.9","7.6","51.1","7.6","87.4","6.6","10.0","5.4","2.6","4.2","319","136","46.1","24.1","40.8","22.4","5.3","8.3","53.9","24.1","44.8","25.7","9.1","10.6","41.6","(X)","39.0","(X)","54.9","(X)","94038","16805","94359","16789","-","**","-","**","-","**","-","**","-","**","-","**","23333","116811","96019","17891","-","**","109527","40151","96731","21197","24853","57567","107473","12817","110192","35295","102634","25128","114102","24040","39559","37138","-","**","23260","12937","22868","5221","22308","7949","-","**","35526","48020","12242","47381","-","**","(X)","(X)","(X)","(X)","(X)","(X)"
"1400000US36085024402","Census Tract 244.02, Richmond County, New York","1428","113","92.5","4.9","0.0","2.2","0.0","2.2","5.0","3.7","0.0","2.2","0.0","2.2","2.5","3.5","8.3","5.9","84.2","7.8","0.0","2.2","34.5","4.6","45.0","5.0","20.5","4.1","1109","119","50.4","8.4","49.6","8.4","79.0","9.8","14.5","8.0","6.5","4.9","319","103","62.4","19.0","47.3","18.3","15.0","15.3","37.6","19.0","37.6","19.0","0.0","9.7","43.6","(X)","47.2","(X)","31.0","(X)","79500","15163","80331","20024","-","**","-","**","232946","290854","-","**","-","**","-","**","109188","59049","70417","22958","-","**","109484","18801","79000","18326","40114","25646","87201","38735","112038","34825","76250","11434","110692","14581","52522","11896","85750","67383","50521","25280","50243","37676","28750","42323","200431","174776","58269","39887","58269","39887","-","**","(X)","(X)","(X)","(X)","(X)","(X)"
"1400000US36085024700","Census Tract 247, Richmond County, New York","943","55","57.7","8.4","29.9","7.8","0.0","3.4","4.0","2.8","0.0","3.4","4.2","4.3","4.1","3.0","14.2","5.0","48.7","8.2","2.4","2.7","38.8","7.9","44.1","6.9","14.6","4.7","713","80","43.3","10.4","56.7","10.4","73.1","9.7","24.5","10.0","2.4","2.3","230","70","55.7","19.1","53.0","19.2","2.6","3.7","44.3","19.1","40.0","18.4","4.3","6.4","43.7","(X)","43.3","(X)","42.2","(X)","65694","17666","72315","12927","54722","14156","-","**","186250","65280","-","**","39773","30341","168250","149558","39773","32527","75313","27755","-","**","82609","29980","66250","20892","35417","25820","72644","17272","63125","31601","74500","27386","91736","28988","53102","30635","27969","39990","43696","24717","36944","23461","36111","25715","-","**","75625","71480","76667","108369","-","**","(X)","(X)","(X)","(X)","(X)","(X)"
"1400000US36085024800","Census Tract 248, Richmond County, New York","1634","87","97.4","2.7","0.2","0.4","0.0","2.0","0.0","2.0","0.0","2.0","1.4","2.3","1.0","1.1","6.8","3.9","92.5","4.0","1.7","1.6","36.3","6.2","43.6","5.8","18.4","4.3","1322","121","57.3","6.9","42.7","6.9","81.8","6.3","11.1","4.9","7.0","4.5","312","93","59.9","15.3","56.1","15.8","3.8","4.3","40.1","15.3","29.2","15.5","10.9","9.9","52.9","(X)","51.1","(X)","57.4","(X)","81346","12344","82594","10640","-","**","-","**","-","**","-","**","-","**","-","**","84896","85555","80000","14593","26250","30360","94432","61575","85938","14011","60417","21843","87656","18099","107872","39078","85598","10613","102500","26392","55043","24791","37361","128520","26250","15465","15809","7669","15662","7421","-","**","39792","9491","38681","14325","138676","114259","(X)","(X)","(X)","(X)","(X)","(X)"
"1400000US36085025100","Census Tract 251, Richmond County, New York","2054","111","92.8","5.7","0.0","1.6","0.0","1.6","3.7","3.1","0.0","1.6","3.5","4.8","0.0","1.6","7.4","6.2","88.9","6.6","0.0","1.6","35.3","8.6","35.2","6.3","29.6","7.3","1488","179","38.8","8.2","61.2","8.2","81.3","7.9","15.7","7.6","3.0","2.9","566","166","71.4","17.2","62.0","19.0","9.4","12.9","28.6","17.2","16.8","12.4","11.8","13.8","33.4","(X)","36.4","(X)","25.4","(X)","89107","9704","83607","10444","-","**","-","**","143583","96347","-","**","-","**","-","**","76635","188787","87100","11611","-","**","89612","27460","108810","20456","54280","16104","104712","10659","92159","22218","109613","14624","116346","18880","22689","19525","81313","27964","47905","23128","25294","33373","21425","12635","-","**","74461","8633","78355","30427","-","**","(X)","(X)","(X)","(X)","(X)","(X)"
"1400000US36085027301","Census Tract 273.01, Richmond County, New York","1460","68","85.1","4.2","2.1","2.6","0.0","2.2","11.4","3.2","0.0","2.2","0.0","2.2","1.3","1.4","4.3","3.0","81.4","5.0","1.0","1.5","34.6","6.6","45.1","7.4","19.3","5.8","959","113","47.9","9.2","52.1","9.2","71.0","10.8","22.7","9.8","6.3","5.0","501","116","59.5","17.2","53.3","15.5","6.2","6.8","40.5","17.2","27.7","14.9","12.8","12.5","41.2","(X)","41.8","(X)","39.9","(X)","75795","15346","77614","19764","-","**","-","**","62386","58775","-","**","-","**","-","**","92159","26350","75966","19489","-","**","96719","44201","81326","17618","29063","29252","91728","16990","95156","69703","91442","13084","97212","30603","92692","67756","43553","14667","51406","27153","39375","49457","28516","37762","-","**","52031","29165","39250","23581","105608","58351","(X)","(X)","(X)","(X)","(X)","(X)"
"1400000US36085027302","Census Tract 273.02, Richmond County, New York","1286","55","73.7","7.1","5.6","5.2","0.0","2.5","16.3","6.3","0.0","2.5","3.6","3.6","0.8","1.3","1.3","1.5","73.7","7.1","1.6","2.4","33.4","7.0","40.0","7.6","25.0","5.6","1114","90","40.5","7.9","59.5","7.9","91.4","4.9","7.7","4.7","0.9","1.4","172","83","51.7","22.5","51.7","22.5","0.0","17.1","48.3","22.5","48.3","22.5","0.0","17.1","48.7","(X)","47.3","(X)","57.6","(X)","99410","11439","103281","19006","90278","74613","-","**","99917","70917","-","**","81207","14386","-","**","-","**","103281","19006","-","**","97122","23535","143500","56780","70556","45856","106111","20386","105875","18031","106406","47076","115763","21093","51875","76514","-","**","55294","25026","36250","26631","36250","26631","-","**","76250","52368","76250","52368","-","**","(X)","(X)","(X)","(X)","(X)","(X)"
"1400000US36085027702","Census Tract 277.02, Richmond County, New York","2790","119","84.2","4.0","4.1","3.1","0.0","1.2","10.3","3.5","0.0","1.2","0.9","1.1","0.5","1.0","9.9","3.4","76.0","4.9","2.9","2.9","24.6","5.7","43.3","6.1","29.3","4.2","1603","210","38.1","7.7","61.9","7.7","62.3","10.2","28.3","9.7","9.4","6.1","1187","198","71.3","8.2","60.8","12.0","10.4","9.2","28.7","8.2","24.9","7.6","3.8","3.9","49.6","(X)","57.4","(X)","39.2","(X)","60776","16320","60991","15954","49167","115508","-","**","68696","44065","-","**","-","**","-","**","71399","19897","57000","17500","70089","77384","80184","27696","80479","16765","38075","11624","80580","14378","83000","35292","71709","18180","83125","29075","48661","18764","72270","41495","39242","6641","35446","9642","37500","7319","28258","81371","66125","37624","57778","37092","81359","49630","(X)","(X)","(X)","(X)","(X)","(X)"
"1400000US36085027704","Census Tract 277.04, Richmond County, New York","1379","110","82.7","6.1","0.0","2.3","0.0","2.3","16.6","6.0","0.0","2.3","0.0","2.3","0.7","1.1","8.0","5.8","75.3","6.0","0.0","2.3","33.8","9.6","50.9","10.3","15.3","5.6","1230","138","40.7","10.6","59.3","10.6","87.5","5.0","11.7","5.1","0.8","1.0","149","87","56.4","29.0","56.4","29.0","0.0","19.5","43.6","29.0","43.6","29.0","0.0","19.5","54.7","(X)","55.9","(X)","39.6","(X)","97255","12197","97120","13086","-","**","-","**","100481","49189","-","**","-","**","-","**","98393","19135","95897","21807","-","**","99226","13457","95543","40534","63625","11989","98870","3073","98943","7056","98563","26746","99651","3687","55952","21251","-","**","41458","37942","41250","52653","41250","52653","-","**","45104","45162","45104","45162","-","**","(X)","(X)","(X)","(X)","(X)","(X)"
"1400000US36085027705","Census Tract 277.05, Richmond County, New York","1822","126","74.2","6.2","1.2","1.9","0.0","1.8","21.6","5.4","0.0","1.8","3.0","3.6","0.0","1.8","9.7","6.8","67.1","7.3","1.2","1.3","22.3","5.4","58.7","6.9","17.8","5.4","1501","168","40.8","8.8","59.2","8.8","79.1","7.7","9.1","4.4","11.8","7.2","321","114","54.8","23.4","54.8","23.4","0.0","9.6","45.2","23.4","37.7","23.4","7.5","8.0","55.9","(X)","54.8","(X)","61.1","(X)","76700","22657","83500","21142","-","**","-","**","74695","88576","-","**","16068","639","-","**","67739","21885","87824","14631","-","**","76425","23845","85132","50964","77500","57446","92188","26854","73872","8074","121528","22644","112540","23134","75446","24477","68952","27507","25383","15951","15405","2894","15405","2894","-","**","27168","63151","27423","93637","21364","20377","(X)","(X)","(X)","(X)","(X)","(X)"
"1400000US36085027706","Census Tract 277.06, Richmond County, New York","1103","77","72.2","9.8","1.7","2.2","0.0","2.9","18.9","8.4","0.0","2.9","6.0","5.7","1.3","1.9","13.2","7.6","64.9","10.2","0.6","1.2","27.9","11.1","58.7","10.2","12.8","6.0","819","99","38.2","11.1","61.8","11.1","90.2","6.3","8.7","6.2","1.1","1.9","284","94","63.0","17.9","60.2","17.4","2.8","4.3","37.0","17.9","15.5","16.7","21.5","18.8","44.2","(X)","45.9","(X)","39.1","(X)","64890","13997","77500","18965","-","**","-","**","58571","20295","-","**","-","**","-","**","80946","60869","76413","21200","-","**","58784","36393","76467","16550","17188","9413","67305","18949","52083","33129","78462","23368","71875","17964","50139","74008","-","**","34667","35650","21563","27088","20729","21752","-","**","75694","83377","22037","32950","81047","42616","(X)","(X)","(X)","(X)","(X)","(X)"
"1400000US36085027900","Census Tract 279, Richmond County, New York","672","42","93.9","4.6","0.0","4.7","0.9","1.7","3.6","3.9","0.0","4.7","0.0","4.7","1.6","1.7","0.0","4.7","93.9","4.6","0.7","1.1","16.2","8.6","60.6","10.1","22.5","8.1","493","64","60.2","12.2","39.8","12.2","85.8","8.7","13.4","8.5","0.8","1.3","179","61","59.2","18.9","59.2","18.9","0.0","16.5","40.8","18.9","38.5","19.0","2.2","3.9","45.8","(X)","46.5","(X)","41.3","(X)","104659","36144","110446","37633","-","**","-","**","-","**","-","**","-","**","-","**","-","**","110446","37633","-","**","104125","68933","170250","91904","48958","35880","151354","68202","185750","129460","150417","78489","185583","43186","42857","18985","-","**","33438","43921","57857","40704","57857","40704","-","**","30250","41432","22266","51657","-","**","(X)","(X)","(X)","(X)","(X)","(X)"
"1400000US36085029102","Census Tract 291.02, Richmond County, New York","853","83","77.5","8.4","12.9","8.4","0.0","3.7","3.5","2.5","0.0","3.7","3.2","3.5","2.9","2.9","16.4","8.4","69.8","9.0","1.3","2.2","42.7","6.1","37.7","7.4","18.3","4.6","649","109","44.5","10.2","55.5","10.2","85.1","6.2","8.2","4.5","6.8","5.0","204","80","71.6","18.2","68.6","18.2","2.9","4.8","28.4","18.2","28.4","18.2","0.0","14.7","42.9","(X)","41.9","(X)","46.1","(X)","78809","6221","85938","15788","53516","39447","-","**","26818","50668","-","**","-","**","-","**","95153","27606","79810","13314","-","**","87750","19695","76842","38217","37955","10603","86979","14856","80966","17118","93333","13353","95231","11781","46875","19326","55500","54777","52500","31224","24167","36858","30500","33116","-","**","71250","39227","71250","39227","-","**","(X)","(X)","(X)","(X)","(X)","(X)"
"1400000US36085029103","Census Tract 291.03, Richmond County, New York","2634","128","92.7","3.0","1.2","1.9","0.0","1.2","6.1","2.5","0.0","1.2","0.0","1.2","0.0","1.2","7.6","3.3","85.1","4.3","0.0","1.2","29.0","6.0","43.7","5.9","27.3","6.0","2108","172","41.4","6.3","58.6","6.3","82.4","6.8","10.3","5.0","7.4","4.5","526","155","76.8","15.5","65.2","18.8","11.6","12.2","23.2","15.5","21.1","15.3","2.1","3.7","47.1","(X)","47.3","(X)","46.4","(X)","76500","8002","76053","6958","-","**","-","**","145217","47592","-","**","-","**","-","**","86643","28463","75447","5800","-","**","98266","13511","77619","21395","54545","12014","90556","11772","97641","12427","80708","13398","95208","8716","65125","18401","75327","41260","33409","15836","27750","22690","23156","5332","69679","49348","41016","16528","41445","21118","-","**","(X)","(X)","(X)","(X)","(X)","(X)"
"1400000US36085029104","Census Tract 291.04, Richmond County, New York","2292","131","85.6","4.9","5.2","3.9","0.0","1.4","8.7","2.9","0.0","1.4","0.5","0.9","0.0","1.4","10.0","5.1","75.5","6.9","0.4","0.7","31.2","6.9","47.2","7.3","21.1","5.5","1811","195","43.2","7.9","56.8","7.9","75.0","8.5","19.4","7.3","5.6","5.7","481","170","81.7","11.6","78.6","12.8","3.1","5.1","18.3","11.6","18.3","11.6","0.0","6.5","46.7","(X)","48.0","(X)","36.0","(X)","73475","13883","76685","17130","14464","84581","-","**","54620","21685","-","**","-","**","-","**","90729","63259","74470","17111","-","**","84444","44315","88382","21056","34773","56644","90810","10298","108363","32242","80688","12807","97791","12393","59669","31628","26375","23413","28405","14762","27457","13800","26810","11708","-","**","47500","39474","47500","39474","-","**","(X)","(X)","(X)","(X)","(X)","(X)"
"1400000US36085030301","Census Tract 303.01, Richmond County, New York","1819","71","65.1","7.2","15.2","5.3","0.0","1.8","9.5","2.5","0.0","1.8","8.9","5.6","1.2","1.3","21.9","6.9","52.1","7.4","2.3","2.8","42.2","7.2","40.9","7.2","14.6","4.6","1349","141","54.9","6.9","45.1","6.9","73.8","7.7","19.3","6.5","6.9","4.9","470","129","72.6","14.6","60.9","17.0","11.7","9.9","27.4","14.6","25.3","14.5","2.1","3.5","42.6","(X)","40.7","(X)","48.1","(X)","65313","10002","72560","12407","55130","14232","-","**","93281","66222","-","**","35662","9049","-","**","55893","29781","69167","9708","-","**","64375","29720","78571","21283","43594","20773","67928","11209","64875","16890","82109","35583","69474","11742","78906","42351","52563","36139","41038","13861","42656","32513","44688","33101","24293","172629","32344","27903","30781","23373","-","**","(X)","(X)","(X)","(X)","(X)","(X)"
"1400000US36085030302","Census Tract 303.02, Richmond County, New York","1945","93","54.9","5.4","23.3","4.9","0.7","1.1","9.6","3.0","0.0","1.7","9.1","5.7","2.4","2.0","39.7","6.9","29.2","5.9","2.3","2.8","35.2","7.7","47.8","7.7","14.7","4.5","1618","135","48.7","8.2","51.3","8.2","69.6","6.7","25.5","6.3","4.9","2.7","327","96","57.8","17.4","47.4","17.1","10.4","7.3","42.2","17.4","35.8","17.0","6.4","10.7","51.9","(X)","56.0","(X)","26.9","(X)","76058","16336","66625","20487","89760","29954","-","**","101667","102767","-","**","34205","95070","103875","62760","59808","26760","77639","19663","-","**","62375","38229","85938","17742","36369","30446","80500","17901","75595","27773","86389","17987","99167","18114","53000","21395","66250","28929","36806","15419","53472","22986","36726","31001","89038","24575","35104","10009","33681","12810","-","**","(X)","(X)","(X)","(X)","(X)","(X)"
"1400000US36085031901","Census Tract 319.01, Richmond County, New York","1094","97","20.9","9.1","57.5","10.6","0.0","2.9","2.2","2.0","0.0","2.9","14.0","7.6","5.4","5.9","27.7","9.7","8.1","6.1","2.5","3.0","45.3","11.6","27.2","9.6","25.0","10.1","883","128","67.7","9.3","32.3","9.3","28.4","10.0","64.4","10.6","7.1","5.7","211","99","88.2","13.4","88.2","13.4","0.0","14.2","11.8","13.4","11.8","13.4","0.0","14.2","53.9","(X)","55.0","(X)","49.3","(X)","27386","6085","24125","17942","26627","9661","-","**","58611","31168","-","**","29650","17525","83109","82570","16779","19966","27321","14821","-","**","27159","19427","34500","12947","24271","5348","31948","7835","30756","15695","35050","8650","43021","17794","27550","17519","27604","65703","23606","10947","17411","14739","17411","14739","-","**","-","**","-","**","-","**","(X)","(X)","(X)","(X)","(X)","(X)"
"1400000US36085031902","Census Tract 319.02, Richmond County, New York","1549","138","29.4","6.8","66.0","7.0","0.4","0.7","0.6","0.9","0.0","2.1","2.6","2.4","1.0","1.7","21.9","7.0","15.7","5.6","1.2","1.4","46.4","7.8","43.7","8.0","8.8","4.2","1096","165","65.1","8.1","34.9","8.1","40.5","11.4","43.7","10.3","15.8","8.6","453","135","75.5","14.1","63.8","17.2","11.7","11.5","24.5","14.1","16.8","11.2","7.7","11.5","59.6","(X)","54.5","(X)","62.5","(X)","35375","9502","21556","21003","37955","10498","-","**","-","**","-","**","53375","117442","-","**","9410","28161","35670","30999","-","**","28438","23739","37482","29815","20625","21216","46176","17955","29459","12044","69455","32645","122616","55431","30219","16065","22011","23090","20609","11187","14500","16450","11464","7114","37366","139745","21278","13058","21389","41465","-","**","(X)","(X)","(X)","(X)","(X)","(X)"
"1400000US36085032300","Census Tract 323, Richmond County, New York","486","48","48.6","11.6","25.7","12.7","0.0","6.5","1.6","3.3","0.0","6.5","23.3","14.3","0.8","1.6","42.2","15.7","31.1","10.6","14.4","14.8","19.5","11.7","54.1","7.9","11.9","5.5","359","59","40.9","9.5","59.1","9.5","61.0","15.8","32.0","14.2","7.0","6.2","127","52","62.2","26.8","54.3","26.9","7.9","13.8","37.8","26.8","37.8","26.8","0.0","22.3","29.2","(X)","39.6","(X)","0.0","(X)","43682","14271","43281","16243","53365","29475","-","**","-","**","-","**","24518","163888","-","**","25197","32505","44688","17943","-","**","75792","26747","44750","14345","30714","15590","43633","42119","24018","53442","70357","34370","43320","37998","66146","60760","-","**","34875","25289","22321","32511","20536","41013","-","**","49773","26433","49773","26433","-","**","(X)","(X)","(X)","(X)","(X)","(X)"
"1400000US36085990100","Census Tract 9901, Richmond County, New York","0","12","-","**","-","**","-","**","-","**","-","**","-","**","-","**","-","**","-","**","-","**","-","**","-","**","-","**","0","12","-","**","-","**","-","**","-","**","-","**","0","12","-","**","-","**","-","**","-","**","-","**","-","**","-","(X)","-","(X)","-","(X)","-","**","-","**","-","**","-","**","-","**","-","**","-","**","-","**","-","**","-","**","-","**","-","**","-","**","-","**","-","**","-","**","-","**","-","**","-","**","-","**","-","**","-","**","-","**","-","**","-","**","-","**","-","**","(X)","(X)","(X)","(X)","(X)","(X)"
